1403715530.012143 -0.0031199 -0.0007651 -0.0027812 0.0001495 -0.0000049 -0.0007391 0.9999997
1403715530.362143 -0.0435479 -0.0685076 0.0065891 0.0002380 0.0050892 -0.0179542 0.9998258
1403715531.362143 -0.2659724 -0.2831075 0.0149464 -0.0304354 -0.0922125 0.0059459 0.9952564
1403715531.912143 -0.3508290 -0.3368818 0.1021499 0.0133907 -0.0876614 -0.0091824 0.9960180
1403715532.112143 -0.3688174 -0.3492694 0.1339368 0.0245665 -0.0813838 -0.0175640 0.9962252
1403715532.212143 -0.3791738 -0.3523987 0.1459685 0.0269434 -0.0801088 -0.0178639 0.9962618
1403715534.112143 0.0727802 -0.3356739 0.0518364 -0.0052556 0.0390190 0.0634684 0.9972069
1403715534.512143 0.3268317 -0.2951980 -0.0027804 -0.0096070 0.0569292 0.0302695 0.9978730
1403715535.012143 0.6206850 -0.2061592 -0.0291844 -0.0425109 0.1692895 0.0683988 0.9822705
1403715535.912143 1.1219361 -0.1330032 0.1061019 -0.0239222 0.1938962 0.0803158 0.9774361
1403715536.412143 1.3911642 -0.1299382 0.2477080 -0.0534648 0.1366405 0.0228593 0.9889127
1403715537.812143 1.3806454 -0.3044071 0.5547878 0.0367633 0.1067061 0.0669583 0.9913520
1403715537.962143 1.3293689 -0.3133010 0.5277808 0.0477774 0.1094677 0.0653604 0.9906877
1403715538.112143 1.2781006 -0.3186052 0.4924963 0.0311037 0.1093462 0.0764025 0.9905749
1403715538.562143 1.1589807 -0.2783029 0.3715001 0.0483111 0.1892073 0.0804897 0.9774395
1403715540.662143 0.7953257 0.0449625 -0.4310812 -0.0823089 0.4995532 0.2385156 0.8287232
1403715541.012143 0.9039806 0.0529759 -0.5397474 -0.0515762 0.5079100 0.2486444 0.8231302
1403715542.262143 1.5852580 0.1137142 -0.7782340 -0.0426560 0.5124850 0.1085784 0.8507352
1403715542.612143 1.7232169 0.0801041 -0.7359327 0.0341823 0.4269395 0.1186459 0.8958110
1403715543.812143 1.8614304 0.1223947 -0.6792529 0.0398788 0.4190762 0.1034348 0.9011582
1403715543.962143 1.8475037 0.1421326 -0.6918876 0.0259008 0.4533057 0.0920371 0.8862123
1403715544.662143 1.6417542 0.3047879 -0.7037837 -0.0007965 0.6545910 0.2385378 0.7173631
1403715544.962143 1.5164243 0.3176186 -0.7175292 0.0046123 0.6799505 0.2287600 0.6966454
1403715545.612143 1.2027445 0.2974139 -0.7398067 0.0147708 0.7103045 0.2905964 0.6409392
1403715545.762143 1.1296932 0.2944700 -0.7508448 0.0212802 0.7087020 0.2969304 0.6396257
1403715545.912143 1.0554754 0.2947512 -0.7682929 0.0107674 0.7018852 0.2857925 0.6523526
1403715546.062143 0.9805930 0.2961901 -0.7888833 -0.0052071 0.6834476 0.2618877 0.6813861
1403715546.512143 0.7555331 0.2926229 -0.8584465 -0.0123884 0.5364224 0.2069857 0.8180797
1403715546.712143 0.6588429 0.2857349 -0.8897942 -0.0267350 0.4531179 0.1789194 0.8729016
1403715546.912143 0.5648959 0.2806858 -0.9167289 -0.0566453 0.3612266 0.1638706 0.9162167
1403715547.112143 0.4872936 0.2752096 -0.9348323 -0.0682703 0.2819659 0.1170188 0.9498110
1403715547.312143 0.4197025 0.2635568 -0.9355809 -0.0688015 0.2038869 0.0725452 0.9738756
1403715547.512143 0.3530500 0.2454289 -0.9182569 -0.0796679 0.1335055 0.0460689 0.9867659
1403715547.712143 0.2866414 0.2222539 -0.8778380 -0.0870373 0.0614795 0.0139960 0.9942077
1403715547.912143 0.2228393 0.1934783 -0.8131819 -0.0813726 -0.0104427 -0.0170985 0.9964824
1403715548.112143 0.1552890 0.1549958 -0.7284461 -0.0395274 -0.0606970 -0.0302093 0.9969156
1403715548.262143 0.1018000 0.1241439 -0.6537641 -0.0117228 -0.0732533 -0.0402407 0.9964322
1403715548.412143 0.0437254 0.0981837 -0.5790281 -0.0017264 -0.0738041 -0.0448099 0.9962640
1403715548.562143 -0.0166448 0.0827828 -0.5018438 -0.0032449 -0.0715860 -0.0380202 0.9967043
1403715548.762143 -0.0999838 0.0595467 -0.4013123 -0.0058081 -0.0668136 -0.0242290 0.9974543
1403715548.912143 -0.1639050 0.0448415 -0.3280428 -0.0051808 -0.0614519 -0.0177076 0.9979395
1403715549.062143 -0.2300291 0.0300436 -0.2555716 -0.0002632 -0.0667702 -0.0180424 0.9976052
1403715549.362143 -0.3620284 -0.0062667 -0.1236653 0.0392462 -0.0949843 -0.0177046 0.9945472
1403715549.512143 -0.4206809 -0.0204957 -0.0681981 0.0322085 -0.1120156 0.0006553 0.9931841
1403715549.662143 -0.4720805 -0.0287821 -0.0188362 0.0087368 -0.1202717 0.0176740 0.9925452
1403715550.412143 -0.5060443 -0.1191239 0.2043646 -0.0138247 0.0906487 0.1082499 0.9898857
1403715550.612143 -0.4514219 -0.1645290 0.2518012 -0.0114815 0.1707006 0.1171699 0.9782642
1403715550.762143 -0.4040276 -0.1876621 0.2904648 -0.0071835 0.2228085 0.1480860 0.9635223
1403715550.962143 -0.3308362 -0.1992484 0.3401077 0.0004025 0.2852604 0.1977816 0.9378213
1403715551.212143 -0.2104835 -0.2076368 0.3803110 0.0039689 0.3730541 0.2192066 0.9015339
1403715551.462143 -0.0605957 -0.2261135 0.3855697 0.0208157 0.4529511 0.2591715 0.8527791
1403715551.762143 0.1373833 -0.2360115 0.3505991 0.0329286 0.5669745 0.2493554 0.7843963
1403715552.212143 0.3938497 -0.2166651 0.2171121 0.0411831 0.7075725 0.2344198 0.6653515
1403715552.462143 0.4821342 -0.1986817 0.1338290 0.0375125 0.7782181 0.2269620 0.5843438
1403715552.662143 0.5186955 -0.1845268 0.0712661 0.0502992 0.8274950 0.2390749 0.5055346
1403715552.812143 0.5251874 -0.1763095 0.0311698 0.0585054 0.8591980 0.2596349 0.4369732
1403715553.112143 0.4823878 -0.1523997 -0.0421990 0.0799073 0.8989530 0.3151446 0.2935681
1403715554.112143 -0.0756598 -0.0778538 -0.1083964 -0.0245355 0.9280714 0.3715860 -0.0023199
1403715554.512143 -0.3079400 -0.0474486 -0.1005092 -0.1365509 0.9126788 0.3842929 0.0262711
1403715554.612143 -0.3541126 -0.0285961 -0.1091881 -0.2093715 0.9152199 0.3414734 0.0439549
1403715554.712143 -0.3838305 -0.0046629 -0.1171161 -0.2593957 0.9135531 0.3084630 0.0546365
1403715554.912143 -0.3713943 0.0344507 -0.1217544 -0.2849200 0.9194214 0.2641172 0.0610488
1403715555.862143 0.2616376 -0.0875130 -0.0023808 0.0538058 0.9327612 0.3537112 0.0441580
1403715556.962143 0.1854607 -0.2132683 -0.0642473 -0.0454942 0.9295429 0.3567074 0.0814865
1403715557.112143 0.1495893 -0.2000914 -0.0804053 -0.0389532 0.9210411 0.3787581 0.0819038
1403715557.312143 0.1088730 -0.1795550 -0.1146959 -0.0239223 0.9076490 0.4115562 0.0788824
1403715557.662143 0.0523266 -0.1201526 -0.2287499 -0.0389729 0.9260783 0.3683285 0.0720712
1403715558.262143 -0.0019463 -0.0550934 -0.5041540 -0.0405451 0.9310260 0.3597196 0.0463510
1403715558.562143 -0.0079923 -0.0320255 -0.6556150 -0.0446077 0.9484943 0.3102154 0.0462076
1403715558.662143 -0.0082040 -0.0179546 -0.7003053 -0.0344992 0.9536677 0.2951652 0.0469602
1403715559.362143 0.0379968 0.0492796 -0.8675362 -0.0637235 0.9417607 0.2776538 0.1787023
1403715560.112143 0.1817504 0.1196105 -0.8094467 -0.0813922 0.8873333 0.3157005 0.3261105
1403715560.262143 0.2319577 0.1216277 -0.7885972 -0.0668040 0.8730485 0.3193713 0.3623886
1403715561.062143 0.5686504 0.0854391 -0.6792279 -0.0569628 0.7755694 0.2832381 0.5612696
1403715561.662143 0.8692122 0.0511275 -0.5826344 -0.0227904 0.6900581 0.2591128 0.6753970
1403715561.912143 0.9896240 0.0395418 -0.5492726 -0.0126389 0.6605929 0.2142162 0.7194225
1403715563.812143 1.1159906 -0.1878909 0.0580642 0.0352108 0.2890049 0.0514565 0.9552950
1403715565.012143 0.7588270 -0.1734095 0.1667432 0.0260002 -0.2646538 -0.1093981 0.9577653
1403715565.562143 0.6132753 -0.2563751 0.0630870 0.0535865 -0.4867474 -0.1438479 0.8599495
1403715565.712143 0.5884523 -0.2612876 0.0316727 0.0572573 -0.5465510 -0.1590883 0.8201796
1403715565.862143 0.5746591 -0.2682064 -0.0003066 0.0497128 -0.6098519 -0.1853690 0.7689263
1403715566.162143 0.5760806 -0.2813027 -0.0810861 0.0489086 -0.7343770 -0.2324012 0.6358365
1403715566.612143 0.6348249 -0.2803767 -0.1773194 -0.0549432 0.8633005 0.2714200 -0.4219297
1403715566.762143 0.6691680 -0.2695407 -0.1965737 -0.0580555 0.8920021 0.2810608 -0.3492373
1403715566.812143 0.6800250 -0.2657336 -0.2008366 -0.0565030 0.9010435 0.2851837 -0.3218667
1403715567.062143 0.7551993 -0.2548148 -0.2182310 -0.0445726 0.9381118 0.2991454 -0.1687348
1403715567.562143 0.9409736 -0.2207086 -0.1892783 -0.0394027 0.9224212 0.3337311 0.1902895
1403715567.712143 0.9923877 -0.1985036 -0.1681819 -0.0407175 0.9000125 0.3241715 0.2885005
1403715567.812143 1.0287929 -0.1839100 -0.1513785 -0.0367895 0.8829421 0.3097396 0.3508860
1403715567.912143 1.0611833 -0.1700819 -0.1350791 -0.0354903 0.8609030 0.2966399 0.4118145
1403715568.012143 1.0955848 -0.1563725 -0.1167254 -0.0374455 0.8365324 0.2812552 0.4687290
1403715568.112143 1.1279082 -0.1454841 -0.0969045 -0.0330742 0.8110369 0.2628320 0.5215789
1403715568.362143 1.2006054 -0.1275341 -0.0364126 -0.0196469 0.7327140 0.2292830 0.6404479
1403715568.462143 1.2240438 -0.1220150 -0.0075505 -0.0149007 0.6979595 0.2165589 0.6824461
1403715568.512143 1.2343500 -0.1209632 0.0068308 -0.0138241 0.6797251 0.2097784 0.7026918
1403715568.612143 1.2531981 -0.1195329 0.0358903 -0.0117944 0.6416880 0.1960924 0.7413806
1403715568.712143 1.2688737 -0.1181687 0.0644017 -0.0094176 0.6007014 0.1817401 0.7784855
1403715569.112143 1.2914792 -0.1431095 0.1909761 -0.0184990 0.4388443 0.1413707 0.8871797
1403715569.762143 1.2579764 -0.1923065 0.3832326 0.0181215 0.2533027 0.0680134 0.9648231
1403715570.462143 1.0765849 -0.2321029 0.4868795 0.0481168 -0.0438245 -0.0240634 0.9975896
1403715572.962143 0.3787423 -0.0479386 0.4868168 0.0425178 -0.5597652 -0.2198320 0.7978277
1403715573.662143 0.1604957 -0.1100892 0.4538650 -0.0004372 -0.7361245 -0.2497721 0.6290742
1403715573.962143 0.0723643 -0.1374613 0.4445440 0.0052329 -0.7781975 -0.3153744 0.5430657
1403715574.112143 0.0226343 -0.1508260 0.4346833 0.0018782 0.8057144 0.3371324 -0.4869933
1403715574.262143 -0.0331876 -0.1626538 0.4219468 -0.0086565 0.8386775 0.3394031 -0.4258528
1403715574.462143 -0.1145117 -0.1719881 0.3958995 -0.0608510 0.8683003 0.3389109 -0.3570591
1403715574.862143 -0.2430114 -0.1669412 0.3096435 -0.0632773 0.8873236 0.3550928 -0.2873358
1403715575.012143 -0.2776028 -0.1632721 0.2620665 -0.0434152 0.8968379 0.3409881 -0.2784312
1403715575.312143 -0.3319142 -0.1535455 0.1593120 -0.0680671 0.9114788 0.2894146 -0.2842754
1403715575.462143 -0.3467978 -0.1480563 0.1139404 -0.0611193 0.9022762 0.3077370 -0.2957363
1403715575.912143 -0.3248280 -0.1351346 -0.0301876 -0.1091154 0.8855646 0.3141398 -0.3243231
1403715576.062143 -0.2881262 -0.1276831 -0.0874412 -0.0740066 0.8883560 0.3121191 -0.3285246
1403715576.212143 -0.2436644 -0.1190989 -0.1452477 -0.0514253 0.8913080 0.3070773 -0.3295894
1403715578.062143 0.6952991 -0.0132267 -0.4485497 0.0228963 0.8512706 0.2743462 -0.4467084
1403715578.362143 0.8166096 0.0378381 -0.4039285 -0.0618909 -0.8063318 -0.2703141 0.5224258
1403715578.512143 0.8560917 0.0553450 -0.3674103 -0.0446333 -0.7733943 -0.2777162 0.5681046
1403715578.662143 0.8881349 0.0751468 -0.3250410 -0.0416224 -0.7291551 -0.3215532 0.6026641
1403715578.812143 0.9025288 0.0953178 -0.2873060 -0.0530439 -0.6981465 -0.3508923 0.6218138
1403715579.062143 0.8792014 0.1231131 -0.2476720 0.0000057 -0.6915725 -0.3432342 0.6355451
1403715579.562143 0.7622969 0.1719414 -0.3277039 0.0728328 -0.6985306 -0.3170647 0.6373543
1403715580.562143 0.6020319 0.3598523 -0.8776640 0.0065705 -0.6364422 -0.1924157 0.7469099
1403715580.962143 0.5753344 0.4321620 -1.0679669 -0.0847320 -0.6118039 -0.1355136 0.7746951
1403715581.162143 0.5607853 0.4464290 -1.1101879 -0.0958368 -0.5994108 -0.1581810 0.7787816
1403715581.462143 0.5202957 0.4364511 -1.1116762 -0.0515303 -0.6094925 -0.1802741 0.7703017
1403715583.712143 0.1285521 0.5538261 -1.2083009 0.0970739 -0.7811338 -0.1413723 0.6003503
1403715584.162143 0.2627482 0.5451452 -1.2008302 0.0629982 -0.7926787 -0.1333699 0.5915271
1403715584.312143 0.3711798 0.5110766 -1.1757494 0.0034899 -0.7791563 -0.1934512 0.5962214
1403715584.512143 0.5162735 0.4698734 -1.1169114 -0.0346635 -0.7618294 -0.2530337 0.5953053
1403715584.712143 0.6459933 0.4401072 -1.0425888 -0.0282682 -0.7502421 -0.2871857 0.5948631
1403715585.112143 0.8379345 0.3740632 -0.9098420 -0.0176133 -0.7180146 -0.3532597 0.5994601
1403715586.612143 0.8498293 0.3421049 -0.8661893 0.0762571 -0.7629862 -0.2417674 0.5946304
1403715587.362143 0.9071100 0.3320090 -0.8872175 0.0342780 -0.7589139 -0.2546882 0.5983382
1403715587.662143 0.9403626 0.3143778 -0.8967267 -0.0099590 -0.7612069 -0.2284161 0.6068699
1403715587.862143 0.9602629 0.2965788 -0.8838814 -0.0259495 -0.7301480 -0.2179421 0.6470795
1403715588.062143 0.9770405 0.2725450 -0.8555753 0.0037468 -0.6783999 -0.1990229 0.7072124
1403715588.312143 1.0019389 0.2626578 -0.7915839 0.0361605 -0.6080740 -0.1630545 0.7761132
1403715588.562143 1.0501379 0.2801246 -0.7177296 0.0384836 -0.5358748 -0.1362059 0.8323491
1403715588.862143 1.1416329 0.3022044 -0.6321667 -0.0042813 -0.4424644 -0.1409130 0.8856356
1403715589.112143 1.2135888 0.3175995 -0.5561829 -0.0543132 -0.3591578 -0.1581029 0.9181826
1403715589.312143 1.2422568 0.3072448 -0.4858403 -0.0679756 -0.3114697 -0.1486499 0.9360925
1403715589.762143 1.2270551 0.1906196 -0.2891974 -0.0827808 -0.2419559 -0.1262462 0.9584710
1403715590.112143 1.1329420 0.0283257 -0.0962592 0.0178268 -0.2546875 -0.0962837 0.9620530
1403715590.512143 1.0012251 -0.1271434 0.0935390 0.0198766 -0.2928013 -0.1603011 0.9424309
1403715591.112143 0.7017578 -0.3036844 0.2827425 0.0149880 -0.5073466 -0.2074785 0.8362581
1403715591.412143 0.5314732 -0.3740285 0.3440493 0.0342659 -0.6058182 -0.2764176 0.7452539
1403715591.712143 0.3495082 -0.4081134 0.3718282 0.0371733 -0.6969320 -0.3059625 0.6475267
1403715592.062143 0.1311577 -0.3792869 0.3808128 0.0690380 -0.7689305 -0.3377128 0.5384513
1403715592.362143 -0.0356592 -0.3217305 0.3358864 -0.1090019 0.8304636 0.3410926 -0.4267371
1403715592.612143 -0.1324460 -0.2873347 0.2424400 -0.1330233 0.8680168 0.3504308 -0.3256530
1403715592.862143 -0.1740199 -0.2417169 0.1193025 -0.1198518 0.9010417 0.3538633 -0.2203183
1403715593.112143 -0.1691755 -0.1930751 -0.0242356 -0.0389862 0.9301479 0.3474911 -0.1120488
1403715593.312143 -0.1591302 -0.1500532 -0.1367612 -0.0344083 0.9389932 0.3414872 -0.0222340
1403715593.512143 -0.1464037 -0.1052042 -0.2476247 -0.0739698 0.9360002 0.3388360 0.0601852
1403715594.112143 -0.0144912 0.0011564 -0.5147010 -0.0783774 0.8985073 0.3009563 0.3097853
1403715594.662143 0.2016071 0.0546851 -0.6290392 -0.0931874 0.8075857 0.2686787 0.5166558
1403715595.012143 0.3840057 0.0658564 -0.6332008 -0.0792109 0.7023762 0.2943450 0.6432374
1403715595.112143 0.4440940 0.0680758 -0.6335229 -0.0757935 0.6735234 0.2888585 0.6761526
1403715595.962143 1.0115111 0.0933470 -0.5961022 0.0235821 0.4528068 0.0237992 0.8909789
1403715596.362143 1.0580879 0.0475400 -0.5769557 0.0240153 0.3743600 0.0411131 0.9260603
1403715596.762143 0.9584047 -0.0199503 -0.5587071 -0.1174744 0.2714556 0.1209454 0.9475673
1403715597.162143 0.9112982 -0.1173149 -0.4216192 -0.1394161 0.2101844 0.1230545 0.9598142
1403715597.562143 0.9544590 -0.2539641 -0.1681314 0.0026075 0.1574648 0.0932697 0.9831067
1403715597.962143 1.0158482 -0.3618475 0.0743483 0.0210406 0.0793222 0.0471411 0.9955114
1403715598.262143 1.0681005 -0.4233534 0.2319289 0.0519836 0.0712912 0.0294982 0.9956632
1403715598.512143 1.1043606 -0.4428216 0.3349350 0.1191604 0.0723989 0.0380183 0.9895018
1403715598.812143 1.1373576 -0.4297897 0.3808542 0.0745474 0.0796182 0.0390302 0.9932675
1403715600.162143 1.2738069 -0.1328397 0.2539403 0.0022486 0.0868313 0.0083764 0.9961853
1403715600.462143 1.2940867 -0.0565243 0.1966747 -0.0122789 0.0236740 -0.0587058 0.9979190
1403715600.762143 1.2600480 0.0045986 0.1474068 -0.0386726 -0.1082259 -0.0540206 0.9919039
1403715601.512143 1.0868845 -0.0520022 0.0625067 0.0003222 -0.2406002 -0.1158445 0.9636864
1403715602.012143 0.9064940 -0.1115429 0.0097276 0.0397479 -0.2324343 -0.0830053 0.9682482
1403715602.312143 0.8020042 -0.1252391 -0.0382614 0.0632971 -0.1777512 -0.0425219 0.9811167
1403715604.512143 0.2394072 0.1155032 -0.3089327 -0.0344650 0.1274315 0.0612189 0.9893562
1403715604.862143 0.2162992 0.1185302 -0.2803881 -0.0098317 0.1308034 0.0539085 0.9898928
1403715605.262143 0.1836985 0.1094022 -0.2421642 -0.0101265 0.1266735 0.0522861 0.9905137
1403715605.662143 0.1526176 0.1062634 -0.1950181 -0.0088056 0.1113565 0.0702354 0.9912564
1403715606.062143 0.1369783 0.1201851 -0.1398280 -0.0017742 0.1155138 0.0462648 0.9922263
1403715606.462143 0.1144925 0.1364503 -0.0850143 0.0004421 0.1029534 0.0595065 0.9929045
1403715606.762143 0.1031424 0.1309526 -0.0549504 0.0083428 0.0893666 0.0735635 0.9932434
1403715607.762143 0.0921988 0.1680121 -0.0264025 0.0052844 0.1001979 0.0374791 0.9942474
1403715609.062143 0.0870274 0.1868923 -0.0247924 0.0035926 0.0968262 0.0330975 0.9947444
1403715609.312143 0.0868630 0.1869030 -0.0249711 0.0034412 0.0968589 0.0330395 0.9947436
