1403715894.984058 0.0000000 0.0000000 0.0000000 0.0000000 0.0000000 0.0000000 1.0000000
1403715895.184058 -0.0511868 -0.0273067 -0.0063362 0.0027348 0.0002380 0.0031654 0.9999912
1403715895.234058 -0.0650378 -0.0342732 -0.0078009 0.0021504 0.0003323 0.0049811 0.9999852
1403715895.334058 -0.0894012 -0.0471418 -0.0104122 0.0022416 0.0003236 0.0059510 0.9999797
1403715896.384058 -0.3380089 -0.1634911 -0.0409846 0.0055417 -0.0162611 0.0594585 0.9980829
1403715896.684058 -0.3547894 -0.1972054 -0.0549178 0.0173951 -0.0266101 0.0857629 0.9958082
1403715896.784058 -0.3503955 -0.2002210 -0.0613902 0.0178034 -0.0279183 0.0897294 0.9954156
1403715897.184058 -0.2319232 -0.2247557 -0.0953952 -0.0002703 -0.0421317 0.1221773 0.9916136
1403715898.084058 0.4065317 -0.2620743 -0.1346239 0.0200870 -0.0098961 0.0450217 0.9987350
1403715898.184058 0.4878874 -0.2632471 -0.1373254 0.0340785 -0.0002661 0.0376239 0.9987107
1403715898.284058 0.5712564 -0.2628862 -0.1420887 0.0388572 0.0141926 0.0321584 0.9986263
1403715898.384058 0.6474828 -0.2710664 -0.1505472 0.0307391 0.0339457 0.0318910 0.9984417
1403715898.484058 0.7342623 -0.2670216 -0.1569370 0.0177923 0.0512007 0.0359464 0.9978827
1403715898.584058 0.8159569 -0.2615735 -0.1659426 0.0050745 0.0717693 0.0410845 0.9965618
1403715898.734058 0.9323346 -0.2484758 -0.1762201 0.0013471 0.1060476 0.0507244 0.9930655
1403715898.934058 1.0825706 -0.2118860 -0.1836183 -0.0054860 0.1396029 0.0606575 0.9883327
1403715899.184058 1.2611703 -0.1426100 -0.1826132 -0.0216238 0.1568561 0.0662508 0.9851596
1403715899.284058 1.3290038 -0.1160569 -0.1811160 -0.0358147 0.1610457 0.0604726 0.9844413
1403715899.534058 1.4922774 -0.0833611 -0.1657249 -0.0580971 0.1620222 0.0487183 0.9838700
1403715899.684058 1.5810455 -0.0797400 -0.1419068 -0.0564066 0.1585384 0.0501313 0.9844647
1403715899.834058 1.6663642 -0.0796606 -0.1074652 -0.0479413 0.1590085 0.0372294 0.9854095
1403715899.934058 1.7190995 -0.0850105 -0.0803748 -0.0395125 0.1616790 0.0218292 0.9858104
1403715900.234058 1.8464057 -0.1024910 0.0198346 -0.0307792 0.1660729 -0.0070185 0.9856080
1403715900.434058 1.8926759 -0.1270961 0.1018959 -0.0336149 0.1663642 -0.0083365 0.9854560
1403715900.534058 1.9055017 -0.1416113 0.1466631 -0.0256630 0.1590216 0.0135470 0.9868485
1403715900.834058 1.9198133 -0.1995076 0.2842706 0.0375479 0.1486390 0.0527474 0.9867696
1403715901.034058 1.9165480 -0.2335172 0.3581084 0.0667464 0.1556296 0.0427587 0.9846299
1403715901.234058 1.9049841 -0.2599487 0.3996566 0.0924097 0.1572078 0.0407545 0.9823875
1403715901.734058 1.8173163 -0.2860478 0.3635938 0.0444530 0.1576943 0.0555188 0.9849234
1403715901.834058 1.7943178 -0.2813397 0.3411479 0.0339054 0.1571981 0.0564580 0.9853688
1403715901.984058 1.7563123 -0.2755984 0.3042355 0.0243116 0.1564347 0.0567833 0.9857549
1403715902.084058 1.7339035 -0.2719211 0.2766829 0.0270207 0.1547595 0.0560438 0.9859911
1403715902.184058 1.7080580 -0.2685355 0.2476106 0.0262737 0.1558804 0.0492913 0.9861954
1403715902.284058 1.6772040 -0.2681627 0.2167226 0.0168220 0.1589497 0.0428078 0.9862148
1403715902.684058 1.5385294 -0.2395324 0.0944824 -0.0131136 0.1426341 0.0601375 0.9878598
1403715902.784058 1.5033454 -0.2299524 0.0648438 -0.0234335 0.1273547 0.0600643 0.9897595
1403715902.884058 1.4659187 -0.2242342 0.0427335 -0.0353935 0.1100136 0.0571615 0.9916536
1403715903.534058 1.2399553 -0.1617742 -0.0240826 -0.0538485 -0.0044387 0.0035081 0.9985331
1403715903.684058 1.1876508 -0.1838276 -0.0214385 -0.0511055 -0.0391643 -0.0077529 0.9978949
1403715903.834058 1.1354291 -0.2202911 -0.0117283 -0.0328393 -0.0835047 -0.0156242 0.9958436
1403715904.134058 1.0366541 -0.3277829 0.0192767 -0.0005511 -0.1970894 -0.0418213 0.9794930
1403715904.334058 0.9851226 -0.3793052 0.0399293 0.0157515 -0.2698635 -0.0841976 0.9590810
1403715904.484058 0.9469866 -0.4140544 0.0590142 0.0308015 -0.3175778 -0.1124852 0.9410328
1403715904.884058 0.8472987 -0.4397162 0.1054538 0.0506433 -0.4485400 -0.1531906 0.8790789
1403715905.084058 0.8015681 -0.4206014 0.1174912 0.0611894 -0.5266018 -0.1643313 0.8318303
1403715905.184058 0.7843153 -0.4145870 0.1217203 0.0702705 -0.5592842 -0.1722825 0.8078254
1403715905.284058 0.7715387 -0.3918182 0.1317690 0.0764609 -0.5858880 -0.1882456 0.7845079
1403715905.484058 0.7613887 -0.3548858 0.1343708 0.0585627 -0.6270391 -0.2281223 0.7425312
1403715905.584058 0.7620947 -0.3296527 0.1376322 0.0489629 -0.6496556 -0.2403865 0.7195586
1403715905.784058 0.7670011 -0.2829894 0.1218346 0.0149428 -0.7040422 -0.2436618 0.6668810
1403715905.884058 0.7693060 -0.2601703 0.1130634 0.0021598 -0.7305716 -0.2556657 0.6331632
1403715905.984058 0.7729042 -0.2351708 0.1061189 -0.0076822 -0.7538401 -0.2777289 0.5954264
1403715906.134058 0.7711644 -0.2018874 0.0967642 0.0004424 -0.7892610 -0.3063681 0.5321706
1403715906.284058 0.7635159 -0.1711053 0.0837959 -0.0314245 0.8258157 0.3182119 -0.4645236
1403715906.484058 0.7592570 -0.1356284 0.0530171 -0.0481379 0.8653161 0.3304562 -0.3737773
1403715906.534058 0.7570063 -0.1261478 0.0441195 -0.0516928 0.8745470 0.3303374 -0.3512444
1403715906.634058 0.7585950 -0.1121823 0.0209908 -0.0467267 0.8921531 0.3280708 -0.3070001
1403715907.334058 0.7952182 -0.0501631 -0.1032866 -0.0495047 0.9437584 0.3234841 0.0471965
1403715907.534058 0.8181190 -0.0578064 -0.1286626 -0.0615375 0.9343330 0.3166635 0.1515232
1403715907.634058 0.8300160 -0.0630158 -0.1392056 -0.0616385 0.9269893 0.3133374 0.1967517
1403715907.684058 0.8370184 -0.0651294 -0.1444613 -0.0593089 0.9237289 0.3096290 0.2175714
1403715907.834058 0.8627297 -0.0765349 -0.1548015 -0.0473798 0.9130375 0.2964545 0.2761022
1403715908.184058 0.9156082 -0.0989255 -0.1563569 -0.0145887 0.8640428 0.2772276 0.4199550
1403715908.334058 0.9336741 -0.1087251 -0.1485097 -0.0106283 0.8307911 0.2699274 0.4866338
1403715908.634058 0.9542837 -0.1313762 -0.1196784 -0.0108044 0.7490688 0.2439761 0.6158367
1403715908.884058 0.9551825 -0.1462892 -0.0932816 -0.0036546 0.6707093 0.2124356 0.7106383
1403715909.784058 0.8612538 -0.1769842 0.0473535 -0.0272826 0.3730516 0.1072873 0.9211828
1403715909.884058 0.8418190 -0.1770919 0.0686887 -0.0156808 0.3231059 0.0960492 0.9413455
1403715909.934058 0.8317018 -0.1800789 0.0795612 -0.0073978 0.2954824 0.0915560 0.9509221
1403715910.684058 0.6450080 -0.1668221 0.1928803 0.0436039 -0.0811935 -0.0264107 0.9953938
1403715911.034058 0.5582517 -0.1541479 0.1834962 0.0406772 -0.2125175 -0.0560730 0.9746987
1403715911.234058 0.5106735 -0.1418496 0.1592352 0.0533387 -0.2852823 -0.0692658 0.9544481
1403715911.334058 0.4916582 -0.1350465 0.1423752 0.0512527 -0.3224649 -0.0794806 0.9418452
1403715911.434058 0.4730665 -0.1271517 0.1206632 0.0446422 -0.3566955 -0.0899431 0.9288087
1403715911.784058 0.4346638 -0.0842794 0.0433248 0.0185956 -0.4556240 -0.1456355 0.8779814
1403715911.834058 0.4308116 -0.0826062 0.0316402 0.0178743 -0.4684672 -0.1531745 0.8699176
1403715911.934058 0.4225563 -0.0799743 0.0049411 0.0199876 -0.4919091 -0.1647181 0.8546893
1403715912.884058 0.3753791 -0.0889487 -0.2762037 0.0174552 -0.6890373 -0.2145389 0.6920232
1403715912.984058 0.3749036 -0.0822202 -0.3004779 0.0195983 -0.7185207 -0.2250729 0.6577888
1403715913.134058 0.3749906 -0.0672213 -0.3371314 0.0218729 -0.7578658 -0.2394759 0.6064752
1403715913.234058 0.3749320 -0.0566198 -0.3587275 0.0269473 -0.7828723 -0.2450280 0.5712671
1403715914.434058 0.6080251 0.0768932 -0.6554797 0.0186750 -0.7964371 -0.2955190 0.5272642
1403715914.834058 0.7180254 0.1189896 -0.8017849 -0.0697637 -0.7461969 -0.2804642 0.5997192
1403715914.934058 0.7319341 0.1278697 -0.8366659 -0.0960149 -0.7370660 -0.2690510 0.6124756
1403715915.134058 0.7376221 0.1419094 -0.8938910 -0.1136372 -0.7281281 -0.2534983 0.6266217
1403715915.234058 0.7289842 0.1459388 -0.9148383 -0.1006948 -0.7290762 -0.2468055 0.6303931
1403715915.934058 0.5672589 0.2076429 -0.9849271 -0.0034442 -0.7356254 -0.2729454 0.6199551
1403715916.384058 0.4236900 0.2593167 -1.0263883 0.0088002 -0.7132336 -0.2396043 0.6586426
1403715916.584058 0.3562976 0.2810097 -1.0411807 -0.0008019 -0.6750575 -0.2174210 0.7049999
1403715916.784058 0.2906784 0.2995445 -1.0508583 -0.0197896 -0.6378551 -0.1861324 0.7470636
1403715917.084058 0.1899011 0.3085341 -1.0532622 -0.0310719 -0.6080481 -0.1406665 0.7807208
1403715917.234058 0.1440544 0.3051097 -1.0408880 0.0255365 -0.5869508 -0.1390513 0.7971834
1403715917.384058 0.1058035 0.3010749 -1.0266228 0.0570425 -0.5609286 -0.1427264 0.8134706
1403715917.834058 0.0424009 0.3036356 -0.9929742 0.0274066 -0.5532960 -0.1172092 0.8242417
1403715917.984058 0.0380752 0.3077167 -0.9783422 0.0457485 -0.5560539 -0.1157264 0.8217776
1403715918.584058 0.1101263 0.3368958 -0.9291778 -0.0085046 -0.4911720 -0.1012876 0.8651119
1403715918.884058 0.1774007 0.3663702 -0.8913470 -0.0142208 -0.4505093 -0.1401290 0.8815912
1403715919.034058 0.2103112 0.3644973 -0.8742321 -0.0333507 -0.4398698 -0.1657042 0.8820115
1403715919.384058 0.2508128 0.3379151 -0.8369047 0.0121000 -0.4327188 -0.2073125 0.8772854
1403715919.534058 0.2504937 0.3340498 -0.8269036 0.0109336 -0.4431132 -0.1818335 0.8777629
1403715920.184058 0.2018093 0.3938106 -0.7958164 -0.0102199 -0.4477647 -0.1760640 0.8765864
1403715920.334058 0.1768009 0.3911052 -0.8009035 -0.0114736 -0.4587000 -0.1625558 0.8735206
1403715920.534058 0.1391273 0.3771663 -0.8108801 0.0016556 -0.4754024 -0.1418653 0.8682535
1403715922.584058 -0.0298904 -0.0468108 -0.9372479 0.0231103 -0.5497025 -0.1594809 0.8196700
1403715922.734058 -0.0314356 -0.0833504 -0.9451619 0.0231004 -0.5528139 -0.1565943 0.8181329
1403715923.034058 -0.0289070 -0.1225804 -0.9553834 0.0291352 -0.5491294 -0.1722393 0.8172770
1403715923.484058 -0.0138641 -0.1801197 -0.9910510 -0.0055226 -0.5529299 -0.1682849 0.8160381
1403715923.634058 -0.0081820 -0.1925442 -1.0006514 -0.0163139 -0.5595857 -0.1510611 0.8147259
1403715923.834058 -0.0000243 -0.1828637 -0.9981227 -0.0134402 -0.5647463 -0.1379489 0.8135423
1403715923.934058 0.0040609 -0.1717778 -0.9907748 -0.0009434 -0.5662999 -0.1322917 0.8135124
1403715924.084058 0.0151005 -0.1473011 -0.9737228 0.0180065 -0.5654183 -0.1336949 0.8136975
1403715924.234058 0.0324110 -0.1174540 -0.9529476 0.0263727 -0.5618704 -0.1441112 0.8141487
1403715924.384058 0.0541612 -0.0892961 -0.9318878 0.0225619 -0.5578175 -0.1555459 0.8149455
1403715924.534058 0.0801225 -0.0624592 -0.9103194 0.0053269 -0.5537246 -0.1653529 0.8160999
1403715924.734058 0.1121822 -0.0288203 -0.8825276 -0.0135787 -0.5467263 -0.1549531 0.8227366
1403715924.934058 0.1473870 0.0017429 -0.8437011 -0.0131494 -0.5196853 -0.1276084 0.8446717
1403715925.134058 0.1851261 0.0228986 -0.8006792 0.0188569 -0.4700125 -0.1058136 0.8760914
1403715925.334058 0.2338887 0.0257433 -0.7622284 0.0204011 -0.4160196 -0.0849817 0.9051462
1403715925.534058 0.2907356 0.0199827 -0.7313575 -0.0107027 -0.3582843 -0.0627400 0.9314406
1403715925.734058 0.3534172 0.0130041 -0.6964915 -0.0184876 -0.2963356 -0.0437441 0.9539024
1403715925.934058 0.4259641 0.0052667 -0.6578823 -0.0138727 -0.2302606 -0.0237339 0.9727407
1403715926.084058 0.4845561 0.0100217 -0.6225369 0.0014310 -0.1786785 -0.0034762 0.9839004
1403715926.234058 0.5402547 0.0198312 -0.5921677 0.0194394 -0.1212860 0.0240644 0.9921355
1403715926.384058 0.6069412 0.0350949 -0.5586724 0.0312568 -0.0605168 0.0421356 0.9967875
1403715926.534058 0.6785393 0.0551995 -0.5323850 0.0467843 0.0028106 0.0475631 0.9977680
1403715926.684058 0.7510076 0.0803999 -0.5137957 0.0336855 0.0609003 0.0566499 0.9959655
1403715926.834058 0.8253134 0.1078059 -0.5040024 0.0082726 0.1146227 0.0589180 0.9916258
1403715926.984058 0.8947764 0.1266282 -0.4996819 -0.0112748 0.1592034 0.0630296 0.9851672
1403715927.134058 0.9602954 0.1373130 -0.4993387 -0.0080952 0.1972260 0.0682346 0.9779471
1403715928.884058 0.9796361 0.3839967 -0.7215272 -0.0429616 0.6565681 0.2748643 0.7010865
1403715928.984058 0.9518242 0.3857153 -0.7484385 -0.0680147 0.6370516 0.2910694 0.7105053
1403715929.084058 0.9309445 0.3774295 -0.7766517 -0.0870213 0.6160476 0.3014268 0.7225334
1403715929.234058 0.9144120 0.3609254 -0.8197663 -0.1114007 0.5914550 0.3015665 0.7394786
1403715929.334058 0.9132260 0.3522323 -0.8453227 -0.1220242 0.5902755 0.2702293 0.7507736
1403715929.584058 0.9357894 0.3352114 -0.8877515 -0.1275618 0.6173006 0.1307004 0.7652355
1403715932.634058 1.5906925 0.1655577 -0.8319157 0.1118610 0.6457391 0.1069502 0.7477097
1403715932.784058 1.5753901 0.1463783 -0.8326532 0.1293583 0.6491158 0.0945038 0.7436290
1403715932.934058 1.5272208 0.1326490 -0.8402239 0.0969938 0.6483356 0.1184834 0.7457982
1403715934.634058 1.4998360 -0.0779078 -0.8771357 0.1494264 0.6785074 0.0776215 0.7150344
1403715934.734058 1.4925658 -0.0814573 -0.8754022 0.1640027 0.6753377 0.0707538 0.7155529
1403715934.834058 1.4643884 -0.0892678 -0.8775960 0.1628932 0.6697181 0.0805954 0.7200332
1403715934.934058 1.4180036 -0.0944636 -0.8805334 0.1212434 0.6632301 0.1180013 0.7290415
1403715935.584058 1.0163580 -0.0646526 -0.9039711 -0.1280379 0.5976495 0.3164015 0.7254733
1403715935.784058 0.9508178 -0.0356194 -0.8973109 -0.1561097 0.5866795 0.3364893 0.7198694
1403715935.984058 0.9405497 -0.0153667 -0.8871441 -0.1622875 0.5876877 0.3368784 0.7174948
1403715936.484058 1.0738761 -0.0060985 -0.8507279 0.0380830 0.6664040 0.1781945 0.7229814
1403715936.684058 1.1034811 -0.0021311 -0.8328154 0.0724062 0.6698628 0.1727658 0.7184658
1403715936.934058 1.0952760 0.0060059 -0.8168314 0.0373280 0.6668780 0.1939636 0.7185113
1403715937.384058 1.0123227 0.0297249 -0.7931208 -0.0119431 0.6034565 0.2178522 0.7669668
1403715937.584058 0.9666997 0.0562061 -0.7765982 -0.0375607 0.5609672 0.2249740 0.7957963
1403715937.784058 0.9279332 0.0900588 -0.7572625 -0.0726012 0.5188767 0.2370054 0.8181225
1403715938.184058 0.9125803 0.1368215 -0.7034130 -0.0980314 0.4404088 0.2197203 0.8649583
1403715939.134058 1.1044883 0.0616423 -0.4638815 -0.1044546 0.3108757 0.1525666 0.9322923
1403715939.734058 1.2855155 -0.0181604 -0.2330695 0.1269694 0.3401489 0.0691989 0.9291873
1403715939.884058 1.2991214 -0.0357250 -0.2100924 0.1602144 0.3469114 0.0581810 0.9222791
1403715941.434058 1.2836864 -0.3412610 -0.1109109 0.1275079 0.3575682 0.0902765 0.9207263
1403715941.734058 1.3289329 -0.3734221 -0.0593596 0.2011387 0.3460132 0.0888710 0.9120965
1403715941.884058 1.3182484 -0.3642796 -0.0634968 0.2307151 0.3437027 0.0814698 0.9066430
1403715941.984058 1.2942281 -0.3489075 -0.0781623 0.2117245 0.3479961 0.0800930 0.9097563
1403715942.934058 1.0025730 0.0102960 -0.3154414 -0.1806924 0.3009159 0.1867677 0.9175607
1403715943.184058 1.0319086 0.0608348 -0.2743158 -0.1446829 0.3079615 0.1513965 0.9280655
1403715944.384058 1.0708240 0.0319711 -0.2412449 -0.0902340 0.2550181 0.1542788 0.9502745
1403715944.984058 1.0626816 -0.0042050 -0.2688309 -0.0970807 0.1015340 0.0569521 0.9884446
1403715945.384058 1.1118082 -0.0951057 -0.1760991 0.1145910 0.0794850 -0.0151206 0.9901123
1403715945.584058 1.1087129 -0.1252846 -0.1769866 0.1518598 0.0804737 -0.0039862 0.9851125
1403715945.734058 1.0998073 -0.1306516 -0.2035104 0.0665492 0.0739663 0.0221330 0.9947916
1403715946.334058 1.0341275 -0.1480673 -0.2988206 -0.1746219 0.0246685 0.0327048 0.9837830
1403715946.734058 0.9939707 -0.2402269 -0.2035545 0.0362777 -0.0169107 0.0004256 0.9991986
1403715946.934058 0.9720616 -0.2789845 -0.1556821 0.0924615 -0.0255664 0.0019595 0.9953861
1403715947.234058 0.9431518 -0.3157994 -0.1400608 0.1845215 -0.0211584 0.0123520 0.9825231
1403715947.384058 0.9297167 -0.3115391 -0.1639367 0.1685356 -0.0161221 0.0195506 0.9853698
1403715947.584058 0.9151849 -0.2786240 -0.2244374 0.0491170 -0.0185117 0.0279371 0.9982306
1403715947.784058 0.9084077 -0.2261527 -0.2919704 -0.0671513 -0.0269825 0.0381722 0.9966472
1403715948.034058 0.9036831 -0.1504658 -0.3475150 -0.1514202 -0.0292724 0.0132392 0.9879472
1403715948.234058 0.8967131 -0.1138127 -0.3445880 -0.1853636 -0.0338288 0.0029898 0.9820830
1403715948.434058 0.8906001 -0.1074835 -0.2938308 -0.1049441 -0.0365414 0.0085463 0.9937698
1403715948.834058 0.8696322 -0.1172382 -0.1466791 0.0767425 -0.0137251 0.0070371 0.9969316
1403715949.034058 0.8616971 -0.1119287 -0.1014017 0.1194119 -0.0226654 0.0101668 0.9925340
1403715949.234058 0.8562197 -0.0958730 -0.0913119 0.0953379 -0.0540775 0.0032681 0.9939696
1403715949.834058 0.8479639 -0.0501431 -0.1191911 -0.1352770 -0.1640609 -0.0691060 0.9746838
1403715950.034058 0.8267874 -0.0643515 -0.0796150 -0.1153292 -0.1974355 -0.1155092 0.9666313
1403715950.834058 0.6534933 -0.1695259 0.0906680 0.1759748 -0.2671637 -0.0397188 0.9466144
1403715950.984058 0.6513183 -0.1725207 0.0645487 0.1566312 -0.2733838 -0.0400966 0.9482195
1403715951.134058 0.6588084 -0.1514699 0.0118906 0.0729686 -0.2754982 -0.0587685 0.9567249
1403715951.634058 0.6879081 -0.1248169 -0.1544220 -0.1470326 -0.3162452 -0.1473252 0.9255624
1403715951.884058 0.6512790 -0.1442699 -0.1697854 -0.1529366 -0.3564830 -0.1656313 0.9066954
1403715952.134058 0.5687495 -0.2006787 -0.1368742 -0.0065547 -0.4260623 -0.1149471 0.8973378
1403715952.384058 0.4862302 -0.2535965 -0.1005035 0.0807092 -0.4737499 -0.0836378 0.8729557
1403715952.884058 0.4949512 -0.3033846 -0.0735273 0.1700218 -0.5264229 -0.0480998 0.8316597
1403715953.384058 0.7043197 -0.2720713 -0.1291380 -0.0929418 -0.5030904 -0.2216495 0.8301406
1403715953.684058 0.7705762 -0.2422635 -0.1263626 -0.1508420 -0.5228488 -0.2770276 0.7919164
1403715953.934058 0.7372543 -0.2411720 -0.1003965 -0.1073595 -0.5481486 -0.3124889 0.7683474
1403715954.134058 0.6509063 -0.2480039 -0.0740757 0.0288740 -0.5743812 -0.2984841 0.7616822
1403715954.334058 0.5561065 -0.2556933 -0.0604911 0.1053217 -0.6050360 -0.2181394 0.7584550
1403715954.534058 0.4824377 -0.2505647 -0.0669446 0.1346706 -0.6338928 -0.1234095 0.7515410
1403715954.734058 0.4505405 -0.2318119 -0.0877829 0.1664310 -0.6437076 -0.0789678 0.7427687
1403715955.784058 0.6370233 -0.1488970 -0.2748769 -0.1239484 -0.5972715 -0.2863959 0.7388375
1403715956.034058 0.5663359 -0.1752396 -0.2887041 0.0147993 -0.6784325 -0.2182020 0.7013546
1403715956.334058 0.5011112 -0.2001400 -0.3101332 0.1104234 -0.7512897 -0.1941170 0.6210387
1403715956.634058 0.5079899 -0.2241834 -0.3333640 0.1492797 -0.8214843 -0.1383718 0.5326653
1403715957.134058 0.7099154 -0.2522921 -0.3119900 0.0140069 -0.8020464 -0.2905974 0.5216115
1403715957.384058 0.8194746 -0.2356203 -0.2904780 -0.0624869 -0.7626806 -0.3735119 0.5243114
1403715957.634058 0.8780870 -0.1998667 -0.2897281 -0.1029913 -0.7283529 -0.4300003 0.5234450
1403715957.784058 0.8627651 -0.1773921 -0.3032801 -0.0865995 -0.7359364 -0.4221570 0.5221893
1403715957.934058 0.8214958 -0.1562106 -0.3351370 -0.0292873 -0.7788256 -0.3484356 0.5207356
1403715958.134058 0.7493541 -0.1286286 -0.3889580 -0.0466655 0.8333886 0.2464019 -0.4925158
1403715958.334058 0.7023984 -0.0917232 -0.4389899 -0.0952165 0.8689993 0.1767392 -0.4522580
1403715958.534058 0.6852736 -0.0667215 -0.4692712 -0.1160944 0.8965285 0.1274402 -0.4080659
1403715958.734058 0.7094602 -0.0448988 -0.4619547 -0.0822263 0.9158897 0.1444791 -0.3653912
1403715959.034058 0.7987149 -0.0345191 -0.4012027 0.0286930 0.9143382 0.2702403 -0.3002208
1403715959.534058 0.8987477 -0.0175731 -0.2674628 0.0121379 0.8583335 0.4691515 -0.2073959
1403715960.584058 0.8845436 -0.0356821 -0.4421085 -0.0636731 0.9769784 0.1618588 -0.1235345
1403715961.084058 0.9760950 -0.1035394 -0.2818106 -0.0339095 0.8771521 0.4545363 -0.1511658
1403715961.234058 1.0046811 -0.1223676 -0.2652812 -0.0172120 0.8506171 0.5009671 -0.1587022
1403715961.384058 1.0241541 -0.1347501 -0.2827870 0.0067497 0.8631518 0.4787271 -0.1604486
1403715961.534058 1.0309129 -0.1438733 -0.3294781 0.0119462 0.9007309 0.4105079 -0.1415075
1403715961.984058 1.0366173 -0.1591973 -0.5039642 -0.0484937 0.9772230 0.2031923 -0.0373674
1403715962.134058 1.0393144 -0.1536222 -0.5273438 -0.0441069 0.9899176 0.1344996 -0.0052500
1403715962.284058 1.0456792 -0.1559866 -0.5220554 -0.0320757 0.9914497 0.1235356 0.0271583
1403715963.134058 0.9464962 -0.1130829 -0.1018678 -0.0383860 0.8727826 0.4524769 0.1790019
1403715963.234058 0.9223906 -0.0885314 -0.0601408 -0.0589080 0.8507185 0.4831252 0.1984893
1403715963.334058 0.9018700 -0.0567446 -0.0278481 -0.0705756 0.8336416 0.5015355 0.2202790
1403715963.434058 0.8905967 -0.0236125 -0.0102228 -0.0688948 0.8447732 0.4691904 0.2479356
1403715967.334058 1.1071495 -0.1594379 -0.1561460 0.0027718 0.9159719 0.1824730 0.3573393
1403715968.684058 1.0196136 -0.2330585 0.0163124 0.0106311 0.8548961 0.2298628 0.4649761
1403715968.834058 1.0015101 -0.2129701 0.0286214 0.0286683 0.8652378 0.1878750 0.4639446
1403715969.034058 0.9501696 -0.1887179 0.0620419 0.0231301 0.8610941 0.2011601 0.4663867
1403715969.384058 0.8248339 -0.1588640 0.1431674 -0.1043661 0.7845538 0.4096386 0.4536291
1403715969.484058 0.7996078 -0.1498419 0.1561670 -0.1272623 0.7700044 0.4361903 0.4479236
1403715969.584058 0.7883866 -0.1388772 0.1614039 -0.1556194 0.7682526 0.4303221 0.4476533
1403715969.784058 0.8133964 -0.1198896 0.1555762 -0.1805923 0.7951807 0.3530904 0.4586951
1403715970.084058 0.9198480 -0.1085969 0.1459086 -0.0407505 0.8446147 0.2423504 0.4756381
1403715970.534058 1.0273274 -0.1268502 0.1982236 0.0693918 0.8549532 0.1710591 0.4847460
1403715970.634058 1.0183618 -0.1318385 0.2231562 0.0613155 0.8404374 0.2228637 0.4901400
1403715970.734058 1.0010459 -0.1385956 0.2546586 0.0379954 0.8225097 0.2878897 0.4890334
1403715971.234058 0.9448134 -0.1845741 0.2684945 -0.1145242 0.7446145 0.4390528 0.4895571
1403715973.734058 0.7454761 -0.3358819 0.1263644 -0.0450098 0.6365003 0.3180483 0.7012038
1403715974.134058 0.6938441 -0.3137133 0.0464189 -0.0532733 0.6400636 0.2963431 0.7068672
1403715974.284058 0.6951885 -0.3031381 0.0068897 -0.0463748 0.6456150 0.2757424 0.7106313
1403715974.434058 0.6998974 -0.2849146 -0.0300003 -0.0506568 0.6446625 0.2716109 0.7127914
1403715975.834058 0.8632956 -0.1299535 -0.3361047 -0.0403484 0.6391932 0.2257457 0.7340592
1403715976.484058 0.9464100 -0.1317575 -0.3977462 -0.0519054 0.6455895 0.2146574 0.7310556
1403715977.334058 1.0454313 -0.1507083 -0.3307198 -0.0450379 0.5484889 0.1847384 0.8142502
1403715977.484058 1.0594280 -0.1553593 -0.3054910 -0.0424190 0.5074117 0.1703332 0.8436354
1403715978.084058 1.0805426 -0.1926974 -0.1691070 -0.0243308 0.2943915 0.0686421 0.9529061
1403715978.234058 1.0743462 -0.2015285 -0.1335487 -0.0197867 0.2353093 0.0262512 0.9713644
1403715978.434058 1.0490681 -0.2123536 -0.0856869 -0.0054317 0.1523184 0.0007186 0.9883163
1403715978.634058 1.0062543 -0.2238172 -0.0379420 0.0094126 0.0578980 0.0081918 0.9982445
1403715978.734058 0.9805846 -0.2279610 -0.0153397 0.0115521 0.0116182 0.0032051 0.9998606
1403715978.834058 0.9541514 -0.2294125 0.0029652 0.0110410 -0.0320751 -0.0115139 0.9993581
1403715979.034058 0.9052265 -0.2401146 0.0388158 0.0041577 -0.1235527 -0.0514853 0.9909928
1403715979.534058 0.7579777 -0.2548462 0.0615301 0.0750394 -0.3471796 -0.1368061 0.9247267
1403715979.584058 0.7513827 -0.2565888 0.0639588 0.0747158 -0.3700854 -0.1445540 0.9146357
1403715979.684058 0.7376771 -0.2570988 0.0675219 0.0755033 -0.4160414 -0.1583762 0.8922588
1403715979.734058 0.7336795 -0.2577580 0.0694458 0.0792951 -0.4414110 -0.1654484 0.8783482
1403715979.784058 0.7298833 -0.2580912 0.0710133 0.0831646 -0.4669614 -0.1708563 0.8636196
1403715979.884058 0.7234037 -0.2575417 0.0743139 0.0921176 -0.5192132 -0.1753235 0.8313805
1403715979.984058 0.7189949 -0.2577077 0.0769220 0.1020609 -0.5726508 -0.1798270 0.7932949
1403715980.384058 0.7152528 -0.2577055 0.0762725 0.1002150 -0.7547029 -0.1990604 0.6170539
1403715980.584058 0.7180192 -0.2568653 0.0768323 0.0893367 -0.8381015 -0.1940475 0.5019466
1403715980.684058 0.7183707 -0.2568713 0.0767990 -0.0804510 0.8716682 0.1966695 -0.4416372
1403715980.734058 0.7183579 -0.2569793 0.0768528 -0.0779744 0.8865141 0.2026923 -0.4085690
1403715980.784058 0.7183135 -0.2568638 0.0766934 -0.0704615 0.8998840 0.2031273 -0.3794511
1403715982.084058 0.8850603 -0.1575134 -0.4544540 -0.0370031 0.9382780 0.2852689 0.1920597
1403715982.284058 0.9324797 -0.1761099 -0.4044455 -0.0360122 0.9151900 0.2831135 0.2845647
1403715982.484058 0.9768013 -0.1968076 -0.3427461 -0.0340229 0.8857179 0.2761648 0.3715901
1403715982.684058 1.0105454 -0.2222513 -0.2718158 -0.0315736 0.8464807 0.2618130 0.4625230
1403715983.184058 1.0658509 -0.2865424 -0.0666670 -0.0187477 0.7037710 0.2211119 0.6748810
1403715983.334058 1.0676261 -0.3087490 -0.0000276 -0.0121345 0.6501130 0.2037896 0.7318986
1403715983.484058 1.0622951 -0.3308978 0.0637240 -0.0000327 0.5882574 0.1840662 0.7874470
1403715983.634058 1.0537649 -0.3490040 0.1122635 0.0301598 0.5184985 0.1597161 0.8394882
1403715983.784058 1.0314724 -0.3732297 0.1682630 0.0522220 0.4526960 0.1422950 0.8786873
1403715983.934058 1.0028352 -0.3881879 0.2033101 0.0637386 0.3846791 0.1259666 0.9121907
1403715984.084058 0.9613652 -0.4006817 0.2367117 0.0657099 0.3219134 0.1173725 0.9371647
1403715984.184058 0.9342917 -0.4071762 0.2417441 0.0592238 0.2775400 0.1124944 0.9522653
1403715984.284058 0.9024574 -0.4149638 0.2472559 0.0530685 0.2383004 0.1050947 0.9640289
1403715984.384058 0.8720887 -0.4199820 0.2455914 0.0537737 0.1986310 0.0969813 0.9737806
1403715984.634058 0.7952031 -0.4251520 0.2166157 0.0281048 0.1025843 0.0568755 0.9926992
1403715984.734058 0.7625325 -0.4213085 0.2004341 0.0158357 0.0592151 0.0427386 0.9972042
1403715984.834058 0.7192060 -0.4195752 0.1825409 0.0120593 0.0185692 0.0348770 0.9991463
1403715984.934058 0.6980687 -0.4143887 0.1659407 0.0160526 -0.0344301 0.0270931 0.9989108
1403715985.034058 0.6809803 -0.4110242 0.1477652 0.0207549 -0.0791239 0.0113328 0.9965843
1403715985.134058 0.6565900 -0.4075927 0.1239069 0.0210068 -0.1059412 -0.0053592 0.9941360
1403715985.334058 0.6149046 -0.3939082 0.0724358 0.0280749 -0.1223004 -0.0411288 0.9912431
1403715985.484058 0.5831903 -0.3827739 0.0284385 0.0249393 -0.1143899 -0.0391712 0.9923500
1403715985.634058 0.5600370 -0.3742172 -0.0185026 -0.0095185 -0.0983599 -0.0195599 0.9949132
1403715986.034058 0.4722200 -0.3222681 -0.1159839 -0.0564767 -0.0584537 0.0367443 0.9960138
1403715986.184058 0.4437073 -0.2987560 -0.1345701 -0.0437423 -0.0524569 0.0476092 0.9965281
1403715986.634058 0.3887805 -0.2046906 -0.1688168 -0.0433319 -0.0398585 0.0108032 0.9982069
1403715987.484058 0.3349529 -0.0902531 -0.1385710 0.0084590 0.0120684 0.0496882 0.9986560
1403715987.634058 0.3376395 -0.0722143 -0.1367061 -0.0048637 0.0195836 0.0371238 0.9991069
1403715987.784058 0.3398372 -0.0557560 -0.1374665 -0.0133549 0.0208625 0.0281989 0.9992954
1403715987.984058 0.3420521 -0.0351088 -0.1376823 -0.0438017 0.0165194 0.0212115 0.9986784
1403715988.134058 0.3432169 -0.0243626 -0.1342004 -0.0367111 0.0126291 0.0197158 0.9990516
1403715988.434058 0.3425656 -0.0086186 -0.1231990 -0.0010955 0.0083986 0.0180796 0.9998007
1403715989.534058 0.3839265 0.0122276 -0.1222310 -0.0263342 0.0138051 0.0299064 0.9991104
1403715990.184058 0.4199087 0.0226814 -0.1043386 -0.0052653 0.0142259 0.0131957 0.9997979
1403715990.484058 0.4234745 0.0407615 -0.0997534 -0.0109469 0.0131617 0.0067754 0.9998305
1403715990.584058 0.4221442 0.0503364 -0.0973098 -0.0139466 0.0127491 0.0055951 0.9998058
1403715990.684058 0.4194644 0.0616308 -0.0942889 -0.0194827 0.0125116 0.0046883 0.9997209
1403715990.784058 0.4150347 0.0728956 -0.0903343 -0.0234693 0.0124525 0.0036919 0.9996402
1403715990.884058 0.4092372 0.0833566 -0.0858109 -0.0289129 0.0119782 0.0036075 0.9995037
1403715990.984058 0.4018578 0.0913842 -0.0806073 -0.0301952 0.0120227 0.0016010 0.9994704
1403715991.084058 0.3925316 0.0964713 -0.0755596 -0.0240708 0.0121396 0.0008582 0.9996362
1403715992.584058 0.3792636 0.0982603 -0.0715230 -0.0103411 0.0114391 0.0122021 0.9998066
1403715993.434058 0.3791964 0.0982079 -0.0714285 -0.0104540 0.0111296 0.0118921 0.9998127
1403715993.934058 0.3791608 0.0982698 -0.0714052 -0.0106351 0.0116860 0.0118236 0.9998053
