1403638136.045097 0.0000000 0.0000000 0.0000000 0.0000000 0.0000000 0.0000000 1.0000000
1403638136.345097 0.0132039 -0.0009503 -0.0047538 0.0250050 0.0245796 0.0159583 0.9992577
1403638136.745097 0.0140589 -0.0012597 -0.0070854 0.0168216 0.0181408 0.0359428 0.9990476
1403638137.095097 -0.0002312 -0.0013134 -0.0063992 0.0444677 -0.0339112 0.0701616 0.9959669
1403638152.295097 -0.1488257 -0.0647935 0.0668474 0.0291556 -0.2465443 -0.1190392 0.9613509
1403638152.745097 -0.1869394 -0.0686780 0.0766444 0.0254407 -0.2466617 -0.1197861 0.9613335
1403638152.845097 -0.1960780 -0.0702560 0.0783707 0.0269466 -0.2571304 -0.1175091 0.9588271
1403638153.545097 -0.2640210 -0.0884988 0.0873183 0.0213537 -0.3331127 -0.1616683 0.9286783
1403638153.745097 -0.2857580 -0.0948365 0.0893985 0.0247120 -0.3652571 -0.1773377 0.9135250
1403638154.045097 -0.3209776 -0.1021291 0.0928976 0.0336909 -0.4000616 -0.1775875 0.8984867
1403638154.145097 -0.3336838 -0.1026778 0.0946129 0.0397155 -0.4041550 -0.1770030 0.8965218
1403638154.845097 -0.4144494 -0.1016494 0.0979201 0.0484052 -0.4203402 -0.1829525 0.8874116
1403638154.995097 -0.4306945 -0.1028581 0.0951585 0.0496906 -0.4287958 -0.1933314 0.8810720
1403638155.395097 -0.4731503 -0.1064084 0.0802271 0.0646475 -0.4658423 -0.2005836 0.8594055
1403638155.595097 -0.4935589 -0.1034386 0.0716772 0.0674954 -0.4899701 -0.2031482 0.8450470
1403638155.795097 -0.5121583 -0.0972508 0.0613423 0.0670944 -0.5272844 -0.2013575 0.8227543
1403638155.895097 -0.5207655 -0.0934312 0.0557386 0.0608889 -0.5459048 -0.2080493 0.8093182
1403638156.095097 -0.5352383 -0.0862577 0.0435359 0.0372115 -0.5828018 -0.2352554 0.7769248
1403638157.195097 -0.6260665 -0.0613182 -0.0123916 0.0055042 -0.6281842 -0.2706360 0.7294590
1403638157.445097 -0.6527163 -0.0594019 -0.0219836 0.0147478 -0.6299928 -0.2720351 0.7272471
1403638157.645097 -0.6757284 -0.0575685 -0.0293970 0.0291001 -0.6442025 -0.2722997 0.7141493
1403638158.245097 -0.7437698 -0.0535454 -0.0573870 0.0243110 -0.7141921 -0.2865514 0.6381433
1403638158.445097 -0.7658169 -0.0500839 -0.0642006 0.0313262 -0.7175839 -0.2923530 0.6313650
1403638158.995097 -0.8248762 -0.0410897 -0.0847639 0.0165969 -0.7132751 -0.2943411 0.6358667
1403638159.095097 -0.8355607 -0.0407019 -0.0896581 0.0080919 -0.7089355 -0.3018689 0.6373540
1403638159.295097 -0.8584880 -0.0399358 -0.0979732 -0.0010296 -0.7033936 -0.3101414 0.6395691
1403638160.295097 -0.9607794 -0.0700334 -0.1205697 0.0292933 -0.7166461 -0.2824741 0.6369997
1403638160.445097 -0.9707503 -0.0818304 -0.1221587 0.0209428 -0.7124175 -0.2951875 0.6363074
1403638160.595097 -0.9816234 -0.0917854 -0.1245816 0.0187520 -0.7109585 -0.2973836 0.6369846
1403638160.895097 -1.0042748 -0.1111342 -0.1270102 0.0226112 -0.7163112 -0.2681946 0.6437846
1403638160.995097 -1.0125587 -0.1179285 -0.1268753 0.0283334 -0.7115774 -0.2545411 0.6542658
1403638161.695097 -1.0555860 -0.1576441 -0.1127121 0.0129832 -0.6140419 -0.2442988 0.7504013
1403638161.845097 -1.0640237 -0.1643054 -0.1072158 0.0149194 -0.6093714 -0.2348677 0.7571533
1403638162.145097 -1.0816437 -0.1764257 -0.0948009 0.0182484 -0.5931063 -0.2234663 0.7732753
1403638162.295097 -1.0901185 -0.1845359 -0.0879487 0.0099293 -0.5893988 -0.2218503 0.7767193
1403638163.395097 -1.1494622 -0.2508047 -0.0158597 0.0319309 -0.5454494 -0.2000652 0.8132892
1403638164.445097 -1.1751387 -0.3244118 0.0702250 0.0277318 -0.5222288 -0.1723225 0.8347532
1403638164.795097 -1.1743983 -0.3499826 0.1050167 0.0327749 -0.5133221 -0.1724547 0.8400509
1403638165.245097 -1.1647233 -0.3741370 0.1516768 0.0389781 -0.4879706 -0.1646899 0.8562959
1403638165.395097 -1.1590716 -0.3802491 0.1686777 0.0213057 -0.4814038 -0.1628436 0.8609753
1403638165.695097 -1.1463119 -0.3906138 0.2035705 0.0596905 -0.4752702 -0.1540283 0.8641936
1403638165.795097 -1.1410002 -0.3927222 0.2152817 0.0664092 -0.4728931 -0.1570642 0.8644609
1403638166.195097 -1.1135030 -0.4044686 0.2565514 0.0358465 -0.4653013 -0.1876853 0.8642823
1403638166.295097 -1.1066781 -0.4103502 0.2648104 0.0363098 -0.4661007 -0.1913094 0.8630368
1403638166.845097 -1.0726618 -0.4499268 0.3009920 0.0163725 -0.4767357 -0.1850379 0.8591950
1403638166.995097 -1.0645896 -0.4569229 0.3122653 -0.0101265 -0.4767336 -0.1862448 0.8590317
1403638167.095097 -1.0598454 -0.4617948 0.3205532 -0.0148093 -0.4742425 -0.1930366 0.8588431
1403638167.395097 -1.0496973 -0.4816614 0.3464606 -0.0013688 -0.4696257 -0.2034407 0.8591052
1403638167.795097 -1.0454733 -0.5093215 0.3854703 0.0074581 -0.4692241 -0.1643463 0.8676194
1403638167.895097 -1.0445482 -0.5149184 0.3965312 0.0065600 -0.4597790 -0.1536116 0.8746220
1403638167.995097 -1.0431364 -0.5209366 0.4087077 0.0075558 -0.4471384 -0.1458122 0.8824675
1403638168.945097 -1.0254881 -0.5943294 0.5347414 0.0093885 -0.3404256 -0.1660108 0.9254527
1403638169.095097 -1.0262107 -0.6029039 0.5560127 0.0193462 -0.3459218 -0.1607317 0.9241911
1403638169.545097 -1.0314913 -0.6246276 0.6219044 0.0362313 -0.3491177 -0.0860332 0.9324175
1403638169.645097 -1.0303323 -0.6294999 0.6366820 0.0401726 -0.3313519 -0.0816402 0.9391096
1403638169.745097 -1.0293318 -0.6351292 0.6511076 0.0413668 -0.3076864 -0.0841090 0.9468598
1403638170.045097 -1.0201974 -0.6562606 0.6919651 0.0667611 -0.2260143 -0.0912511 0.9675400
1403638170.495097 -1.0062293 -0.6783131 0.7420856 0.0549288 -0.1300051 -0.0223799 0.9897377
1403638170.795097 -0.9909928 -0.6912816 0.7688034 0.0629002 -0.0718838 0.0192983 0.9952406
1403638171.495097 -0.9268441 -0.7090691 0.8071679 0.0733318 0.0219709 0.0588474 0.9953274
1403638171.595097 -0.9159427 -0.7093934 0.8101349 0.0764095 0.0275782 0.0643256 0.9946171
1403638171.695097 -0.9037926 -0.7089008 0.8122611 0.0794982 0.0339632 0.0723676 0.9936244
1403638172.295097 -0.8142022 -0.7011212 0.7994407 0.0891074 0.0730369 0.0803422 0.9900862
1403638172.395097 -0.7973248 -0.6969970 0.7941749 0.0893580 0.0737081 0.0794458 0.9900862
1403638172.595097 -0.7620275 -0.6841859 0.7818136 0.0964361 0.0697890 0.0813119 0.9895544
1403638172.845097 -0.7153367 -0.6621919 0.7617706 0.0971879 0.0603898 0.0861032 0.9896938
1403638173.745097 -0.5224873 -0.5392979 0.6616994 0.0598329 0.0658112 0.0428644 0.9951138
1403638174.045097 -0.4579605 -0.4886360 0.6248752 0.0567963 0.0686256 0.0432916 0.9950832
1403638174.145097 -0.4362897 -0.4739070 0.6117785 0.0557828 0.0687746 0.0421921 0.9951774
1403638174.245097 -0.4150158 -0.4588135 0.5982662 0.0480189 0.0687609 0.0410705 0.9956301
1403638174.645097 -0.3337638 -0.3946868 0.5479904 0.0216334 0.0670399 0.0377584 0.9968008
1403638174.845097 -0.2939794 -0.3673971 0.5244598 0.0086543 0.0676188 0.0331372 0.9971232
1403638174.945097 -0.2755778 -0.3557755 0.5134824 0.0058945 0.0689586 0.0314089 0.9971076
1403638175.045097 -0.2582032 -0.3448948 0.5026813 0.0069117 0.0711396 0.0300224 0.9969905
1403638175.295097 -0.2114313 -0.3199595 0.4778366 0.0038913 0.0746451 0.0283526 0.9967994
1403638175.745097 -0.1373520 -0.2945367 0.4437699 -0.0495266 0.0782300 0.0217362 0.9954671
1403638175.845097 -0.1226723 -0.2918854 0.4396039 -0.0567996 0.0783468 0.0196413 0.9951130
1403638176.045097 -0.0929551 -0.2844142 0.4375955 -0.0461824 0.0811633 0.0047576 0.9956189
1403638176.945097 -0.0024002 -0.2854311 0.4557840 0.0207090 0.0819748 0.0079780 0.9963873
1403638177.145097 0.0099849 -0.2882985 0.4599983 0.0181987 0.0844259 0.0023286 0.9962608
1403638177.745097 0.0298245 -0.2887391 0.4841889 0.0201220 0.0761409 0.0382417 0.9961603
1403638179.095097 0.0879334 -0.2813512 0.5062895 0.0128034 0.2619738 0.1328849 0.9557967
1403638179.245097 0.0980935 -0.2770680 0.5064051 0.0012945 0.2779997 0.1311004 0.9515919
1403638179.395097 0.1086216 -0.2715102 0.5074124 -0.0021885 0.2985156 0.1338974 0.9449630
1403638179.995097 0.1563760 -0.2585818 0.5127374 0.0183408 0.4135889 0.1830132 0.8916916
1403638180.145097 0.1683936 -0.2572138 0.5126557 0.0116388 0.4274401 0.1953797 0.8826020
1403638180.245097 0.1771519 -0.2566094 0.5127143 0.0104812 0.4338810 0.1968282 0.8791451
1403638180.845097 0.2336142 -0.2470546 0.5153183 -0.0093472 0.4337951 0.1914884 0.8803787
1403638181.195097 0.2724288 -0.2456088 0.5199099 0.0039786 0.4233081 0.1948780 0.8847694
1403638181.295097 0.2842690 -0.2445242 0.5218908 0.0166454 0.4241054 0.1972002 0.8837249
1403638181.595097 0.3215844 -0.2387350 0.5269509 0.0558138 0.4629489 0.2163546 0.8577610
1403638181.895097 0.3588062 -0.2314408 0.5236431 0.0350564 0.5267074 0.2217388 0.8198673
1403638182.495097 0.4292085 -0.2269563 0.5039351 0.0015002 0.5574002 0.2596168 0.7886076
1403638182.595097 0.4416836 -0.2269483 0.4997236 -0.0082341 0.5595620 0.2508855 0.7898601
1403638182.695097 0.4550727 -0.2277694 0.4953908 -0.0124245 0.5586569 0.2473787 0.7915503
1403638182.895097 0.4828956 -0.2299251 0.4877041 -0.0066415 0.5556915 0.2442837 0.7946624
1403638182.995097 0.4976757 -0.2304786 0.4841592 0.0011440 0.5555136 0.2401284 0.7960790
1403638183.295097 0.5406902 -0.2296531 0.4757707 0.0018247 0.5572555 0.2250817 0.7992504
1403638183.695097 0.5989642 -0.2247222 0.4714132 -0.0142320 0.5550967 0.2275945 0.7999161
1403638183.995097 0.6439470 -0.2265183 0.4702025 0.0059168 0.5623046 0.2119566 0.7992828
1403638184.445097 0.7073683 -0.2357110 0.4729979 -0.0052997 0.5603073 0.2232792 0.7976052
1403638184.545097 0.7215336 -0.2371914 0.4746269 -0.0019516 0.5617536 0.2203336 0.7974222
1403638184.995097 0.7844759 -0.2456187 0.4870320 0.0030774 0.5643767 0.2184114 0.7960942
1403638185.295097 0.8242220 -0.2533802 0.4971866 -0.0031443 0.5657222 0.2130068 0.7966031
1403638185.695097 0.8729668 -0.2671826 0.5160198 0.0059312 0.5454904 0.1833943 0.8177845
1403638186.195097 0.9250247 -0.2841040 0.5458345 0.0115826 0.5095559 0.2120880 0.8338089
1403638186.895097 0.9962171 -0.3070083 0.5853271 -0.0066803 0.5127453 0.1800353 0.8394254
1403638187.645097 1.0549707 -0.3466711 0.6377931 0.0336112 0.3770826 0.1357541 0.9155598
1403638190.095097 0.9996700 -0.4186621 0.7025474 0.0037057 0.2575496 0.1133120 0.9595910
1403638191.345097 0.9044551 -0.4253479 0.7175246 0.0219170 0.2293166 0.0852205 0.9693663
1403638191.945097 0.8515766 -0.4341147 0.7207409 0.0107267 0.2379264 0.0738833 0.9684097
1403638192.245097 0.8233714 -0.4398395 0.7280276 0.0178058 0.2370201 0.0759591 0.9683670
1403638192.395097 0.8093855 -0.4467320 0.7303245 0.0303019 0.2353750 0.0784414 0.9682600
1403638193.795097 0.6621537 -0.4935301 0.6933330 0.0461829 0.1959222 0.0729743 0.9768093
1403638194.245097 0.6136977 -0.4880600 0.6607610 0.0515612 0.1986199 0.0723126 0.9760443
1403638194.395097 0.5970169 -0.4832869 0.6505266 0.0467888 0.1985692 0.0755471 0.9760501
1403638194.545097 0.5815731 -0.4801020 0.6387741 0.0360647 0.1978315 0.0788545 0.9763934
1403638194.695097 0.5657567 -0.4771121 0.6268318 0.0233928 0.1977946 0.0816571 0.9765563
1403638195.695097 0.4793798 -0.4533415 0.5807998 0.0167794 0.2001388 0.0823467 0.9761567
1403638196.095097 0.4551493 -0.4490462 0.5768508 -0.0031632 0.1971645 0.0856187 0.9766195
1403638196.445097 0.4391935 -0.4548586 0.5762987 0.0177697 0.1985113 0.0814268 0.9765486
1403638196.645097 0.4305585 -0.4565810 0.5780808 0.0044889 0.1977195 0.0863334 0.9764391
1403638197.345097 0.4113958 -0.4654070 0.5988731 0.0248073 0.2068317 0.0677585 0.9757121
1403638198.645097 0.3602903 -0.4810604 0.6342697 0.0345101 0.2156449 0.0376395 0.9751357
1403638198.995097 0.3324585 -0.4739699 0.6439549 0.0374902 0.2246160 0.0117640 0.9736548
1403638199.195097 0.3095730 -0.4748932 0.6473339 0.0376339 0.2224321 0.0192836 0.9740307
1403638199.745097 0.2225436 -0.4914305 0.6472102 0.0354673 0.2061863 0.0185271 0.9776943
1403638199.945097 0.1829568 -0.4993096 0.6458845 0.0325977 0.1825465 0.0409281 0.9818040
1403638200.145097 0.1429747 -0.5041539 0.6463872 0.0350529 0.1642274 0.0317487 0.9852881
1403638200.295097 0.1121471 -0.5100632 0.6462307 0.0485309 0.1440870 0.0146930 0.9882650
1403638200.745097 0.0106831 -0.5298473 0.6388728 0.0506843 0.0918692 -0.0396648 0.9936890
1403638200.895097 -0.0269744 -0.5377204 0.6346869 0.0426917 0.0783682 -0.0430498 0.9950792
1403638201.045097 -0.0661379 -0.5431605 0.6302484 0.0433759 0.0630789 -0.0222824 0.9968165
1403638201.195097 -0.1048381 -0.5469831 0.6266926 0.0446107 0.0576057 -0.0123109 0.9972662
1403638201.345097 -0.1450807 -0.5489165 0.6237208 0.0444395 0.0587579 -0.0087381 0.9972444
1403638201.545097 -0.1973715 -0.5482033 0.6199753 0.0481160 0.0629353 -0.0093927 0.9968128
1403638201.695097 -0.2368702 -0.5457002 0.6179709 0.0519558 0.0653679 -0.0088346 0.9964685
1403638201.895097 -0.2896314 -0.5423695 0.6136299 0.0501642 0.0661257 -0.0068051 0.9965263
1403638202.245097 -0.3827279 -0.5333276 0.6038730 0.0380258 0.0360037 0.0039374 0.9986202
1403638202.445097 -0.4346711 -0.5304079 0.5969739 0.0304978 0.0273895 0.0049470 0.9991472
1403638202.645097 -0.4831786 -0.5267015 0.5907722 0.0258286 0.0227846 0.0091085 0.9993652
1403638202.795097 -0.5195765 -0.5214430 0.5879183 0.0264075 0.0238446 0.0084157 0.9993314
1403638203.145097 -0.5988163 -0.5089698 0.5831474 0.0338850 0.0257118 0.0079139 0.9990636
1403638203.545097 -0.6818177 -0.5026191 0.5719411 0.0433862 0.0241577 0.0105508 0.9987105
1403638203.945097 -0.7583990 -0.4959130 0.5579792 0.0411128 0.0231059 0.0101308 0.9988359
1403638204.145097 -0.7933608 -0.4958263 0.5490366 0.0346433 0.0192440 0.0130982 0.9991286
1403638204.295097 -0.8188769 -0.4973198 0.5407305 0.0253529 0.0140473 0.0254952 0.9992546
1403638204.495097 -0.8490456 -0.5000073 0.5316478 0.0129378 0.0089463 0.0438425 0.9989146
1403638204.645097 -0.8691295 -0.5012063 0.5258861 0.0165349 0.0061368 0.0435877 0.9988939
1403638204.795097 -0.8868659 -0.5005969 0.5215424 0.0186296 -0.0038881 0.0236492 0.9995391
1403638205.145097 -0.9231522 -0.4938294 0.5149809 0.0316660 -0.0893373 -0.0507955 0.9942011
1403638205.295097 -0.9399672 -0.4924865 0.5111517 0.0365340 -0.1552727 -0.0773856 0.9841581
1403638205.495097 -0.9608063 -0.4926356 0.5065270 0.0518039 -0.2374274 -0.1162423 0.9630328
1403638205.695097 -0.9842813 -0.4942562 0.4996065 0.0748467 -0.2740895 -0.1542736 0.9462941
1403638205.945097 -1.0122560 -0.4977417 0.4834556 0.0798651 -0.3179885 -0.1745319 0.9284630
1403638206.145097 -1.0362344 -0.5004440 0.4644391 0.0761107 -0.3650779 -0.1824940 0.9097369
1403638206.895097 -1.1188937 -0.4909169 0.3779969 0.0714679 -0.4606276 -0.1757791 0.8670734
1403638207.095097 -1.1356528 -0.4810558 0.3555530 0.0771906 -0.4701172 -0.1724021 0.8621537
1403638207.295097 -1.1492677 -0.4681693 0.3332368 0.0789358 -0.4803386 -0.1721489 0.8563929
1403638207.495097 -1.1590995 -0.4527273 0.3089617 0.0843035 -0.5076047 -0.1786805 0.8386320
1403638207.995097 -1.1679459 -0.4225839 0.2457661 0.0387963 -0.5488533 -0.2085180 0.8085636
1403638208.245097 -1.1681441 -0.4116057 0.2158365 0.0474152 -0.5512843 -0.2009699 0.8083616
1403638209.495097 -1.1407171 -0.3484204 0.1003408 0.0377094 -0.5921086 -0.2181073 0.7748643
1403638209.745097 -1.1316136 -0.3270695 0.0875452 0.0382489 -0.5912552 -0.2159752 0.7760857
1403638209.995097 -1.1205823 -0.2970754 0.0801242 0.0520145 -0.5895171 -0.2162561 0.7765291
1403638210.745097 -1.0665908 -0.2104204 0.0609293 0.0633347 -0.5925378 -0.2012599 0.7774202
1403638210.995097 -1.0403837 -0.1850305 0.0545841 0.0516703 -0.5911087 -0.2061634 0.7780857
1403638211.195097 -1.0167508 -0.1684429 0.0498021 0.0412033 -0.5906030 -0.2101530 0.7780271
1403638211.695097 -0.9521007 -0.1310004 0.0423506 0.0366763 -0.5489489 -0.1883303 0.8135365
1403638212.195097 -0.8799982 -0.0986511 0.0469294 0.0319319 -0.4406006 -0.1396395 0.8862010
1403638212.445097 -0.8419231 -0.0904183 0.0491119 0.0356754 -0.3815134 -0.1227572 0.9154810
1403638212.695097 -0.8016589 -0.0867560 0.0501387 0.0354049 -0.3240337 -0.0975594 0.9403355
1403638212.945097 -0.7598048 -0.0879534 0.0524620 0.0340846 -0.2599791 -0.0728106 0.9622618
1403638213.095097 -0.7344377 -0.0900355 0.0508425 0.0319092 -0.2160770 -0.0554358 0.9742789
1403638213.295097 -0.6995912 -0.0932584 0.0533544 0.0130756 -0.1627728 -0.0214756 0.9863431
1403638213.445097 -0.6721145 -0.0943951 0.0557494 -0.0041914 -0.1245657 0.0094718 0.9921573
1403638213.595097 -0.6440180 -0.0953552 0.0610496 -0.0009321 -0.0867116 0.0275583 0.9958518
1403638213.845097 -0.5942630 -0.0981637 0.0715663 0.0350097 -0.0402947 0.0091533 0.9985324
1403638214.095097 -0.5440314 -0.1042643 0.0793470 0.0267099 -0.0324877 0.0013143 0.9991143
1403638214.795097 -0.4127497 -0.1209883 0.1090328 0.0356632 -0.0528451 -0.0137079 0.9978715
1403638215.395097 -0.3097109 -0.1185968 0.1435014 0.0385277 -0.0549276 -0.0271402 0.9973776
1403638215.695097 -0.2638460 -0.1178876 0.1569643 0.0433235 -0.0539591 -0.0290786 0.9971790
1403638216.295097 -0.1842202 -0.1150798 0.1767240 0.0458023 -0.0360553 -0.0170556 0.9981539
1403638216.545097 -0.1544323 -0.1160360 0.1806015 0.0486645 -0.0328115 -0.0180265 0.9981133
1403638216.995097 -0.1074593 -0.1099703 0.1857141 0.0536150 -0.0138645 -0.0165367 0.9983285
1403638217.245097 -0.0854362 -0.1024332 0.1873417 0.0421377 0.0178216 0.0035067 0.9989467
1403638217.995097 -0.0331000 -0.0979805 0.1791030 0.0352186 0.0497029 -0.0182996 0.9979752
1403638219.045097 -0.0235632 -0.0943917 0.1566316 0.0294039 0.0472720 0.0279764 0.9980571
1403638223.245097 -0.0271865 -0.0084230 0.0005904 0.0181291 0.0675753 0.0300588 0.9970965
1403638223.595097 -0.0280431 -0.0038297 -0.0057268 0.0274850 0.0604268 0.0496630 0.9965575
1403638224.745097 -0.0252021 0.0159242 -0.0113113 0.0165087 0.0697045 0.0249171 0.9971198
1403638226.045097 -0.0288904 0.0278202 -0.0045096 0.0041955 0.0645292 0.0199211 0.9977081
1403638226.145097 -0.0324323 0.0260756 -0.0062736 0.0045545 0.0535424 0.0455685 0.9975149
1403638228.195097 -0.0328494 0.0274954 -0.0044466 0.0054759 0.0648087 0.0190460 0.9977009
