1413393886.005760 0.0000543 0.0000209 0.0001011 -0.0000046 -0.0000000 0.0000022 1.0000000
1413393889.255760 0.0000587 -0.0018452 -0.0006744 0.0019497 -0.0001470 0.0004669 0.9999980
1413393889.305761 0.0002069 -0.0018989 -0.0006105 0.0013066 -0.0004951 0.0005156 0.9999989
1413393889.605761 0.0036637 -0.0022935 -0.0057836 -0.0185802 0.0015147 0.0011208 0.9998256
1413393891.905761 -0.4044201 -0.2568518 -0.2192583 0.1024779 0.0078598 -0.0058225 0.9946872
1413393893.005760 -0.7200311 0.1379354 -1.4140098 -0.1251741 0.0229882 -0.0157055 0.9917440
1413393893.105761 -0.7569053 0.1535239 -1.4542161 -0.1309962 0.0214120 -0.0162273 0.9910188
1413393893.355760 -0.8578009 0.1403058 -1.4690005 -0.1059303 0.0169848 -0.0071352 0.9942029
1413393893.555760 -0.9406477 0.0913599 -1.4064282 -0.0949867 0.0109541 0.0143007 0.9953156
1413393893.655760 -0.9772223 0.0590203 -1.3552837 -0.0925027 0.0071791 0.0227703 0.9954262
1413393893.955760 -1.0532628 -0.0701433 -1.1251214 -0.0530342 0.0059854 0.0288663 0.9981574
1413393894.055760 -1.0639939 -0.1197108 -1.0317312 -0.0385289 0.0062905 0.0263105 0.9988912
1413393894.155760 -1.0679938 -0.1685835 -0.9377711 -0.0324860 0.0051379 0.0268390 0.9990985
1413393894.605761 -1.0409936 -0.3362755 -0.4554083 -0.0242881 0.0078795 0.0190940 0.9994916
1413393894.905761 -0.9798394 -0.3881585 -0.1046493 -0.0130583 0.0073433 0.0119261 0.9998167
1413393895.055760 -0.9443860 -0.4257545 0.0650072 0.0041263 0.0064029 0.0087206 0.9999329
1413393895.355760 -0.8672389 -0.5021535 0.3766853 0.0029764 0.0052441 0.0031384 0.9999769
1413393895.505760 -0.8296046 -0.5207624 0.5281808 0.0095984 0.0087521 0.0030104 0.9999111
1413393895.655760 -0.7857521 -0.5338016 0.6701105 0.0083409 0.0233730 0.0086716 0.9996544
1413393895.805761 -0.7385750 -0.5547137 0.7992566 0.0167388 0.0510228 0.0138473 0.9984612
1413393896.955760 -0.5018250 -0.7380654 1.2501358 0.0065124 0.4572990 0.2353084 0.8575926
1413393899.205760 0.0635942 -1.1299658 1.9275097 -0.0850317 0.6290273 0.2472799 0.7320840
1413393899.505760 0.1984653 -1.2690291 1.9420400 0.1172741 0.6643625 0.0940437 0.7321373
1413393899.605761 0.1947311 -1.3135761 1.9507316 0.1633526 0.6565307 0.0840717 0.7315841
1413393899.705760 0.1475602 -1.3328382 1.9354838 0.1709794 0.6391118 0.1097385 0.7417949
1413393900.155760 -0.2148359 -1.3322108 1.8429811 -0.0636523 0.5676181 0.3517691 0.7416310
1413393900.305761 -0.2615001 -1.2868949 1.7605735 -0.1118638 0.5861369 0.3235328 0.7343408
1413393900.505760 -0.2403191 -1.2183981 1.6468309 -0.0814588 0.6326408 0.2195489 0.7381926
1413393901.155760 -0.3059916 -0.9698891 1.4363086 0.0132280 0.6241860 0.2332207 0.7455367
1413393901.455760 -0.4099105 -0.8808552 1.2833446 -0.1114862 0.6080487 0.2737996 0.7368049
1413393902.405761 0.0719247 -0.9113318 1.2513760 -0.0438853 0.6449983 0.1835302 0.7405187
1413393903.805761 1.0878882 -1.3022029 1.8766700 0.0404889 0.7316816 0.2499556 0.6328703
1413393904.405761 1.4072556 -1.2890618 1.8936510 0.0269011 0.7569433 0.2713169 0.5938857
1413393904.555760 1.4607044 -1.3091853 1.8300778 0.0210126 0.7667793 0.2685447 0.5826591
1413393904.655760 1.4949940 -1.3254062 1.7815832 -0.0123798 0.7779219 0.2710763 0.5667468
1413393904.805761 1.5481983 -1.3281580 1.7098871 -0.0580901 0.7929993 0.2883689 0.5334988
1413393905.455760 1.9124976 -1.2116119 1.5114033 -0.0068191 0.8933604 0.2735898 0.3563837
1413393906.055760 2.1889372 -1.1189063 1.3937000 0.0510913 0.9159474 0.3555813 0.1788632
1413393906.255760 2.2156522 -1.0834919 1.2976145 -0.0030944 0.9353298 0.3281597 0.1321355
1413393906.455760 2.2334266 -1.0182099 1.2057561 -0.0244518 0.9492462 0.2979317 0.0978292
1413393907.405761 2.2371118 -0.6030967 1.0384221 -0.0679609 0.9538181 0.2907985 0.0323807
1413393909.755760 2.2945459 -0.5277230 1.7073436 -0.0294725 0.9397730 0.3403695 -0.0103312
1413393909.955760 2.3108122 -0.4846405 1.8051035 -0.0294838 0.9283252 0.3699391 -0.0220918
1413393910.055760 2.3237147 -0.4523467 1.8408773 -0.0291896 0.9241498 0.3799458 -0.0271380
1413393910.255760 2.3647039 -0.4081843 1.8565998 -0.0217320 0.9180685 0.3941666 -0.0362027
1413393910.355760 2.3910632 -0.3980542 1.8337266 -0.0155784 0.9138069 0.4038678 -0.0400643
1413393910.505760 2.4300191 -0.3921216 1.7590734 0.0109214 0.9065141 0.4198994 -0.0423954
1413393910.705760 2.4675643 -0.3529288 1.6020952 0.0239346 0.9128063 0.4063345 -0.0332289
1413393910.905761 2.4825652 -0.2626078 1.3968194 0.0194803 0.9276157 0.3727463 -0.0144861
1413393911.005760 2.4841282 -0.2054335 1.2875258 0.0118806 0.9373088 0.3482908 -0.0021175
1413393911.155760 2.4833319 -0.1053717 1.1197119 0.0074295 0.9457238 0.3244027 0.0177263
1413393911.805761 2.4660871 0.2017807 0.4558277 -0.0208214 0.9605529 0.2764826 0.0214931
1413393911.955760 2.4793370 0.1948708 0.3395053 0.0006481 0.9470930 0.3206086 0.0149865
1413393912.055760 2.4856625 0.1761081 0.2590781 0.0236814 0.9325162 0.3601770 0.0111968
1413393912.155760 2.4892273 0.1487763 0.1667097 0.0348494 0.9210185 0.3878998 0.0066396
1413393912.305761 2.4837015 0.1139597 0.0041583 0.0380918 0.9127464 0.4067469 0.0001439
1413393912.455760 2.4668252 0.0872002 -0.1951393 0.0354983 0.9226893 0.3838631 -0.0057829
1413393912.555760 2.4466691 0.0761678 -0.3411239 0.0327241 0.9350015 0.3530613 -0.0070036
1413393912.655760 2.4202280 0.0756438 -0.4890138 0.0286901 0.9425461 0.3327907 -0.0058279
1413393912.755760 2.3891950 0.0857656 -0.6382592 0.0209210 0.9492503 0.3138019 -0.0038162
1413393912.855760 2.3574033 0.1048309 -0.7818969 0.0114206 0.9535467 0.3009438 -0.0071531
1413393912.955760 2.3206568 0.1323248 -0.9143236 0.0064731 0.9550884 0.2956901 -0.0182104
1413393913.405761 2.1230228 0.3094929 -1.4338660 0.0623876 0.9475151 0.2762824 -0.1482937
1413393913.705760 1.8907814 0.4036546 -1.6682966 0.0601201 0.9300498 0.2401160 -0.2715460
1413393913.855760 1.7539225 0.4245921 -1.7389929 0.0496492 0.9157919 0.2202793 -0.3321706
1413393914.005760 1.6094414 0.4159872 -1.7785320 0.0351685 0.8956847 0.2124770 -0.3890575
1413393914.155760 1.4706154 0.3996080 -1.7797250 0.0024259 0.8688917 0.2118782 -0.4473579
1413393914.305761 1.3430424 0.3606938 -1.7571622 0.0105567 -0.8294015 -0.2435522 0.5026569
1413393914.505760 1.1977319 0.3051616 -1.7150434 0.0004584 -0.7836524 -0.2525008 0.5675668
1413393914.605761 1.1304015 0.2723695 -1.6944413 -0.0087086 -0.7661413 -0.2420088 0.5953011
1413393914.905761 0.9370973 0.1684242 -1.6151671 -0.0382202 -0.7104900 -0.2200294 0.6673306
1413393915.005760 0.8733632 0.1319068 -1.5817355 -0.0352571 -0.6910961 -0.2346992 0.6826854
1413393915.305761 0.6564485 0.0323916 -1.4684899 -0.0279549 -0.6674397 -0.2579364 0.6980054
1413393917.005760 -0.4425189 -0.1540919 -1.6638129 -0.0136376 -0.5295289 -0.1738255 0.8301794
1413393917.305761 -0.5710991 -0.1923883 -1.7596171 -0.0256104 -0.4232055 -0.1008334 0.9000410
1413393917.505760 -0.6224248 -0.2161939 -1.7892667 -0.0455095 -0.3380005 -0.0741812 0.9371135
1413393917.905761 -0.6737893 -0.2135949 -1.7367836 -0.0255876 -0.1334431 -0.0311961 0.9902349
1413393918.505760 -0.5962476 -0.2731527 -1.5775380 -0.0337060 0.1307102 0.0965625 0.9861310
1413393918.655760 -0.5229121 -0.2977266 -1.5320852 -0.0272897 0.2041650 0.1202510 0.9711393
1413393918.755760 -0.4580906 -0.3151781 -1.5001382 -0.0154480 0.2571893 0.1416253 0.9558019
1413393919.055760 -0.2123455 -0.3649293 -1.4482270 0.0391720 0.4348867 0.1845589 0.8804982
1413393919.255760 -0.0389638 -0.3806958 -1.4654145 0.0613869 0.5469220 0.1967902 0.8114071
1413393919.505760 0.1302130 -0.3672839 -1.5399561 0.1050948 0.6434192 0.2208143 0.7254018
1413393920.005760 0.2412951 -0.1145239 -1.8449032 0.0577325 0.7348376 0.1841060 0.6502197
1413393920.205760 0.1926728 0.0362167 -1.9728490 0.0332147 0.7323028 0.1868255 0.6540074
1413393920.405761 0.1034127 0.1932717 -2.0813580 0.0176344 0.7256914 0.1948743 0.6596098
1413393921.355760 -0.3843706 0.7538064 -2.4298596 -0.0772245 0.6932002 0.2475963 0.6724626
1413393921.555760 -0.3967452 0.8164809 -2.4576011 -0.0477696 0.6998982 0.2314451 0.6740132
1413393922.255760 -0.3678190 1.1143942 -2.3942337 -0.0394142 0.7100335 0.2288660 0.6647701
1413393922.355760 -0.3656727 1.1567193 -2.3719389 -0.0595055 0.7025651 0.2531258 0.6624113
1413393922.605761 -0.3095884 1.2421708 -2.3127463 -0.0324632 0.6967503 0.2827739 0.6584254
1413393922.805761 -0.2202151 1.3001164 -2.2875893 -0.0045304 0.6976530 0.2803278 0.6592997
1413393923.005760 -0.1055302 1.3542882 -2.2925668 -0.0443182 0.6990857 0.2738797 0.6590182
1413393923.105761 -0.0339685 1.3650247 -2.3065538 -0.0637371 0.7011419 0.2681930 0.6575790
1413393923.305761 0.1485949 1.3588721 -2.3381047 -0.0660755 0.7039266 0.2646904 0.6557899
1413393923.505760 0.3712098 1.3359776 -2.3650570 -0.0039556 0.6857975 0.2778193 0.6726682
1413393923.605761 0.4873932 1.3271297 -2.3863249 0.0159835 0.6651684 0.2695342 0.6961658
1413393923.905761 0.8352914 1.3159217 -2.4878435 -0.0254405 0.5758855 0.2043787 0.7911625
1413393924.005760 0.9502765 1.3159016 -2.5252779 -0.0344695 0.5400619 0.1911777 0.8188993
1413393924.155760 1.1288098 1.3111837 -2.5839510 -0.0538396 0.4928896 0.1630926 0.8529724
1413393924.455760 1.4926286 1.2904079 -2.6475396 -0.0895579 0.4414237 0.0423678 0.8918124
1413393924.605761 1.6456175 1.2527773 -2.6271255 -0.0905725 0.4344290 -0.0002586 0.8961406
1413393924.755760 1.7601384 1.1796783 -2.5603001 -0.0721439 0.4369348 -0.0352013 0.8959041
1413393925.055760 1.8049337 0.8804582 -2.3056173 -0.0484427 0.4204436 0.0653234 0.9036666
1413393925.155760 1.7891331 0.7546289 -2.2040834 -0.0422897 0.3994936 0.1055129 0.9096612
1413393925.355760 1.7583443 0.4978310 -1.9836594 -0.0439113 0.3385717 0.1583539 0.9264799
1413393925.605761 1.7715693 0.1883157 -1.7134870 -0.0338400 0.3083298 0.1318514 0.9414897
1413393925.905761 1.8429034 -0.0710193 -1.3565797 -0.0190567 0.2996486 0.1101445 0.9474787
1413393926.055760 1.8891016 -0.1371190 -1.1612753 0.0090533 0.3014206 0.1016658 0.9480125
1413393926.455760 2.0009987 -0.2763166 -0.7145234 0.0147560 0.2967962 0.1133141 0.9480792
1413393926.855760 2.0983915 -0.3482503 -0.3777823 0.0198633 0.2436553 0.0738000 0.9668459
1413393926.955760 2.1164200 -0.3785248 -0.3139977 0.0060785 0.2194431 0.0706269 0.9730465
1413393927.355760 2.2175634 -0.5755858 -0.1181974 -0.0467553 0.1493600 0.0951758 0.9830804
1413393927.555760 2.3170786 -0.6895723 -0.0069449 -0.0504795 0.1421076 0.0366712 0.9878829
1413393928.155760 2.4457200 -1.0988076 0.3978164 0.0104370 0.1166734 -0.0760224 0.9902015
1413393928.255760 2.4102416 -1.1508262 0.4651140 0.0092515 0.1164235 -0.0711875 0.9906020
1413393928.455760 2.2932003 -1.2485750 0.5961561 0.0119779 0.0993775 -0.0054588 0.9949628
1413393928.905761 2.0117347 -1.3530391 0.8317444 0.0444826 0.1115626 0.0085791 0.9927243
1413393929.005760 1.9501837 -1.3745817 0.8587241 0.0398282 0.1296554 -0.0043667 0.9907492
1413393929.105761 1.8896519 -1.3886491 0.8754193 0.0353411 0.1507914 -0.0068453 0.9879100
1413393930.155760 0.9367842 -1.6105105 0.8248453 0.0136786 0.4601144 0.2011293 0.8646703
1413393930.305761 0.8166702 -1.6122191 0.7980736 0.0129949 0.4836221 0.2050128 0.8508294
1413393930.455760 0.7128404 -1.5819839 0.7547973 -0.0076001 0.5020469 0.1748696 0.8469426
1413393931.355760 0.1603414 -1.1622405 0.5603542 0.0004819 0.4755853 0.1827545 0.8604762
1413393931.505760 0.0862519 -1.1000184 0.5033094 0.0031380 0.4675242 0.1971840 0.8617017
1413393931.955760 -0.0496074 -0.8158066 0.3066938 0.0022675 0.4600490 0.1973502 0.8656805
1413393933.155760 0.0390705 -0.2734146 -0.2914015 0.0146160 0.4962748 0.1087736 0.8612003
1413393933.355760 0.0153618 -0.2474721 -0.3509849 0.0362913 0.4867324 0.1333538 0.8625493
1413393935.405761 -0.3056333 0.5791772 -1.4891154 -0.0731139 0.2820212 0.0975272 0.9516338
1413393935.555760 -0.2630456 0.6058979 -1.5483540 -0.0682797 0.2270395 0.0593322 0.9696755
1413393935.805761 -0.1955683 0.6012034 -1.6000690 -0.0708204 0.1704575 -0.0228415 0.9825513
1413393935.955760 -0.1873790 0.5812660 -1.5948125 -0.0631349 0.1373488 -0.0492854 0.9872792
1413393936.155760 -0.2284796 0.5319183 -1.5545121 -0.0434686 0.0504705 -0.0095621 0.9977333
1413393936.305761 -0.2705873 0.4911775 -1.5137912 -0.0376226 -0.0275160 0.0120894 0.9988400
1413393936.455760 -0.3050259 0.4445081 -1.4683814 -0.0377216 -0.1009152 0.0068220 0.9941562
1413393936.605761 -0.3290855 0.3962649 -1.4113243 -0.0154881 -0.1614771 -0.0278742 0.9863611
1413393939.655760 0.2935565 0.3083725 -2.1783376 -0.1380808 -0.6350368 -0.2952100 0.7003663
1413393940.605761 0.2696765 0.4648967 -2.3430786 -0.0871300 -0.6428758 -0.2422190 0.7214215
1413393940.905761 0.3042147 0.4081386 -2.2966220 -0.1223502 -0.6308459 -0.2313698 0.7304327
1413393941.455760 0.2324734 0.1968680 -2.0257261 0.0058277 -0.6608784 -0.1862264 0.7269976
1413393941.805761 0.2787838 0.0832665 -1.8176130 -0.1043778 -0.6205184 -0.2972591 0.7181219
1413393943.155760 0.0580669 -0.1843617 -1.1145318 -0.0206847 -0.6288192 -0.2481109 0.7366136
1413393943.605761 -0.0439057 -0.1964924 -0.9877653 0.0560919 -0.6492150 -0.1799624 0.7368766
1413393943.755760 -0.0113831 -0.1915074 -0.9557780 -0.0122553 -0.6271279 -0.2441365 0.7395659
1413393944.105761 -0.0295145 -0.2225878 -0.9195758 -0.0384278 -0.5901771 -0.2414110 0.7693732
1413393944.405761 -0.1229166 -0.2912802 -0.8884497 0.0420322 -0.5734642 -0.1086740 0.8109020
1413393945.055760 -0.0821500 -0.4044560 -0.8188416 -0.0677669 -0.4809586 -0.2193638 0.8461478
1413393945.355760 -0.1578961 -0.4806403 -0.7538357 0.0784876 -0.4659007 -0.1191347 0.8732601
1413393945.505760 -0.1764050 -0.4739849 -0.7363889 0.0709023 -0.4344039 -0.1054896 0.8917051
1413393945.955760 -0.1075053 -0.3744452 -0.7255784 -0.0561432 -0.3024592 -0.1414715 0.9409316
1413393946.505760 -0.1095703 -0.3560133 -0.7408330 0.0217683 -0.1701890 -0.0376501 0.9844513
1413393947.405761 -0.0749299 -0.2651840 -0.7871560 0.0527454 0.1611771 0.0351890 0.9848866
1413393948.305761 -0.0016185 0.0340108 -0.9584206 0.0086603 0.4300604 0.0773136 0.8994419
1413393948.605761 -0.0317800 0.0566191 -0.9859949 0.0406374 0.4659536 0.1105274 0.8769376
1413393950.305761 -0.5850477 0.0611325 -1.5004220 -0.0566545 0.6544509 0.2595879 0.7078831
1413393951.105761 -0.4811876 0.3542323 -2.1374059 -0.0403717 0.6885402 0.1997741 0.6959690
1413393951.655760 -0.3281764 0.5430194 -2.3780124 -0.0432436 0.6909234 0.2276472 0.6847858
1413393952.005760 -0.1802849 0.6751466 -2.4452746 -0.0288092 0.7053088 0.2177929 0.6739998
1413393952.455760 0.0267393 0.7050409 -2.4866030 -0.0141304 0.7059208 0.2183203 0.6736560
1413393952.705760 0.1356725 0.6810401 -2.4943717 -0.0218453 0.6747167 0.2018149 0.7096132
1413393953.005760 0.2610845 0.6407201 -2.4778109 -0.0100835 0.6330505 0.2095495 0.7451406
1413393954.505760 0.7500492 0.6713656 -2.6389413 -0.0709304 0.5264022 0.1984453 0.8237045
1413393954.855760 0.9222573 0.6209190 -2.6009777 -0.0837161 0.4610292 0.1758443 0.8657497
1413393955.255760 1.2543083 0.5245329 -2.4516695 -0.0365668 0.4386147 0.1397733 0.8869856
1413393955.855760 1.7312807 0.4062532 -2.1579854 -0.0116066 0.3187799 0.0146942 0.9476438
1413393956.655760 1.9725184 0.2813592 -1.6880620 0.0057159 0.1035912 0.0213089 0.9943752
1413393957.055760 2.0285871 0.2104672 -1.4975185 -0.0262620 -0.0496285 -0.0032120 0.9984173
1413393957.455760 2.0935304 0.1317866 -1.2864848 -0.0200578 -0.2033283 -0.0701202 0.9763905
1413393958.255760 2.2356229 0.1338328 -0.8945659 0.0103070 -0.4135849 -0.1841776 0.8915828
1413393958.455760 2.2399855 0.0867480 -0.8786871 -0.0143471 -0.4299935 -0.1589033 0.8886222
1413393959.105761 2.1468000 0.1383425 -0.7089098 -0.0107321 -0.4260309 -0.1269145 0.8956982
1413393959.605761 2.0887856 0.2370426 -0.5327580 0.0174837 -0.4147290 -0.1316673 0.9001988
1413393959.955760 2.1163042 0.2756250 -0.4844080 0.0191576 -0.4100440 -0.1363187 0.9016175
1413393960.555760 2.1553330 0.3072599 -0.4923751 -0.0203942 -0.4201621 -0.1634518 0.8923740
1413393960.755760 2.1249003 0.3744566 -0.4705172 -0.0071698 -0.4705476 -0.1736029 0.8650986
1413393960.905761 2.0982842 0.4585662 -0.4511917 -0.0239793 -0.5038473 -0.1938761 0.8414125
1413393961.055760 2.0606852 0.5281028 -0.4334212 -0.0449569 -0.5239494 -0.2023428 0.8261436
1413393961.355760 1.9451872 0.5530934 -0.4021402 0.0289131 -0.5594223 -0.1257276 0.8187816
1413393961.905761 2.0002763 0.3260605 -0.4642517 0.0080003 -0.5364821 -0.1853210 0.8232734
1413393962.205760 2.0782042 0.0566941 -0.5845044 -0.0235133 -0.5309102 -0.2049858 0.8219259
1413393962.455760 2.0995686 -0.2013773 -0.6991942 -0.0548403 -0.5212514 -0.2286302 0.8203766
1413393962.655760 2.0776165 -0.3427365 -0.7541600 -0.0779952 -0.4891116 -0.2453890 0.8333492
1413393962.855760 1.9885377 -0.4469639 -0.7757124 -0.0334049 -0.4353894 -0.2340725 0.8686370
1413393963.055760 1.8584218 -0.5190927 -0.8013611 0.0146551 -0.3625838 -0.2069810 0.9085577
1413393963.305761 1.6539116 -0.5417649 -0.8546634 0.0363054 -0.2753735 -0.1381613 0.9506644
1413393963.905761 1.1049253 -0.3267650 -1.0981665 0.0307834 -0.0778949 -0.0545630 0.9949913
1413393964.805761 0.2756565 0.3121125 -1.6493250 0.0000592 0.1445941 0.0916590 0.9852366
1413393965.255760 0.0922412 0.5408973 -1.9827163 -0.0823994 0.2194767 0.2038566 0.9505171
1413393969.155760 -0.5117238 -0.0296461 -0.7587442 0.0130759 0.5727227 0.1753798 0.8006620
1413393971.655760 -0.7107865 -0.2362218 -0.4233657 0.0499637 0.7063733 0.2073539 0.6749405
1413393972.405761 -1.2570918 -0.2817836 -0.2666063 -0.0078021 0.7108026 0.2597082 0.6536440
1413393972.755760 -1.4547395 -0.2267077 -0.3151366 -0.0612505 0.7167272 0.2394669 0.6520783
1413393973.505760 -1.6325024 -0.1964253 -0.1593297 0.0164292 0.7457048 0.1425810 0.6506343
1413393973.905761 -1.8864695 -0.2446344 0.0817228 0.0742051 0.6940683 0.2671982 0.6643553
1413393974.355760 -2.1840861 -0.2669040 0.0815325 -0.1277757 0.6399647 0.3775350 0.6569520
1413393974.555760 -2.1081376 -0.2858851 -0.0268988 -0.1915112 0.6582515 0.3015772 0.6626309
1413393974.755760 -1.8924080 -0.3528245 -0.0982193 -0.1546949 0.6875718 0.2032186 0.6797181
1413393975.105761 -1.4192086 -0.4515992 -0.0334757 -0.0151087 0.7045176 0.1719434 0.6883765
1413393975.655760 -0.8603667 -0.5179932 0.2334401 0.0116806 0.7092726 0.1595729 0.6865366
1413393978.755760 -0.2185475 -0.8965526 0.9550920 0.0212199 0.7621539 0.2570383 0.5938033
1413393979.405761 -0.1875280 -0.9752269 0.8891957 0.0433088 0.8638638 0.3034054 0.3997610
1413393979.855760 -0.3156243 -0.8504609 0.7541211 0.0404318 0.9149306 0.3160118 0.2477979
1413393980.305761 -0.5661735 -0.7262449 0.5246050 -0.0297821 0.9268647 0.3564097 0.1140482
1413393981.505760 -0.7293206 -0.5078222 -0.4979549 0.0055021 0.9331474 0.3454429 0.0993727
1413393981.905761 -0.7505236 -0.3745285 -0.9552608 -0.0364122 0.9357034 0.3306033 0.1176213
1413393982.455760 -0.6021530 -0.1467900 -1.5422021 -0.0408336 0.9071860 0.2964913 0.2957008
1413393983.005760 -0.2898617 -0.0016614 -1.9837893 -0.0674092 0.7709914 0.2257669 0.5916566
1413393984.705760 0.1021252 -0.3735831 -1.3421097 -0.0001894 0.1445195 -0.0233886 0.9892255
1413393986.105761 -0.7580165 -0.5374708 -0.0357466 -0.0335892 0.4632736 0.2107893 0.8601263
1413393986.705760 -0.7219478 -0.6322814 0.2676749 -0.0046486 0.6423475 0.2301131 0.7310377
1413393987.255760 -0.5977034 -0.7152206 0.4252727 -0.0236274 0.7277647 0.2204005 0.6490176
1413393990.405761 0.2104968 -1.1380956 1.9805760 0.0413001 0.8949283 0.2954137 0.3318560
1413393990.755760 0.1542144 -1.0874399 2.0574782 0.0155020 0.8946726 0.3950519 0.2079777
1413393991.205760 0.1577250 -1.0291739 1.8657047 -0.0597801 0.9434661 0.2723722 0.1791969
1413393991.455760 0.2319728 -1.0184354 1.7784580 0.0062023 0.9617766 0.1937392 0.1934228
1413393993.255760 0.0166035 -1.1775763 1.7536947 -0.0307865 0.9131314 0.3593967 0.1899401
1413393993.605761 0.0213106 -1.2044985 1.7172174 -0.0454096 0.9132702 0.3578472 0.1892640
1413393993.905761 0.0982467 -1.2185256 1.6141254 -0.0183587 0.9617818 0.1953817 0.1909573
1413393994.305761 0.1476180 -1.2497545 1.7571703 0.0449333 0.9566179 0.2116737 0.1950832
1413393994.655760 0.0680335 -1.3563411 2.0678647 -0.0028282 0.8796746 0.4368422 0.1879721
1413393995.355760 0.0947395 -1.1981977 2.0986168 0.0468249 0.9245789 0.3166441 0.2066343
1413393995.755760 0.0651236 -1.0703689 1.9912586 0.0248224 0.8932692 0.2768231 0.3533028
1413393997.105761 -0.5727471 -0.6704510 1.7613065 -0.0376364 0.7635888 0.2600899 0.5898040
1413393997.555760 -0.6698596 -0.5528648 1.7196385 -0.0237915 0.7551017 0.2357176 0.6113039
1413393998.005760 -0.7299676 -0.4292849 1.7338274 -0.0274257 0.7560539 0.2368369 0.6095397
1413393998.355760 -0.7516023 -0.3987691 1.7732803 -0.0280087 0.7633505 0.2395686 0.5992648
1413393998.655760 -0.7484294 -0.4139794 1.8247398 -0.0050083 0.7599060 0.2666753 0.5927918
1413393998.955760 -0.7343980 -0.4110196 1.8631443 0.0096858 0.7602769 0.2647304 0.5931299
1413393999.505760 -0.7075765 -0.3574035 1.9092456 -0.0083824 0.7574863 0.2749488 0.5920703
1413393999.755760 -0.6757861 -0.3342028 1.9173104 0.0128515 0.7566689 0.2792584 0.5910176
1413393999.955760 -0.6507419 -0.2880242 1.9104511 0.0144706 0.7563506 0.2774542 0.5922360
1413394002.555760 -0.6489030 -0.2647023 1.9060541 0.0009229 0.7785026 0.2407867 0.5796158
1413394003.255760 -0.6490337 -0.2647681 1.9059930 0.0007883 0.7784805 0.2409784 0.5795661
