1403715278.862143 0.0000000 0.0000000 0.0000000 0.0000000 0.0000000 0.0000000 1.0000000
1403715279.012143 -0.0037317 -0.0248664 0.0028823 0.0025048 0.0009562 -0.0011356 0.9999958
1403715279.062143 -0.0046296 -0.0305160 0.0046705 0.0017601 0.0011690 -0.0014769 0.9999967
1403715283.812143 -0.0270891 -0.1667670 0.4460563 -0.0153886 0.6404036 0.2279892 0.7332580
1403715285.462143 0.0453952 -0.1779502 0.5459756 -0.0026169 0.6988105 0.2629184 0.6652300
1403715285.812143 0.0533350 -0.2313541 0.5170807 -0.0022641 0.7058591 0.2721617 0.6539770
1403715285.962143 0.0603106 -0.2488026 0.4988159 -0.0147534 0.7102239 0.2631997 0.6527560
1403715286.262143 0.0800789 -0.2748545 0.4627838 -0.0212708 0.7115436 0.2629966 0.6512188
1403715287.312143 0.2120468 -0.3211190 0.3706655 -0.0208307 0.7564736 0.2535884 0.6025004
1403715288.262143 0.3189135 -0.3649680 0.3040848 0.0014347 0.8375254 0.2859201 0.4656166
1403715288.962143 0.3327899 -0.3516188 0.2558845 -0.0113547 0.8481699 0.2889425 0.4438368
1403715289.312143 0.3301477 -0.3073875 0.2422074 -0.0228326 0.8624676 0.2961898 0.4097559
1403715289.512143 0.3323364 -0.2773743 0.2394474 -0.0249885 0.8735859 0.3048596 0.3785287
1403715291.112143 0.5282525 -0.2180743 0.1538726 0.0107812 0.8788847 0.3169636 0.3563419
1403715291.462143 0.5782351 -0.2008594 0.1192010 0.0244541 0.8869354 0.3233576 0.3289188
1403715292.062143 0.6147508 -0.1369358 0.0292465 -0.0131030 0.8984453 0.3300216 0.2893269
1403715300.362143 1.0197496 0.0492520 -0.3379350 0.0182409 -0.3385109 -0.1206808 0.9330133
1403715304.762143 0.9771299 0.2471258 -0.6250770 0.0016115 -0.5306767 -0.1844698 0.8272548
1403715305.162143 0.9798068 0.2596289 -0.6435280 -0.0044069 -0.5231459 -0.1872459 0.8314072
1403715305.462143 0.9830858 0.2542293 -0.6636142 -0.0100906 -0.5273514 -0.1898963 0.8280930
1403715305.812143 0.9855293 0.2115775 -0.6953297 -0.0113613 -0.5420257 -0.1891383 0.8187220
1403715307.812143 1.2085097 0.1152086 -0.6852224 -0.0255918 -0.2083648 -0.0923871 0.9733415
1403715308.412143 1.2585479 0.1857108 -0.6786162 -0.0261583 -0.0750948 -0.0555329 0.9952852
1403715308.612143 1.2595249 0.2004994 -0.6697408 -0.0272378 -0.0635664 -0.0365921 0.9969345
1403715317.812143 1.5327275 -0.0186881 -0.2163582 -0.0058497 0.5907775 0.2117775 0.7785230
1403715318.012143 1.5223682 -0.0173671 -0.1978585 0.0005058 0.6229795 0.2363766 0.7456691
1403715318.512143 1.5032510 0.0046109 -0.1918348 -0.0137974 0.6699046 0.2444413 0.7009179
1403715319.262143 1.5590820 0.0560990 -0.2206921 -0.0411789 0.7576537 0.2605003 0.5969964
1403715319.562143 1.6205860 0.0671886 -0.2272403 -0.0336367 0.7948025 0.2646676 0.5450766
1403715319.712143 1.6558170 0.0656334 -0.2260115 -0.0300174 0.8068846 0.2695913 0.5247443
1403715320.962143 1.9488401 -0.0844289 -0.1705878 0.0478399 0.8982678 0.3231609 0.2939275
1403715321.162143 1.9604026 -0.0985746 -0.1602952 0.0365076 0.9014877 0.3296191 0.2780977
1403715321.612143 1.9424610 -0.1139039 -0.1643047 0.0269507 0.9009413 0.3307571 0.2796035
1403715321.762143 1.9247859 -0.1159320 -0.1753304 0.0259328 0.9047192 0.3213844 0.2784291
1403715322.562143 1.7205582 -0.0993061 -0.2717760 -0.0207696 0.9202943 0.3404038 0.1917087
1403715322.912143 1.6376777 -0.0488848 -0.3228857 -0.0288902 0.9231160 0.3433808 0.1706222
1403715323.062143 1.6131936 -0.0387136 -0.3545735 -0.0319209 0.9243160 0.3403885 0.1695775
1403715323.262143 1.5885777 -0.0256591 -0.4016966 -0.0373881 0.9249484 0.3371225 0.1715256
1403715323.862143 1.5914710 0.0101926 -0.5602553 -0.0204606 0.9442639 0.2812960 0.1697635
1403715326.612143 1.4726868 -0.0510606 -0.5536527 -0.0097851 0.9414113 0.2903432 0.1713179
1403715326.812143 1.4464278 -0.0445853 -0.5421489 -0.0058373 0.9393995 0.2992228 0.1672132
1403715327.412143 1.3515792 -0.0373930 -0.4933431 0.0206994 0.9269626 0.3400125 0.1571730
1403715327.862143 1.2474387 -0.0219390 -0.4910104 -0.0029996 0.9195409 0.3352440 0.2050538
1403715328.512143 1.1059264 0.0047333 -0.5189003 -0.0216321 0.9225248 0.2924418 0.2509139
1403715328.912143 1.0439924 0.0069923 -0.5009401 -0.0208518 0.9051597 0.3138146 0.2859572
1403715329.962143 0.9861398 0.0346324 -0.4295095 -0.0087401 0.8402085 0.2953379 0.4546965
1403715330.212143 0.9812869 0.0543298 -0.4169750 -0.0108080 0.8356986 0.2950116 0.4630975
1403715331.462143 0.9591510 -0.0009217 -0.4585969 -0.0076204 0.7691131 0.2731155 0.5777671
1403715334.362143 0.8604522 0.0794824 -0.9474674 -0.0117054 0.7013007 0.2582830 0.6643268
1403715334.662143 0.8506620 0.0968196 -1.0088934 -0.0144550 0.6987092 0.2510206 0.6697650
1403715335.312143 0.8608757 0.1441922 -1.1401263 -0.0217865 0.6970381 0.2435171 0.6740643
1403715336.412143 0.9420022 0.2164800 -1.3115535 -0.0098712 0.6430161 0.2195795 0.7336332
1403715336.962143 0.9893108 0.2417616 -1.3861682 -0.0150498 0.6437583 0.2175355 0.7335033
1403715337.212143 1.0121996 0.2411333 -1.4151206 -0.0213312 0.6323178 0.2161236 0.7436463
1403715337.462143 1.0381254 0.2377336 -1.4383421 -0.0169627 0.6017687 0.2232471 0.7666469
1403715338.462143 1.1953751 0.2437543 -1.5441598 -0.0002292 0.5807490 0.2127615 0.7857881
1403715339.762143 1.4145048 0.2920174 -1.6973925 -0.0241291 0.5162492 0.1677076 0.8395110
1403715340.012143 1.4553018 0.3113599 -1.7083151 -0.0375184 0.5231321 0.1405731 0.8397406
1403715340.512143 1.4989750 0.2906978 -1.6798208 -0.0221180 0.4179229 0.1327582 0.8984579
1403715340.762143 1.5158318 0.2682341 -1.6559409 -0.0246391 0.3796527 0.1355582 0.9148118
1403715341.012143 1.5409260 0.2486186 -1.6298888 -0.0220669 0.3705273 0.1505654 0.9162710
1403715341.262143 1.5794957 0.2310469 -1.6054872 -0.0117334 0.3866407 0.1408349 0.9113380
1403715342.012143 1.6785433 0.1845483 -1.5455656 -0.0151755 0.4197166 0.1196802 0.8996023
1403715342.262143 1.6896210 0.1714001 -1.5184911 -0.0224043 0.4039398 0.1445670 0.9030122
1403715342.562143 1.7083960 0.1584081 -1.4832804 -0.0333699 0.3734668 0.1301505 0.9178616
1403715343.162143 1.7555591 0.1243819 -1.3808038 -0.0163791 0.3073188 0.0968390 0.9465247
1403715347.212143 1.1665225 -0.0710278 -0.5538139 -0.0208385 0.2477359 0.0902853 0.9643865
1403715348.562143 0.9242992 -0.1407222 -0.4289244 -0.0214104 0.0046743 0.0186414 0.9995860
1403715350.262143 1.0933499 0.0178156 -0.3056820 -0.0237473 -0.1418492 -0.0616123 0.9876835
1403715350.812143 1.1466479 0.0520562 -0.2720701 -0.0390895 -0.1350332 -0.0772794 0.9870491
1403715351.262143 1.1221793 0.0514584 -0.2143023 -0.0289850 -0.1375435 -0.0819091 0.9866775
1403715351.812143 1.0227119 0.0249737 -0.1437835 0.0040569 -0.1499512 -0.0784012 0.9855716
1403715353.562143 0.7235780 -0.0908521 -0.0362236 -0.0008720 -0.2519220 -0.0921691 0.9633480
1403715353.962143 0.6948313 -0.0709016 -0.0205396 0.0021975 -0.2605675 -0.1015226 0.9601005
1403715354.562143 0.6616184 -0.0286935 -0.0005963 -0.0170226 -0.2689539 -0.1010986 0.9576811
1403715355.862143 0.6245751 -0.1535077 0.0503942 -0.0082684 -0.3941956 -0.1474614 0.9070814
1403715356.512143 0.5903943 -0.1966735 0.0816765 -0.0183137 -0.3736058 -0.1613024 0.9132715
1403715356.712143 0.5620590 -0.2017530 0.0837433 -0.0251719 -0.3803540 -0.1464212 0.9128297
1403715357.712143 0.4039502 -0.2720192 0.1577684 0.0003218 -0.5031375 -0.2007191 0.8405738
1403715357.912143 0.3667280 -0.2816921 0.1721733 0.0114475 -0.5001513 -0.2135978 0.8391029
1403715358.512143 0.2146881 -0.2785933 0.1765746 0.0001462 -0.5080240 -0.2164956 0.8336913
1403715359.012143 0.0555603 -0.2622315 0.1476753 0.0077189 -0.5635806 -0.1897370 0.8039386
1403715359.212143 0.0012116 -0.2489341 0.1358663 0.0080964 -0.5700589 -0.1912479 0.7989941
1403715359.412143 -0.0423652 -0.2352277 0.1281650 0.0164481 -0.5676889 -0.1987745 0.7987161
1403715360.162143 -0.1548184 -0.2057718 0.0325533 -0.0005141 -0.5605813 -0.2002505 0.8035223
1403715360.312143 -0.1697346 -0.2010142 0.0106153 -0.0021978 -0.5592185 -0.1996141 0.8046266
1403715360.462143 -0.1841190 -0.1978013 -0.0104854 -0.0149613 -0.5528448 -0.1801449 0.8134412
1403715361.912143 -0.2619770 -0.2160737 -0.0477205 -0.0231454 -0.2428409 -0.1067897 0.9638924
1403715362.562143 -0.3546710 -0.1996596 -0.0217194 -0.0225677 -0.0672530 -0.0510211 0.9961750
1403715363.012143 -0.4521343 -0.2003559 0.0109838 -0.0067019 0.0370066 0.0501873 0.9980315
1403715363.262143 -0.4848558 -0.2086826 0.0241767 -0.0061289 0.0835466 0.0824311 0.9930697
1403715363.762143 -0.4740170 -0.2264472 0.0284806 -0.0054032 0.1976001 0.0841533 0.9766490
1403715364.062143 -0.4409499 -0.2398036 0.0208041 -0.0003539 0.2829192 0.1023947 0.9536624
1403715364.362143 -0.4108868 -0.2486847 0.0037431 -0.0016835 0.3345948 0.1273935 0.9337100
1403715365.062143 -0.3310141 -0.2715546 -0.0747656 -0.0203559 0.3863772 0.1227314 0.9139121
1403715365.812143 -0.2733135 -0.2943640 -0.1477547 0.0035531 0.4961445 0.1754860 0.8503133
1403715366.312143 -0.2572738 -0.2889107 -0.2146338 0.0138423 0.5421285 0.2090687 0.8137538
1403715366.812143 -0.2458972 -0.2541597 -0.3228898 -0.0217195 0.5419691 0.1931771 0.8176065
1403715368.712143 0.0891269 -0.1658663 -0.6867694 0.0028006 0.5277209 0.1862371 0.8287452
1403715369.262143 0.2068194 -0.1135530 -0.8206423 -0.0221026 0.4926091 0.1728764 0.8526204
1403715369.762143 0.3106643 -0.0767718 -0.9231744 -0.0299545 0.3857749 0.1312762 0.9127141
1403715372.962143 1.2094924 -0.0544289 -0.9468246 -0.0098031 0.3093081 0.1060308 0.9449814
1403715373.912143 1.4921324 -0.0830212 -0.9123161 -0.0137112 0.2638484 0.0673949 0.9621091
1403715375.762143 1.6810776 -0.1690650 -0.6526662 -0.0166148 0.1298996 0.0341958 0.9907980
1403715376.412143 1.6636198 -0.1963053 -0.5016823 0.0150988 0.1303774 0.0337595 0.9907745
1403715376.662143 1.6474204 -0.1984262 -0.4562997 -0.0044671 0.1300368 0.0218517 0.9912583
1403715377.412143 1.5435377 -0.1861569 -0.3828306 0.0032152 0.1060907 0.0122545 0.9942757
1403715377.662143 1.4858495 -0.1787939 -0.3769225 0.0035244 0.1019978 0.0138720 0.9946817
1403715379.962143 0.9922540 -0.1702673 -0.3712726 -0.0199104 0.1051139 -0.0022585 0.9942583
1403715389.462143 0.3749117 -0.0726447 -0.5574023 -0.0195542 0.6297206 0.2039079 0.7493271
1403715391.162143 0.6674839 0.0433016 -0.8117728 -0.0348944 0.4126322 0.1557617 0.8968028
1403715392.362143 1.1056044 -0.0197200 -0.8035361 -0.0261851 0.3281597 0.1155295 0.9371651
1403715392.912143 1.3209686 -0.0667036 -0.7848486 -0.0084459 0.2249262 0.0613961 0.9724029
1403715393.412143 1.4673015 -0.0874211 -0.7663055 -0.0109249 0.0981426 -0.0046972 0.9951013
1403715393.862143 1.5328475 -0.0923338 -0.7466876 -0.0097030 -0.0413781 -0.0385145 0.9983538
1403715394.262143 1.5581503 -0.0902416 -0.7355056 -0.0107661 -0.1639479 -0.0708942 0.9838594
1403715394.662143 1.5640899 -0.0864524 -0.7343391 0.0090958 -0.2875560 -0.1179046 0.9504353
1403715395.062143 1.5595461 -0.0752985 -0.7576715 -0.0056198 -0.4208312 -0.1646515 0.8920535
1403715395.462143 1.5419155 -0.0568305 -0.7888041 -0.0089007 -0.5308134 -0.2058564 0.8220590
1403715396.112143 1.4769021 -0.0003815 -0.8329471 -0.0239491 -0.6179910 -0.2127967 0.7564596
1403715396.612143 1.4128381 0.0270310 -0.8382239 0.0036707 -0.6143911 -0.2270790 0.7556092
1403715396.812143 1.3895165 0.0405682 -0.8406965 0.0026156 -0.6297321 -0.2299609 0.7419896
1403715397.012143 1.3664536 0.0566018 -0.8447550 -0.0125973 -0.6374639 -0.2416365 0.7315004
1403715397.212143 1.3384423 0.0757186 -0.8468786 -0.0298023 -0.6423293 -0.2462012 0.7251964
1403715397.562143 1.2673396 0.1013888 -0.8406535 -0.0475571 -0.6513882 -0.2283054 0.7220169
1403715400.112143 1.0498793 0.1432763 -0.8130609 -0.0097671 -0.6118799 -0.2506843 0.7501100
1403715400.512143 1.0321361 0.1593416 -0.9037108 -0.0017428 -0.5477331 -0.2374277 0.8022553
1403715401.012143 0.9572063 0.2001998 -1.0382305 -0.0429886 -0.4405103 -0.1663733 0.8811484
1403715401.262143 0.9030541 0.2181785 -1.0917356 -0.0479054 -0.4097755 -0.1663285 0.8956137
1403715401.462143 0.8491638 0.2252924 -1.1252192 -0.0391235 -0.4014879 -0.1658481 0.8998729
1403715401.712143 0.7681703 0.2218096 -1.1564857 -0.0251999 -0.4054267 -0.1412578 0.9027959
1403715402.212143 0.6210105 0.2087548 -1.1812965 0.0104224 -0.3873034 -0.1316169 0.9124497
1403715402.462143 0.5615132 0.2089892 -1.1870404 0.0153542 -0.3587453 -0.1417204 0.9224865
1403715402.712143 0.5061612 0.2125448 -1.2028612 0.0299753 -0.3271086 -0.1427023 0.9336689
1403715403.012143 0.4402422 0.2249870 -1.2445989 -0.0106652 -0.3218271 -0.1099008 0.9403379
1403715403.262143 0.3895929 0.2324345 -1.2740779 -0.0427225 -0.3172314 -0.1075271 0.9412634
1403715403.512143 0.3397557 0.2295964 -1.2858027 -0.0343209 -0.3044308 -0.1140782 0.9450556
1403715403.762143 0.2879192 0.2230742 -1.2798302 -0.0416984 -0.2637052 -0.0977702 0.9587293
1403715404.012143 0.2347488 0.2099965 -1.2539365 -0.0465924 -0.2117435 -0.0726101 0.9735100
1403715404.312143 0.1722166 0.1842719 -1.2057563 -0.0205915 -0.1420769 -0.0728530 0.9869562
1403715404.712143 0.0703497 0.1592088 -1.1348668 -0.0076356 -0.1147300 -0.0641060 0.9912967
1403715405.062143 -0.0317995 0.1483714 -1.0742108 -0.0021400 -0.0912845 -0.0269217 0.9954586
1403715405.412143 -0.1128434 0.1437255 -1.0221980 -0.0119431 0.0023684 0.0210322 0.9997047
1403715405.762143 -0.1655061 0.1423247 -0.9729634 -0.0286893 0.1163320 0.0415038 0.9919280
1403715406.062143 -0.1991229 0.1384901 -0.9232724 -0.0244686 0.2043133 0.0696728 0.9761163
1403715406.412143 -0.2317925 0.1409015 -0.8567490 -0.0188473 0.2999331 0.1124564 0.9471211
1403715406.912143 -0.2489430 0.1572880 -0.7662668 -0.0184045 0.4168739 0.1612507 0.8943576
1403715407.312143 -0.2327933 0.1659403 -0.7052879 -0.0390859 0.4878672 0.1936939 0.8502591
1403715407.612143 -0.1960849 0.1608032 -0.6581767 -0.0397916 0.5049177 0.1935414 0.8402479
1403715407.962143 -0.1303581 0.1372411 -0.5974504 -0.0334240 0.5106249 0.1673730 0.8426929
1403715410.662143 0.1312379 -0.1048140 -0.2919386 -0.0215423 0.3505629 0.0982607 0.9311211
1403715411.562143 0.1309649 -0.1133800 -0.2063099 0.0100032 0.3148047 0.1113079 0.9425542
1403715414.662143 0.0487631 0.0207264 -0.2009736 -0.0268525 0.3204900 0.1019053 0.9413716
1403715414.962143 0.0423514 0.0331254 -0.1766479 -0.0054661 0.3158293 0.1275790 0.9401838
1403715418.212143 0.0545019 0.0865366 -0.1517641 -0.0116688 0.3468866 0.0992030 0.9325730
1403715418.612143 0.0550324 0.0865545 -0.1515092 -0.0114947 0.3468171 0.0992881 0.9325919
