1403715895.384058 -0.0042457 -0.0016950 -0.0046594 0.0002095 0.0011351 -0.0004245 0.9999992
1403715896.284058 -0.1847371 -0.0806606 -0.0291772 0.0012309 -0.0105285 0.0348480 0.9993364
1403715896.334058 -0.1934253 -0.0856965 -0.0297043 0.0029937 -0.0138217 0.0443381 0.9989165
1403715896.734058 -0.2129229 -0.1181911 -0.0455677 0.0179968 -0.0286960 0.0816010 0.9960893
1403715898.184058 0.4896831 -0.1807621 -0.1110844 0.0337241 0.0005452 0.0312034 0.9989438
1403715898.284058 0.5595161 -0.1882614 -0.1158001 0.0359963 0.0151938 0.0259541 0.9988993
1403715898.384058 0.6304886 -0.1891152 -0.1215367 0.0306054 0.0324364 0.0257699 0.9986727
1403715898.834058 0.9403169 -0.1609752 -0.1467444 -0.0021807 0.1224572 0.0508184 0.9911695
1403715899.184058 1.1552367 -0.0866751 -0.1468027 -0.0217573 0.1538151 0.0610579 0.9859713
1403715899.634058 1.3974574 -0.0382826 -0.1168793 -0.0585433 0.1575934 0.0448128 0.9847481
1403715900.084058 1.5971541 -0.0476001 -0.0169692 -0.0334750 0.1629411 -0.0038573 0.9860602
1403715900.184058 1.6303800 -0.0551820 0.0127133 -0.0326719 0.1642247 -0.0106490 0.9858242
1403715900.284058 1.6547751 -0.0621310 0.0449884 -0.0313863 0.1655997 -0.0159941 0.9855637
1403715900.484058 1.6877443 -0.0828761 0.1167886 -0.0314963 0.1613215 -0.0043199 0.9863897
1403715900.684058 1.6996338 -0.1136975 0.1936268 0.0017050 0.1481918 0.0372385 0.9882558
1403715901.084058 1.6990674 -0.1735418 0.3239839 0.0736930 0.1543875 0.0343423 0.9846596
1403715901.184058 1.6944749 -0.1848051 0.3417963 0.0872837 0.1547697 0.0338336 0.9835055
1403715901.634058 1.6369859 -0.2096352 0.3324633 0.0508994 0.1539032 0.0487897 0.9855672
1403715901.734058 1.6195222 -0.2087127 0.3165443 0.0453862 0.1539525 0.0492851 0.9858041
1403715902.084058 1.5460440 -0.2033887 0.2430758 0.0242942 0.1533505 0.0502486 0.9865944
1403715902.234058 1.5052476 -0.1975774 0.2083015 0.0207877 0.1595965 0.0396832 0.9861653
1403715902.384058 1.4730203 -0.1852105 0.1684973 0.0081421 0.1581240 0.0311465 0.9868943
1403715902.534058 1.4272413 -0.1784735 0.1287839 -0.0028990 0.1546026 0.0412798 0.9871097
1403715902.834058 1.3342998 -0.1649353 0.0572545 -0.0318255 0.1188633 0.0540683 0.9909265
1403715904.784058 0.8125528 -0.3484196 0.0854047 0.0462909 -0.4085288 -0.1566344 0.8980128
1403715905.384058 0.7237396 -0.2745121 0.1118676 0.0637074 -0.6052998 -0.2125536 0.7644439
1403715905.484058 0.7214828 -0.2577019 0.1109831 0.0543991 -0.6256692 -0.2305363 0.7432576
1403715905.584058 0.7223589 -0.2359291 0.1087101 0.0451804 -0.6469600 -0.2434328 0.7212087
1403715905.784058 0.7249986 -0.2012479 0.0935486 0.0097108 -0.7011777 -0.2482589 0.6682986
1403715905.984058 0.7304061 -0.1613743 0.0767796 -0.0135862 -0.7503363 -0.2829145 0.5973024
1403715906.184058 0.7302722 -0.1220011 0.0680505 0.0067802 -0.7990603 -0.3157592 0.5116178
1403715906.384058 0.7236198 -0.0899266 0.0476656 -0.0369125 0.8431683 0.3332969 -0.4202594
1403715906.684058 0.7198522 -0.0502119 -0.0048779 -0.0345907 0.8989226 0.3311173 -0.2847858
1403715906.784058 0.7238556 -0.0443083 -0.0280310 -0.0238962 0.9127514 0.3304806 -0.2389487
1403715906.934058 0.7304743 -0.0368067 -0.0608233 -0.0158579 0.9298689 0.3280471 -0.1657634
1403715907.834058 0.8290486 -0.0248109 -0.1838011 -0.0378032 0.9123373 0.3002095 0.2758366
1403715909.784058 0.8249744 -0.1310297 0.0406440 -0.0157159 0.3758012 0.1001895 0.9211344
1403715912.884058 0.2641314 -0.0057162 -0.3238702 0.0157066 -0.6800832 -0.2332094 0.6948766
1403715913.034058 0.2607754 0.0093339 -0.3665317 0.0164605 -0.7235535 -0.2473949 0.6442012
1403715913.184058 0.2597987 0.0288959 -0.4042619 0.0192496 -0.7626867 -0.2607583 0.5915602
1403715914.534058 0.5645350 0.2052570 -0.7953989 0.0004667 -0.7747030 -0.3185798 0.5462068
1403715914.684058 0.6144038 0.2221557 -0.8608997 -0.0256171 -0.7546715 -0.3154271 0.5747352
1403715914.834058 0.6532146 0.2416267 -0.9259148 -0.0731221 -0.7365786 -0.2969363 0.6032694
1403715914.984058 0.6742280 0.2566330 -0.9841081 -0.1054901 -0.7239043 -0.2809661 0.6212024
1403715915.234058 0.6658452 0.2770715 -1.0576144 -0.1027188 -0.7188926 -0.2628297 0.6352659
1403715915.534058 0.5963695 0.2915525 -1.0983829 -0.0118762 -0.7251607 -0.2700921 0.6332860
1403715915.834058 0.5093308 0.3372987 -1.1222661 0.0031060 -0.7267044 -0.2841882 0.6254024
1403715916.284058 0.3533683 0.4060843 -1.1669546 0.0050651 -0.7185840 -0.2663851 0.6423786
1403715916.434058 0.2949800 0.4236813 -1.1799040 0.0058071 -0.6962659 -0.2510946 0.6724072
1403715916.584058 0.2381908 0.4441202 -1.1900908 -0.0018583 -0.6659443 -0.2349932 0.7080204
1403715916.784058 0.1605775 0.4671427 -1.2027477 -0.0198369 -0.6272761 -0.2042325 0.7512791
1403715916.984058 0.0822253 0.4795434 -1.2076707 -0.0353609 -0.6046664 -0.1705163 0.7772081
1403715917.184058 0.0109360 0.4807836 -1.1923206 0.0065153 -0.5866235 -0.1533219 0.7951872
1403715917.384058 -0.0494583 0.4768903 -1.1699251 0.0604976 -0.5514529 -0.1593766 0.8166020
1403715917.684058 -0.1027400 0.4755643 -1.1431696 0.0206421 -0.5394503 -0.1494666 0.8283882
1403715917.884058 -0.1206832 0.4828745 -1.1220340 0.0382466 -0.5470583 -0.1296846 0.8261031
1403715918.084058 -0.1198391 0.4839359 -1.1012756 0.0588766 -0.5423803 -0.1441504 0.8255773
1403715918.934058 0.0518620 0.5439894 -1.0029165 -0.0139893 -0.4369009 -0.1670065 0.8837594
1403715919.134058 0.0971161 0.5311950 -0.9787699 -0.0302814 -0.4259071 -0.1976182 0.8824019
1403715919.434058 0.1229928 0.5036209 -0.9468283 0.0173109 -0.4263512 -0.2160842 0.8781985
1403715919.834058 0.1077721 0.5321639 -0.9129540 0.0203533 -0.4362013 -0.1868880 0.8799927
1403715919.984058 0.0944210 0.5539270 -0.9034459 0.0123450 -0.4350993 -0.1918246 0.8796247
1403715920.234058 0.0599433 0.5722826 -0.9022721 -0.0076841 -0.4402327 -0.1898069 0.8775588
1403715920.434058 0.0192074 0.5622108 -0.9115139 -0.0011895 -0.4586787 -0.1687987 0.8724216
1403715920.834058 -0.0602239 0.5265193 -0.9343978 0.0318703 -0.4889397 -0.1398423 0.8604454
1403715921.034058 -0.0810511 0.4910280 -0.9542052 0.0112770 -0.5128541 -0.1522650 0.8447893
1403715922.284058 -0.1896839 0.1762760 -1.0485098 0.0167706 -0.5398271 -0.1748680 0.8232415
1403715922.884058 -0.2170835 0.0087460 -1.0924665 0.0296157 -0.5399994 -0.1830366 0.8209879
1403715923.434058 -0.1996410 -0.0664959 -1.1344695 0.0024969 -0.5409387 -0.1903451 0.8192361
1403715923.634058 -0.1919251 -0.0859184 -1.1524181 -0.0126008 -0.5494403 -0.1668631 0.8186045
1403715923.784058 -0.1855448 -0.0832565 -1.1522542 -0.0148234 -0.5539820 -0.1567236 0.8175097
1403715923.884058 -0.1806447 -0.0714063 -1.1451572 -0.0045180 -0.5557399 -0.1518401 0.8173600
1403715924.034058 -0.1696910 -0.0476456 -1.1277167 0.0147094 -0.5570210 -0.1485738 0.8169683
1403715924.234058 -0.1438298 -0.0043233 -1.0967845 0.0293584 -0.5518725 -0.1613017 0.8176531
1403715924.434058 -0.1082753 0.0371927 -1.0648274 0.0204988 -0.5460994 -0.1747204 0.8190410
1403715924.634058 -0.0690051 0.0750705 -1.0327642 -0.0017980 -0.5402937 -0.1828060 0.8213778
1403715924.934058 -0.0101621 0.1244917 -0.9719556 -0.0091750 -0.5084350 -0.1463249 0.8485274
1403715925.584058 0.1834733 0.1378629 -0.8275734 -0.0074844 -0.3357201 -0.0734754 0.9390619
1403715925.934058 0.3250673 0.1186196 -0.7498600 -0.0035165 -0.2246274 -0.0369896 0.9737360
1403715926.234058 0.4599656 0.1233580 -0.6742730 0.0291308 -0.1168469 0.0107645 0.9926643
1403715926.484058 0.5897669 0.1398802 -0.6184610 0.0516188 -0.0142101 0.0343269 0.9979756
1403715926.784058 0.7588575 0.1930154 -0.5839542 0.0259388 0.1000818 0.0501918 0.9933738
1403715927.034058 0.8954756 0.2275109 -0.5776667 -0.0030182 0.1738521 0.0563264 0.9831550
1403715927.284058 1.0177516 0.2441542 -0.5809047 0.0116020 0.2423412 0.0412625 0.9692438
1403715927.534058 1.1051636 0.2563965 -0.5834904 0.0520648 0.2997669 0.0456380 0.9514968
1403715929.084058 0.9155324 0.5074987 -0.8928449 -0.0756599 0.6159520 0.2988787 0.7249485
1403715929.184058 0.9000552 0.4954622 -0.9267069 -0.0925100 0.5981439 0.3016422 0.7366666
1403715929.284058 0.8942835 0.4854413 -0.9577693 -0.1070364 0.5888279 0.2874051 0.7478123
1403715929.384058 0.8974163 0.4772574 -0.9864374 -0.1129619 0.5945846 0.2399666 0.7590289
1403715929.534058 0.9131642 0.4657966 -1.0154769 -0.1164598 0.6127846 0.1523654 0.7666270
1403715929.684058 0.9315518 0.4474440 -1.0233675 -0.1133141 0.6247494 0.1112556 0.7645066
1403715931.634058 1.2304235 0.3190887 -0.9679967 -0.0539498 0.6139132 0.2600966 0.7433369
1403715931.784058 1.3070028 0.3158789 -0.9718735 -0.0527198 0.6147425 0.2459780 0.7475340
1403715931.934058 1.3887584 0.3149989 -0.9736372 -0.0345704 0.6158196 0.2305840 0.7525969
1403715932.334058 1.5957960 0.2845777 -0.9646866 0.0609934 0.6378047 0.1478736 0.7534046
1403715932.484058 1.6432443 0.2690296 -0.9597380 0.0926912 0.6436157 0.1234924 0.7496111
1403715932.684058 1.6599058 0.2468414 -0.9578395 0.1315710 0.6474188 0.0987892 0.7441630
1403715934.384058 1.4894967 -0.0144310 -1.0302788 0.0920444 0.6709815 0.1367135 0.7229254
1403715934.534058 1.5412915 -0.0235959 -1.0208844 0.1360007 0.6777721 0.0964934 0.7161130
1403715935.034058 1.3921175 -0.0437452 -1.0280081 0.0803589 0.6515273 0.1646334 0.7361728
1403715935.734058 0.9432227 0.0318366 -1.0413158 -0.1379138 0.5891446 0.3289430 0.7250413
1403715935.984058 0.9193618 0.0604843 -1.0270456 -0.1514937 0.5872810 0.3350972 0.7210135
1403715936.234058 0.9914806 0.0623950 -1.0129155 -0.0436102 0.6366542 0.2434992 0.7303956
1403715936.534058 1.0832598 0.0686367 -0.9795666 0.0592294 0.6673253 0.1732778 0.7219027
1403715937.334058 1.0136441 0.1050449 -0.9219950 0.0010182 0.6127301 0.2181830 0.7595769
1403715937.584058 0.9494627 0.1419485 -0.8980810 -0.0259732 0.5611345 0.2213269 0.7971624
1403715937.884058 0.8940998 0.1990136 -0.8618609 -0.0688880 0.5008068 0.2315519 0.8311622
1403715938.234058 0.8951134 0.2363537 -0.8029317 -0.0857719 0.4315234 0.2082885 0.8735254
1403715938.784058 1.0134088 0.1799193 -0.6650248 -0.0380088 0.3389079 0.1275800 0.9313539
1403715939.734058 1.3145059 0.0436216 -0.2792880 0.1380804 0.3403107 0.0624646 0.9280197
1403715941.284058 1.2548100 -0.2706955 -0.1979142 0.0699985 0.3562762 0.0979314 0.9265943
1403715941.584058 1.3251625 -0.3612339 -0.0996063 0.1705912 0.3580766 0.0812330 0.9143746
1403715941.834058 1.3326808 -0.3670532 -0.0761069 0.2340785 0.3509504 0.0757232 0.9034972
1403715942.034058 1.2799863 -0.3260584 -0.1075832 0.1966422 0.3571192 0.0757261 0.9099798
1403715942.634058 1.0328692 -0.0457327 -0.3408197 -0.1388745 0.3131664 0.1844816 0.9211988
1403715945.334058 1.1068485 -0.0257596 -0.2217610 0.1059874 0.0814712 -0.0227229 0.9907637
1403715945.684058 1.0991005 -0.0767531 -0.2306557 0.1058228 0.0784343 0.0052095 0.9912732
1403715946.134058 1.0447193 -0.0781311 -0.3474126 -0.1308767 0.0598082 0.0341872 0.9890023
1403715946.934058 0.9471188 -0.2511683 -0.1910706 0.0979520 -0.0229037 -0.0095788 0.9948815
1403715947.234058 0.9170319 -0.2919224 -0.1728975 0.1902684 -0.0206095 0.0006776 0.9815155
1403715947.634058 0.8824680 -0.2340291 -0.2873989 0.0213904 -0.0181507 0.0206175 0.9993938
1403715947.984058 0.8719367 -0.1155281 -0.3966973 -0.1301725 -0.0226006 0.0069268 0.9912096
1403715948.334058 0.8617209 -0.0488838 -0.3784553 -0.1525870 -0.0303446 -0.0057760 0.9878072
1403715948.634058 0.8445225 -0.0558992 -0.2571324 0.0109085 -0.0219232 -0.0044258 0.9996904
1403715949.134058 0.8278334 -0.0541021 -0.1144539 0.1302369 -0.0356034 -0.0022477 0.9908409
1403715949.984058 0.7937804 0.0044307 -0.1121954 -0.1203136 -0.1820854 -0.1146861 0.9691319
1403715954.134058 0.5777038 -0.1979681 -0.0912503 0.0291596 -0.5675753 -0.3139510 0.7605543
1403715954.784058 0.3355561 -0.1578339 -0.1320301 0.1647749 -0.6340057 -0.0980370 0.7491828
1403715955.084058 0.4162296 -0.1274617 -0.1836678 0.0631054 -0.6160281 -0.1876476 0.7624404
1403715955.384058 0.5258098 -0.0925963 -0.2606021 -0.0666814 -0.5794697 -0.2631369 0.7684578
1403715955.784058 0.5650800 -0.0762057 -0.3256368 -0.1239553 -0.5869815 -0.3003427 0.7415403
1403715956.134058 0.4455304 -0.1165941 -0.3486895 0.0597123 -0.6973567 -0.2208718 0.6792229
1403715956.534058 0.3952917 -0.1454979 -0.3828315 0.1412463 -0.7989585 -0.1687697 0.5596710
1403715956.884058 0.5022984 -0.1813878 -0.3926655 0.0861751 -0.8252323 -0.2081683 0.5179107
1403715957.234058 0.6966168 -0.1952653 -0.3648273 -0.0213487 -0.7786840 -0.3407196 0.5264083
1403715957.584058 0.8330139 -0.1523280 -0.3529472 -0.1033273 -0.7212881 -0.4377748 0.5267068
1403715957.884058 0.7892483 -0.0978446 -0.3897057 -0.0538519 -0.7534781 -0.3919128 0.5251429
1403715958.184058 0.6770838 -0.0297436 -0.4682780 -0.0589328 0.8392693 0.2363525 -0.4860982
1403715958.534058 0.6156756 0.0227049 -0.5481144 -0.1100513 0.8929849 0.1441305 -0.4119382
1403715958.784058 0.6577360 0.0505427 -0.5291951 -0.0587176 0.9147208 0.1767174 -0.3586210
1403715959.734058 0.8674782 0.0758087 -0.3366532 0.0054270 0.8612028 0.4752322 -0.1801516
1403715959.934058 0.8473951 0.0785763 -0.4131624 -0.0149288 0.9245556 0.3493578 -0.1514043
1403715960.534058 0.8367885 0.0587729 -0.5284678 -0.0547597 0.9782103 0.1561712 -0.1253655
1403715961.034058 0.9395972 -0.0256414 -0.3517419 -0.0257431 0.8809108 0.4482015 -0.1498297
1403715961.534058 1.0131776 -0.0772837 -0.3919613 0.0213460 0.8944432 0.4231950 -0.1429043
1403715961.784058 1.0166777 -0.0871031 -0.5156389 -0.0142851 0.9512039 0.2968724 -0.0829088
1403715962.234058 1.0244575 -0.0751880 -0.6149679 -0.0258229 0.9913622 0.1281233 0.0108949
1403715962.434058 1.0324830 -0.0873708 -0.5633556 0.0090973 0.9839216 0.1708705 0.0511744
1403715962.684058 1.0234909 -0.0902163 -0.4202690 0.0697826 0.9488969 0.2919238 0.0974959
1403715963.234058 0.8959912 -0.0195637 -0.0838231 -0.0443966 0.8459638 0.4931276 0.1979882
1403715964.034058 0.8522125 0.2317643 -0.0079829 -0.0089803 0.8847626 0.2936274 0.3617976
1403715964.634058 0.8817085 0.1967356 -0.0225130 -0.0233268 0.8671901 0.3268584 0.3749676
1403715965.634058 0.9318126 0.0984511 -0.0934469 -0.0759524 0.8204407 0.4218601 0.3783416
1403715965.884058 0.9846745 0.0816759 -0.1558340 -0.0137419 0.8776354 0.2876765 0.3831573
1403715967.634058 1.1171569 -0.1570368 -0.1652994 0.0407813 0.9040189 0.2179646 0.3654834
1403715967.984058 1.0598869 -0.2263204 -0.0593928 0.0195538 0.8188657 0.3814576 0.4284469
1403715968.334058 1.0079151 -0.2347737 -0.0113814 -0.0426802 0.8041375 0.3752689 0.4590366
1403715968.684058 0.9993358 -0.1902368 -0.0008776 0.0276230 0.8547841 0.2357934 0.4615002
1403715969.384058 0.7835263 -0.1044740 0.1490530 -0.0868086 0.7832729 0.4158823 0.4538609
1403715969.684058 0.7490731 -0.0715482 0.1716188 -0.1601176 0.7782006 0.4042528 0.4531512
1403715970.034058 0.8724068 -0.0524332 0.1526381 -0.0473490 0.8397264 0.2653673 0.4713787
1403715970.384058 1.0007267 -0.0610490 0.1769925 0.0687532 0.8626320 0.1599355 0.4749312
1403715970.734058 0.9865998 -0.0892610 0.2729722 0.0550920 0.8212863 0.2930830 0.4863704
1403715971.084058 0.9211098 -0.1333361 0.3211705 -0.0515801 0.7418625 0.4756791 0.4697967
1403715971.384058 0.9570591 -0.1495304 0.2450697 -0.1083117 0.7657846 0.3504342 0.5282409
1403715971.734058 1.0982784 -0.2005117 0.1505118 -0.0454790 0.7608470 0.1779124 0.6224072
1403715973.584058 0.7349902 -0.3141606 0.1459250 -0.0191837 0.6479387 0.2953412 0.7018412
1403715975.934058 0.8325921 -0.0570105 -0.4144291 -0.0249514 0.6413403 0.2288337 0.7319120
1403715976.334058 0.8910158 -0.0593211 -0.4633141 -0.0291838 0.6476231 0.2252980 0.7273056
1403715976.834058 0.9619110 -0.0691625 -0.4614496 -0.0298141 0.6147704 0.2078756 0.7602343
1403715977.734058 1.0624990 -0.1126814 -0.3091999 -0.0197635 0.4280502 0.1407445 0.8925096
1403715979.384058 0.7329956 -0.2235091 0.0612179 0.0699497 -0.2782554 -0.1137460 0.9511797
1403715979.684058 0.6343117 -0.2286452 0.0426542 0.0738492 -0.3912102 -0.1735783 0.9007616
1403715980.284058 0.4766934 -0.2011746 -0.1376407 0.0930526 -0.6299207 -0.2168793 0.7399355
1403715980.584058 0.4628685 -0.1569568 -0.2752620 0.0755271 -0.7416472 -0.2227150 0.6282142
1403715980.984058 0.5080069 -0.0989632 -0.4528908 -0.0421104 0.8585439 0.2499939 -0.4456816
1403715981.384058 0.6169342 -0.0606872 -0.5750107 -0.0247620 0.9391664 0.2604419 -0.2225382
1403715981.634058 0.7001657 -0.0547051 -0.6000870 -0.0132295 0.9669049 0.2463014 -0.0652331
1403715982.034058 0.8282955 -0.0792325 -0.5476335 -0.0222316 0.9413536 0.2941244 0.1638596
1403715982.534058 0.9597420 -0.1451716 -0.3906884 -0.0187042 0.8772245 0.2789966 0.3902412
1403715982.884058 1.0222745 -0.1974214 -0.2433847 -0.0099170 0.7956555 0.2507721 0.5513142
1403715983.234058 1.0536404 -0.2604087 -0.0753035 0.0025022 0.6883669 0.2190562 0.6914904
1403715983.584058 1.0396323 -0.3251325 0.0902207 0.0368395 0.5477282 0.1674203 0.8189061
1403715984.034058 0.9474881 -0.3877609 0.2382477 0.0813941 0.3489460 0.1123362 0.9268184
1403715984.334058 0.8412595 -0.4122258 0.2631938 0.0681952 0.2252087 0.0945095 0.9673151
1403715984.584058 0.7492330 -0.4177511 0.2484378 0.0526719 0.1325883 0.0579551 0.9880725
1403715984.734058 0.6924646 -0.4133019 0.2202936 0.0288952 0.0705353 0.0340601 0.9965088
1403715984.834058 0.6273949 -0.4143450 0.1933166 0.0221645 0.0368263 0.0297493 0.9986328
1403715985.034058 0.5850640 -0.3878960 0.1551772 0.0382636 -0.0638793 0.0000432 0.9972238
1403715985.234058 0.5292204 -0.3863318 0.1026227 0.0353889 -0.1047558 -0.0301646 0.9934103
1403715985.434058 0.4738201 -0.3680166 0.0383772 0.0380578 -0.0999919 -0.0544170 0.9927698
1403715986.884058 0.2068831 -0.0917943 -0.1972993 -0.0540196 -0.0265638 -0.0033513 0.9981809
1403715987.234058 0.1781027 -0.0432215 -0.1689814 0.0157584 -0.0057944 0.0453815 0.9988286
1403715987.584058 0.1737317 0.0051741 -0.1523730 0.0105810 0.0344162 0.0314957 0.9988551
1403715988.184058 0.1842031 0.0759647 -0.1482013 -0.0166090 0.0281454 0.0111077 0.9994041
1403715989.084058 0.1985391 0.1114793 -0.1376691 -0.0140724 0.0244761 0.0260026 0.9992631
1403715989.334058 0.2166190 0.1128175 -0.1395261 -0.0132661 0.0293075 0.0222338 0.9992351
1403715989.584058 0.2354423 0.1124958 -0.1338102 -0.0117829 0.0312165 0.0215544 0.9992107
1403715989.834058 0.2544399 0.1124535 -0.1255741 0.0081511 0.0331390 0.0153824 0.9992991
1403715990.084058 0.2686729 0.1191988 -0.1187100 0.0092045 0.0331255 0.0066645 0.9993866
1403715990.334058 0.2767554 0.1319276 -0.1145698 0.0043060 0.0311668 0.0026406 0.9995014
1403715990.534058 0.2769573 0.1496425 -0.1086909 0.0000299 0.0307183 -0.0007012 0.9995278
1403715990.734058 0.2710596 0.1750069 -0.1018891 -0.0107306 0.0298675 -0.0028784 0.9994921
1403715990.884058 0.2622904 0.1928898 -0.0929153 -0.0172760 0.0296689 -0.0031788 0.9994054
1403715991.034058 0.2489561 0.2054973 -0.0822444 -0.0157454 0.0298562 -0.0065130 0.9994090
