1403715529.862143 -0.0117300 0.0138295 0.0068789 -0.0035082 -0.0005180 -0.0017797 0.9999921
1403715530.162143 -0.0406394 -0.0305731 0.0237183 0.0168775 -0.0031086 -0.0127542 0.9997714
1403715531.662143 -0.3550897 -0.3351031 0.0732127 -0.0039100 -0.1021496 0.0094919 0.9947161
1403715532.012143 -0.3940119 -0.3573386 0.1347343 0.0250401 -0.0887958 -0.0153572 0.9956166
1403715533.012143 -0.4248587 -0.3607880 0.2019420 0.0228020 -0.1083917 0.0481572 0.9926793
1403715533.112143 -0.4084973 -0.3475752 0.2053696 0.0201932 -0.0868116 0.0573426 0.9943680
1403715533.512143 -0.2823003 -0.3139829 0.1947391 0.0274152 0.0079148 0.0645580 0.9975059
1403715533.612143 -0.2404837 -0.3138931 0.1774747 0.0188689 0.0127082 0.0807029 0.9964786
1403715533.912143 -0.0785008 -0.3439910 0.1097667 -0.0000078 0.0229240 0.0901229 0.9956668
1403715534.162143 0.0792167 -0.3488920 0.0607204 -0.0017227 0.0366918 0.0542952 0.9978491
1403715534.412143 0.2428212 -0.3224744 0.0237530 -0.0031808 0.0443492 0.0292458 0.9985828
1403715534.562143 0.3352194 -0.2973844 0.0127036 -0.0046157 0.0595027 0.0306089 0.9977481
1403715535.662143 0.9651390 -0.1568932 0.0751669 -0.0240317 0.2142231 0.1200172 0.9690856
1403715535.862143 1.0831623 -0.1477856 0.1224494 -0.0151468 0.1977482 0.0882660 0.9761533
1403715536.412143 1.3845606 -0.1451997 0.2806257 -0.0481630 0.1339303 0.0214501 0.9895872
1403715536.562143 1.4538954 -0.1585506 0.3405249 -0.0343219 0.1335156 -0.0033937 0.9904464
1403715537.012143 1.5742590 -0.2253715 0.5327802 0.0495424 0.1324800 -0.0468188 0.9888390
1403715537.162143 1.5762048 -0.2531195 0.5839877 0.0887867 0.1373904 -0.0617536 0.9845950
1403715538.362143 1.1940728 -0.3258787 0.4622740 0.0232937 0.1345319 0.0937689 0.9861876
1403715540.112143 0.7614933 0.0403237 -0.1892439 -0.0355357 0.5010597 0.2533399 0.8267377
1403715540.362143 0.7520184 0.0369208 -0.2965324 -0.0403030 0.4920132 0.2552585 0.8313493
1403715541.512143 1.1449707 0.0788102 -0.6593385 -0.0259432 0.5164009 0.2346704 0.8231567
1403715541.962143 1.4196664 0.1168853 -0.7593071 -0.0697653 0.5348086 0.1627968 0.8262020
1403715542.562143 1.7176046 0.0798771 -0.7231096 0.0382293 0.4337601 0.1174791 0.8925185
1403715543.062143 1.8201796 0.0600602 -0.6639155 0.0210879 0.3782723 0.1455690 0.9139338
1403715544.012143 1.8502445 0.1446484 -0.6753753 0.0227412 0.4632885 0.0939835 0.8809164
1403715544.112143 1.8302796 0.1616878 -0.6825676 0.0121451 0.4903502 0.1084918 0.8646610
1403715544.712143 1.6292579 0.3157144 -0.6816547 0.0054004 0.6602362 0.2387525 0.7120788
1403715544.862143 1.5662637 0.3253471 -0.6887336 0.0119480 0.6756315 0.2297425 0.7004268
1403715545.012143 1.4972664 0.3162188 -0.6996048 0.0041615 0.6769741 0.2338362 0.6978605
1403715545.312143 1.3508351 0.3010549 -0.7162709 -0.0132863 0.6957014 0.2535204 0.6719750
1403715545.462143 1.2764295 0.3020971 -0.7186010 -0.0013839 0.7044537 0.2725546 0.6553297
1403715545.712143 1.1532289 0.2979515 -0.7306666 0.0251713 0.7055749 0.2997309 0.6416321
1403715546.012143 1.0016000 0.2999220 -0.7675210 0.0029578 0.6874511 0.2727961 0.6730413
1403715546.162143 0.9256669 0.3009858 -0.7904275 -0.0062963 0.6564691 0.2503283 0.7115788
1403715546.312143 0.8482213 0.3004321 -0.8140766 -0.0076937 0.6087689 0.2317547 0.7587035
1403715546.462143 0.7720137 0.2980613 -0.8384193 -0.0076244 0.5528131 0.2143535 0.8052280
1403715546.662143 0.6710224 0.2914388 -0.8714547 -0.0156629 0.4714787 0.1866474 0.8617571
1403715546.912143 0.5520088 0.2865037 -0.9059790 -0.0518052 0.3580378 0.1642237 0.9176905
1403715547.162143 0.4546739 0.2780191 -0.9264057 -0.0642887 0.2591894 0.1054651 0.9578961
1403715547.412143 0.3724128 0.2618935 -0.9189368 -0.0670293 0.1655347 0.0559624 0.9823307
1403715547.662143 0.2926798 0.2386827 -0.8799481 -0.0798813 0.0748980 0.0212770 0.9937588
1403715547.912143 0.2081200 0.1975683 -0.8069896 -0.0767173 -0.0141489 -0.0194348 0.9967631
1403715548.162143 0.1232618 0.1469205 -0.6949084 -0.0242847 -0.0713686 -0.0352668 0.9965305
1403715548.362143 0.0445072 0.1081493 -0.5948039 0.0014650 -0.0789506 -0.0443698 0.9958895
1403715548.762143 -0.1227137 0.0599920 -0.3891183 -0.0005346 -0.0713315 -0.0260802 0.9971115
1403715548.962143 -0.2132419 0.0379309 -0.2916951 0.0005887 -0.0649412 -0.0189712 0.9977086
1403715549.262143 -0.3457091 0.0045694 -0.1516106 0.0343470 -0.0906614 -0.0231507 0.9950200
1403715549.462143 -0.4330424 -0.0190575 -0.0724517 0.0417681 -0.1115116 -0.0070409 0.9928600
1403715549.662143 -0.5050726 -0.0329929 -0.0044770 0.0134638 -0.1250000 0.0155416 0.9919437
1403715549.812143 -0.5462406 -0.0442893 0.0441639 0.0089137 -0.1110615 0.0379380 0.9930491
1403715549.962143 -0.5744644 -0.0609622 0.0922548 0.0084190 -0.0809577 0.0690734 0.9942856
1403715550.762143 -0.4399310 -0.1978760 0.3105573 -0.0024583 0.2181686 0.1473621 0.9647180
1403715551.012143 -0.3448816 -0.2140093 0.3734988 0.0043070 0.2975326 0.2058010 0.9322563
1403715551.312143 -0.1855804 -0.2274541 0.4088597 0.0159200 0.4000747 0.2359577 0.8854438
1403715551.662143 0.0415003 -0.2458027 0.3937113 0.0317727 0.5234964 0.2592495 0.8110066
1403715551.962143 0.2390488 -0.2445948 0.3236319 0.0629056 0.6299753 0.2426265 0.7350554
1403715552.262143 0.3921288 -0.2260475 0.2272397 0.0434061 0.7196088 0.2330728 0.6526532
1403715552.562143 0.4835246 -0.2042110 0.1259793 0.0440575 0.8006681 0.2351142 0.5492821
1403715552.812143 0.5072773 -0.1879305 0.0566126 0.0610840 0.8568182 0.2631870 0.4391628
1403715553.162143 0.4472034 -0.1578494 -0.0325729 0.0816651 0.9028962 0.3218981 0.2729302
1403715554.412143 -0.2868603 -0.0680935 -0.0835947 -0.0672196 0.9029910 0.4241892 0.0123436
1403715554.712143 -0.4180918 -0.0086206 -0.1075282 -0.2592371 0.9118350 0.3125901 0.0603365
1403715554.812143 -0.4259857 0.0150831 -0.1118090 -0.2876342 0.9115835 0.2863487 0.0654712
1403715554.912143 -0.4055037 0.0304196 -0.1113606 -0.2844048 0.9180170 0.2680975 0.0669513
1403715556.712143 0.2254334 -0.2466872 -0.0308514 -0.0038809 0.9279327 0.3644131 0.0782880
1403715557.212143 0.1004624 -0.1993534 -0.0804118 -0.0283211 0.9108301 0.4028793 0.0852912
1403715557.362143 0.0708936 -0.1810955 -0.1124668 -0.0221928 0.9034261 0.4201560 0.0824481
1403715558.312143 -0.0356237 -0.0495394 -0.5228442 -0.0475101 0.9297792 0.3613978 0.0514300
1403715558.912143 -0.0267477 0.0243493 -0.7860340 -0.0411995 0.9518617 0.2943836 0.0748343
1403715559.112143 -0.0138205 0.0457606 -0.8341331 -0.0549108 0.9485719 0.2890802 0.1167421
1403715559.362143 0.0128319 0.0560728 -0.8648133 -0.0611682 0.9397388 0.2818029 0.1836752
1403715560.062143 0.1457812 0.1198854 -0.8089153 -0.0757410 0.8891141 0.3197997 0.3185397
1403715561.062143 0.5553780 0.0858848 -0.6674420 -0.0537768 0.7723490 0.2862208 0.5645022
1403715561.362143 0.7068995 0.0642115 -0.6120802 -0.0192662 0.7181199 0.2929605 0.6309570
1403715561.662143 0.8610823 0.0499461 -0.5666776 -0.0190319 0.6867676 0.2611234 0.6780875
1403715561.962143 1.0058488 0.0328549 -0.5244670 -0.0037163 0.6503682 0.2063203 0.7310535
1403715564.062143 1.0283262 -0.1826715 0.1666317 0.0544632 0.1691562 0.0604437 0.9822253
1403715564.962143 0.7567653 -0.1714330 0.2009192 0.0273985 -0.2461661 -0.1029949 0.9633502
1403715565.612143 0.5873107 -0.2706854 0.0766484 0.0597938 -0.5090426 -0.1518418 0.8451298
1403715565.812143 0.5602608 -0.2802652 0.0302065 0.0570404 -0.5895600 -0.1816275 0.7849694
1403715566.012143 0.5526575 -0.2876025 -0.0266148 0.0519179 -0.6757155 -0.2152159 0.7031324
1403715566.262143 0.5637998 -0.2963350 -0.0894560 0.0523931 -0.7692178 -0.2495427 0.5859073
1403715566.412143 0.5836220 -0.2967000 -0.1222394 0.0538800 -0.8148425 -0.2654001 0.5125343
1403715566.612143 0.6152353 -0.2932330 -0.1582797 -0.0558927 0.8635435 0.2765935 -0.4179290
1403715566.712143 0.6361856 -0.2872873 -0.1720148 -0.0581283 0.8827943 0.2831850 -0.3702723
1403715566.862143 0.6737643 -0.2738858 -0.1871753 -0.0549283 0.9096990 0.2922921 -0.2898203
1403715567.312143 0.8337864 -0.2559567 -0.1936283 -0.0244230 0.9451539 0.3254223 0.0137119
1403715567.412143 0.8719552 -0.2498697 -0.1850385 -0.0288654 0.9382055 0.3334741 0.0879336
1403715567.512143 0.9132253 -0.2418862 -0.1750382 -0.0358665 0.9265181 0.3390373 0.1591585
1403715567.712143 0.9833212 -0.2124369 -0.1457895 -0.0388285 0.8973227 0.3288323 0.2918451
1403715571.062143 0.8589069 -0.2007709 0.4621392 0.0367333 -0.3372171 -0.1225590 0.9326921
1403715571.412143 0.7525475 -0.1635800 0.3949746 0.0622113 -0.4006488 -0.1222453 0.9059064
1403715571.962143 0.6462187 -0.0677340 0.2903168 -0.1172919 -0.4179728 -0.0716444 0.8980025
1403715572.462143 0.5386694 -0.0547851 0.4210476 0.0224958 -0.4277295 -0.2031683 0.8804908
1403715573.462143 0.1908819 -0.1065616 0.4906904 0.0162637 -0.6947150 -0.2392103 0.6781482
1403715573.712143 0.1188732 -0.1300043 0.4784648 0.0044447 -0.7436957 -0.2657158 0.6134266
1403715573.912143 0.0599836 -0.1470121 0.4724932 0.0088606 -0.7699671 -0.3120585 0.5564995
1403715574.112143 -0.0052484 -0.1627594 0.4600829 -0.0006955 0.8057103 0.3412010 -0.4841615
1403715574.462143 -0.1459545 -0.1850738 0.4183459 -0.0622163 0.8678180 0.3438796 -0.3532249
1403715574.712143 -0.2343553 -0.1824404 0.3706455 -0.0852750 0.8786266 0.3577609 -0.3045498
1403715574.962143 -0.2980132 -0.1743757 0.2998458 -0.0495284 0.8932731 0.3505550 -0.2769861
1403715575.212143 -0.3493068 -0.1666427 0.2111908 -0.0561493 0.9087088 0.3080893 -0.2760012
1403715575.462143 -0.3802305 -0.1569429 0.1295772 -0.0618437 0.9015952 0.3129557 -0.2921647
1403715575.712143 -0.3839741 -0.1501842 0.0519168 -0.1079547 0.8899469 0.3161792 -0.3104367
1403715575.962143 -0.3470462 -0.1405381 -0.0362615 -0.0979005 0.8856930 0.3194791 -0.3223298
1403715577.412143 0.3115036 -0.0834569 -0.4181650 -0.0214397 0.8677065 0.2889617 -0.4038897
1403715577.712143 0.4807348 -0.0467849 -0.4297813 -0.0227889 0.8632573 0.2923758 -0.4108332
1403715578.462143 0.8305790 0.0387161 -0.3618229 -0.0492833 -0.7857900 -0.2783998 0.5500899
1403715578.712143 0.8830139 0.0764707 -0.2897117 -0.0428494 -0.7161162 -0.3409363 0.6075392
1403715578.912143 0.8863233 0.1075893 -0.2413615 -0.0442937 -0.6913282 -0.3566471 0.6268223
1403715579.062143 0.8645933 0.1232987 -0.2205114 0.0044894 -0.6928125 -0.3470776 0.6320821
1403715579.562143 0.7452983 0.1731402 -0.3026937 0.0769754 -0.6999115 -0.3205245 0.6336108
1403715580.462143 0.6011111 0.3450337 -0.8046148 0.0239576 -0.6543797 -0.2119789 0.7254503
1403715580.712143 0.5812054 0.4044223 -0.9475061 -0.0208236 -0.6232598 -0.1749568 0.7619079
1403715581.012143 0.5644032 0.4500057 -1.0714649 -0.0869872 -0.6118748 -0.1407141 0.7734610
1403715581.612143 0.4857360 0.4467680 -1.0856416 -0.0048963 -0.6296786 -0.2175526 0.7457558
1403715582.812143 0.3099637 0.4443728 -1.0694307 0.0217912 -0.7477746 -0.3127405 0.5852792
1403715583.012143 0.2789971 0.4591112 -1.0921870 0.0044116 -0.7315280 -0.3304462 0.5963662
1403715583.662143 0.1162836 0.5585175 -1.2012683 0.0835158 -0.7779338 -0.1655263 0.6003708
1403715583.862143 0.1172936 0.5816204 -1.2135309 0.1290279 -0.7904808 -0.1122634 0.5881231
1403715584.062143 0.1879607 0.5753263 -1.2065592 0.1007709 -0.7963081 -0.1147628 0.5852932
1403715584.312143 0.3593693 0.5240623 -1.1687095 0.0060335 -0.7802287 -0.1986362 0.5930856
1403715584.612143 0.5746301 0.4667712 -1.0714377 -0.0356890 -0.7573585 -0.2726440 0.5922835
1403715584.912143 0.7459854 0.4154869 -0.9574268 -0.0061517 -0.7370697 -0.3215773 0.5943723
1403715585.212143 0.8632320 0.3682103 -0.8752387 -0.0242650 -0.7132633 -0.3650771 0.5978171
1403715585.512143 0.9073199 0.3279337 -0.8428261 0.0078806 -0.7304498 -0.3354502 0.5948564
1403715586.562143 0.8443260 0.3494869 -0.8516334 0.0770629 -0.7637146 -0.2470972 0.5913918
1403715587.662143 0.9356934 0.3214266 -0.8828488 -0.0072210 -0.7621937 -0.2326445 0.6040572
1403715587.962143 0.9652754 0.2902304 -0.8552195 -0.0119416 -0.7070830 -0.2145366 0.6736950
1403715588.312143 0.9982716 0.2667012 -0.7771240 0.0395844 -0.6097466 -0.1670661 0.7737771
1403715588.612143 1.0585176 0.2877026 -0.6856094 0.0394744 -0.5235006 -0.1363492 0.8401177
1403715589.012143 1.1850330 0.3153801 -0.5688499 -0.0347238 -0.3917453 -0.1610429 0.9052044
1403715589.312143 1.2434322 0.3085616 -0.4609221 -0.0630046 -0.3145585 -0.1521135 0.9348502
1403715589.962143 1.1711468 0.0889023 -0.1506596 0.0006336 -0.2522849 -0.1056312 0.9618700
1403715590.362143 1.0480481 -0.0801074 0.0579744 0.0195353 -0.2711970 -0.1290819 0.9536291
1403715590.762143 0.8770687 -0.2155600 0.2148630 0.0136096 -0.3754836 -0.1897126 0.9071031
1403715591.112143 0.6858196 -0.3189824 0.3105923 0.0193576 -0.5096908 -0.2111315 0.8338249
1403715591.512143 0.4485405 -0.4109689 0.3809784 0.0404568 -0.6382418 -0.2951237 0.7098680
1403715591.912143 0.1985302 -0.4229939 0.4031066 0.0516413 -0.7426941 -0.3256445 0.5828329
1403715592.262143 -0.0137366 -0.3552755 0.3805066 -0.0997502 0.8103600 0.3458593 -0.4623288
1403715592.612143 -0.1630008 -0.2985205 0.2631463 -0.1344426 0.8677351 0.3541143 -0.3218136
1403715593.012143 -0.2046153 -0.2210432 0.0479999 -0.0647494 0.9195359 0.3560561 -0.1532495
1403715593.412143 -0.1857798 -0.1291105 -0.1804557 -0.0543318 0.9370884 0.3440210 0.0237281
1403715594.012143 -0.0726796 -0.0114214 -0.4730208 -0.0793186 0.9116492 0.2978534 0.2718229
1403715594.462143 0.0925724 0.0387957 -0.5892683 -0.0754925 0.8442060 0.2920921 0.4430568
1403715594.862143 0.2808382 0.0630032 -0.6258999 -0.0824362 0.7436190 0.2932604 0.5951751
1403715595.212143 0.4960212 0.0723122 -0.6161894 -0.0593290 0.6428598 0.2816257 0.7098580
1403715595.612143 0.7835645 0.0890394 -0.6037264 -0.0179204 0.5292085 0.1924963 0.8261733
1403715596.062143 1.0421414 0.0850571 -0.5682745 0.0709169 0.4267761 0.0054568 0.9015560
1403715596.562143 1.0037316 0.0167461 -0.5612243 -0.0615382 0.3193174 0.0998644 0.9403598
1403715596.962143 0.9124483 -0.0652184 -0.4936091 -0.1426787 0.2252344 0.1273548 0.9553497
1403715597.362143 0.9172277 -0.1917626 -0.2841518 -0.0593344 0.1869070 0.1178853 0.9734722
1403715597.762143 0.9704242 -0.3257222 -0.0208260 0.0156128 0.1066998 0.0631004 0.9921642
1403715598.112143 1.0294524 -0.4136806 0.1823103 0.0370126 0.0691794 0.0338057 0.9963440
1403715598.462143 1.0813347 -0.4620209 0.3496758 0.1115966 0.0707657 0.0334666 0.9906656
1403715599.212143 1.1478816 -0.3868211 0.4021281 0.0248297 0.0808305 0.0337093 0.9958482
1403715599.512143 1.1586591 -0.3166695 0.3808765 0.0158934 0.0658911 0.0769438 0.9947288
1403715599.862143 1.2041644 -0.2309969 0.3417092 0.0405330 0.0705385 0.0714551 0.9941205
1403715600.162143 1.2649146 -0.1470389 0.2855650 0.0077976 0.0840237 0.0068438 0.9964097
1403715600.762143 1.2533997 -0.0025186 0.1793106 -0.0318309 -0.1110143 -0.0561874 0.9917185
1403715601.212143 1.1611212 -0.0135742 0.1260417 -0.0036818 -0.2301479 -0.1063530 0.9673197
1403715602.012143 0.8952813 -0.1192336 0.0356978 0.0456900 -0.2355998 -0.0857610 0.9669799
1403715602.962143 0.6054221 -0.0801616 -0.1648547 -0.0028900 -0.0012857 -0.0117013 0.9999265
1403715603.412143 0.4548931 0.0286750 -0.2277135 -0.0205329 0.0996668 0.0305924 0.9943385
1403715604.262143 0.2387476 0.1072795 -0.3006343 -0.0368578 0.1193603 0.0689962 0.9897647
1403715604.662143 0.2089772 0.1146465 -0.2798812 -0.0104700 0.1256456 0.0560646 0.9904344
1403715605.062143 0.1786036 0.1149790 -0.2426950 -0.0113153 0.1265005 0.0515729 0.9905604
1403715605.462143 0.1446053 0.0993289 -0.2015158 0.0013151 0.1136433 0.0629740 0.9915230
1403715605.912143 0.1195422 0.1138141 -0.1398147 -0.0000429 0.1123778 0.0497547 0.9924191
1403715606.312143 0.0996204 0.1324904 -0.0845032 0.0040207 0.1041816 0.0519315 0.9931934
1403715606.662143 0.0801427 0.1327630 -0.0430161 0.0115557 0.0908726 0.0659980 0.9936060
1403715607.012143 0.0788292 0.1394706 -0.0106568 0.0284335 0.0883872 0.0539247 0.9942190
1403715607.362143 0.0799378 0.1588087 0.0035272 0.0147087 0.0919743 0.0376755 0.9949397
1403715607.762143 0.0649759 0.1700438 0.0003088 0.0124871 0.0969953 0.0370062 0.9945182
1403715608.062143 0.0549572 0.1798213 0.0000509 0.0099000 0.0958025 0.0305209 0.9948831
1403715608.312143 0.0552203 0.1803181 0.0011616 0.0075596 0.0952704 0.0319775 0.9949089
1403715609.312143 0.0549904 0.1809015 0.0001829 0.0075864 0.0951046 0.0323613 0.9949122
