1403638518.077829 0.0000000 0.0000000 0.0000000 0.0000000 0.0000000 0.0000000 1.0000000
1403638522.127830 -0.0028112 -0.0063360 -0.0017212 -0.0049816 -0.0046622 -0.0026939 0.9999731
1403638522.177829 -0.0044273 -0.0142087 -0.0048104 -0.0046411 -0.0068746 -0.0012828 0.9999648
1403638522.227829 -0.0051887 -0.0253495 -0.0087768 -0.0011347 -0.0090462 -0.0005686 0.9999583
1403638522.277829 -0.0061087 -0.0404973 -0.0138601 0.0037882 -0.0122574 0.0008501 0.9999173
1403638522.327830 -0.0063408 -0.0595245 -0.0203973 0.0092216 -0.0156012 0.0018238 0.9998341
1403638522.377829 -0.0063107 -0.0812447 -0.0278996 0.0124190 -0.0187159 0.0025008 0.9997446
1403638522.427830 -0.0059666 -0.1053897 -0.0367573 0.0125099 -0.0231748 0.0042663 0.9996440
1403638522.477829 -0.0058523 -0.1312386 -0.0454488 0.0102907 -0.0277968 0.0069832 0.9995362
1403638522.527829 -0.0056128 -0.1571811 -0.0553218 0.0065887 -0.0314995 0.0101130 0.9994309
1403638525.827830 0.0462354 -0.1459392 -0.0303346 -0.0105452 -0.0463631 -0.0147947 0.9987594
1403638528.027829 0.5372512 -0.2129461 -0.0694049 0.0224181 0.0802500 0.0357876 0.9958798
1403638529.877829 0.0894745 -0.1050075 0.0049384 -0.0165183 0.0648153 0.0166437 0.9976217
1403638529.977829 0.0839888 -0.0898775 0.0133789 -0.0117914 0.0649043 0.0168071 0.9976802
1403638530.177829 0.0831758 -0.0773837 0.0479554 -0.0175260 0.0690466 0.0200930 0.9972571
1403638530.327830 0.0877105 -0.0717049 0.0795093 -0.0169541 0.0764109 0.0263002 0.9965853
1403638530.527829 0.0971486 -0.0659299 0.1122567 -0.0164530 0.0818949 0.0321430 0.9959866
1403638530.827830 0.1077506 -0.0531796 0.1340947 -0.0304283 0.0862944 0.0356946 0.9951649
1403638531.077829 0.1083153 -0.0466211 0.1403628 -0.0196700 0.0835711 0.0351543 0.9956872
1403638531.427830 0.1043776 -0.0449211 0.1418171 -0.0104167 0.0850088 0.0299343 0.9958760
1403638538.927830 0.1039119 -0.0486592 0.1439373 -0.0021177 0.0835879 0.0295507 0.9960599
1403638539.077829 0.1047797 -0.0572367 0.1521522 0.0125506 0.0857309 0.0299442 0.9957892
1403638541.827830 -0.2727619 -0.8742610 1.0299850 0.0247322 -0.1026049 -0.0612459 0.9925268
1403638542.877829 -1.0699531 -1.2791592 1.4245255 0.0379876 -0.2620776 -0.1297504 0.9555297
1403638543.327830 -1.5079931 -1.4431140 1.4497292 0.0234654 -0.2623802 -0.1160309 0.9576758
1403638543.577829 -1.7606440 -1.4902091 1.4824148 0.0216584 -0.2777827 -0.1247310 0.9522656
1403638543.727829 -1.9178396 -1.5022327 1.5033729 0.0230590 -0.3034208 -0.1412640 0.9420449
1403638544.527829 -2.8342459 -1.7173264 1.5506401 0.0204017 -0.3993707 -0.1688777 0.9008702
1403638544.777829 -3.1205425 -1.7823675 1.5924045 0.0332158 -0.4059404 -0.1646712 0.8983276
1403638545.077829 -3.4625919 -1.8462236 1.6442689 0.0264788 -0.4073689 -0.1673281 0.8974134
1403638545.227829 -3.6324828 -1.8515451 1.6832622 0.0260139 -0.4076595 -0.1695667 0.8968747
1403638545.877829 -4.3345127 -1.8656092 1.8372753 0.0249737 -0.4689369 -0.1947554 0.8611299
1403638546.227829 -4.7121224 -1.9476846 1.8733475 0.0275388 -0.5236639 -0.2277104 0.8204668
1403638546.627830 -5.1687312 -1.9742582 1.9347363 0.0224543 -0.5427349 -0.2307135 0.8072830
1403638546.827830 -5.4036870 -2.0121272 1.9492557 0.0248724 -0.5528793 -0.2380442 0.7981484
1403638547.427830 -6.1595330 -2.0657520 1.9690337 0.0291670 -0.5557465 -0.2489756 0.7926577
1403638547.777829 -6.6305900 -1.9997756 1.9668980 0.0230701 -0.5556978 -0.2408300 0.7954047
1403638548.427830 -7.5788264 -1.9079815 1.8553388 0.0206706 -0.5941349 -0.2585294 0.7614059
1403638548.577829 -7.8063288 -1.9252418 1.7964940 0.0209804 -0.6100451 -0.2634484 0.7469938
1403638548.927830 -8.3683786 -1.9382145 1.6878862 0.0201512 -0.6258392 -0.2679127 0.7322171
1403638549.227829 -8.8666649 -2.0089369 1.5520411 0.0193721 -0.6268881 -0.2672807 0.7315716
1403638549.377829 -9.1256485 -2.0592873 1.4801332 0.0173645 -0.6275258 -0.2628527 0.7326789
1403638549.677829 -9.6459408 -2.1514957 1.3522528 0.0182814 -0.6282522 -0.2560143 0.7344533
1403638549.827830 -9.8954926 -2.1922290 1.3068371 0.0174243 -0.6276860 -0.2568389 0.7346703
1403638550.277829 -10.6709452 -2.4102383 1.1134690 0.0139277 -0.6275844 -0.2574025 0.7346344
1403638550.427830 -10.9297876 -2.5125039 1.0560552 0.0145503 -0.6290751 -0.2561060 0.7338001
1403638550.577829 -11.1894522 -2.6031618 1.0067267 0.0120087 -0.6315466 -0.2511038 0.7334518
1403638551.027829 -11.9529638 -2.8220043 0.9354876 0.0326131 -0.6405908 -0.2266340 0.7329508
1403638551.227829 -12.2492313 -2.9147618 0.9313107 0.0322696 -0.6440421 -0.2194574 0.7321249
1403638551.427830 -12.5129604 -3.0202610 0.9307603 0.0219038 -0.6326056 -0.2173184 0.7430364
1403638551.577829 -12.6992617 -3.0939326 0.9636860 0.0144678 -0.6119635 -0.2042677 0.7639149
1403638552.377829 -13.3989677 -3.6110485 1.4342793 0.0186747 -0.5248361 -0.1753366 0.8327397
1403638552.577829 -13.5091753 -3.7613232 1.5936742 0.0305257 -0.5301256 -0.1610342 0.8319274
1403638552.777829 -13.5838127 -3.8933578 1.7791027 0.0326668 -0.5317087 -0.1639699 0.8302606
1403638553.627830 -13.4982462 -4.3511834 2.6763890 0.0721281 -0.5379996 -0.1827334 0.8197331
1403638553.877829 -13.3197584 -4.5464230 2.8699205 0.0680436 -0.5359896 -0.1896007 0.8198395
1403638555.127830 -12.0785866 -5.1693430 3.6518691 0.0263414 -0.5238917 -0.1956289 0.8285970
1403638555.327830 -11.8746481 -5.2402782 3.7821577 0.0245022 -0.5044338 -0.1893124 0.8420849
1403638555.527829 -11.6722069 -5.2962308 3.9404821 0.0280489 -0.4917439 -0.1897571 0.8493489
1403638556.327830 -10.8976860 -5.6588898 4.4861178 0.0117561 -0.4858873 -0.1985995 0.8510779
1403638556.527829 -10.7310772 -5.7497568 4.6282983 0.0019200 -0.4836349 -0.2020104 0.8516369
1403638557.527829 -10.0760727 -6.3877926 5.6351180 0.0222799 -0.4885980 -0.1909617 0.8510635
1403638557.777829 -9.9206142 -6.5776691 5.9204683 0.0277289 -0.4864496 -0.1960273 0.8509825
1403638558.427830 -9.5955839 -6.9771276 6.6534214 -0.0034976 -0.4748920 -0.2176176 0.8527062
1403638558.927830 -9.5819368 -7.4236913 7.2138476 -0.0030119 -0.4811356 -0.1950034 0.8546772
1403638559.077829 -9.6104822 -7.5401001 7.4120960 0.0099062 -0.4819025 -0.1937212 0.8544846
1403638559.527829 -9.7072315 -7.8029218 8.0346079 0.0284305 -0.4798343 -0.2057525 0.8524181
1403638559.977829 -9.8441324 -7.9885817 8.6155729 0.0296457 -0.4776956 -0.2010660 0.8546932
1403638560.127830 -9.8946943 -8.0430536 8.8046827 0.0283953 -0.4576346 -0.1881779 0.8685352
1403638560.277829 -9.9514771 -8.0771780 8.9958401 0.0303212 -0.4249108 -0.1724918 0.8881317
1403638561.027829 -10.0905209 -8.1755571 9.8896170 0.0492968 -0.2527402 -0.0639683 0.9641578
1403638561.127830 -10.0806265 -8.2046919 9.9929323 0.0541729 -0.2316605 -0.0539084 0.9697900
1403638561.977829 -9.6468849 -8.3657255 10.5951242 0.0417472 -0.1751194 -0.0706189 0.9811235
1403638562.227829 -9.4971809 -8.3649569 10.7332478 0.0427737 -0.1474635 -0.0620773 0.9861903
1403638562.377829 -9.4134521 -8.3769302 10.7962017 0.0449663 -0.1301077 -0.0535194 0.9890327
1403638563.027829 -8.9708843 -8.4910727 10.9480181 0.0440731 0.0058124 0.0304781 0.9985464
1403638563.527829 -8.5062752 -8.4093885 10.9949007 0.0686755 0.0699554 0.0603072 0.9933544
1403638563.727829 -8.2938147 -8.3480072 10.9598312 0.0593436 0.0707627 0.0596221 0.9939398
1403638564.277829 -7.5819240 -8.2229767 10.6569834 0.0624318 0.0510818 0.0549939 0.9952229
1403638564.427830 -7.3616533 -8.1780882 10.5400038 0.0666939 0.0479054 0.0482656 0.9954534
1403638564.577829 -7.1270223 -8.1442623 10.3993788 0.0643180 0.0439227 0.0482927 0.9957920
1403638565.927830 -4.5200410 -6.8577914 8.8497667 0.0514705 0.0639557 0.0253807 0.9963013
1403638566.077829 -4.2112727 -6.6993957 8.6354828 0.0489299 0.0662783 0.0245876 0.9962974
1403638566.227829 -3.9118452 -6.5159335 8.4296236 0.0493724 0.0656781 0.0260061 0.9962793
1403638566.377829 -3.6245770 -6.3065014 8.2231131 0.0480091 0.0650663 0.0250206 0.9964113
1403638566.577829 -3.2588458 -6.0088320 7.9500065 0.0423970 0.0608213 0.0263149 0.9969006
1403638566.827830 -2.8264921 -5.5898266 7.6402040 -0.0012719 0.0560930 0.0236682 0.9981441
1403638566.977829 -2.5651846 -5.3399124 7.4745908 -0.0146098 0.0528334 0.0217575 0.9982594
1403638567.177829 -2.2352526 -5.0212517 7.3028932 0.0230136 0.0529605 0.0174075 0.9981796
1403638567.327830 -1.9875977 -4.7864347 7.1915388 0.0407359 0.0556294 0.0129370 0.9975362
1403638567.477829 -1.7630540 -4.5369892 7.0855651 0.0400542 0.0585614 0.0117500 0.9974107
1403638567.677829 -1.4649559 -4.2458138 6.9262056 0.0281052 0.0627601 0.0108491 0.9975739
1403638568.127830 -0.9164795 -3.7550282 6.5616617 0.0162848 0.0682991 0.0101640 0.9974802
1403638568.477829 -0.5597824 -3.5025342 6.3109355 0.0140360 0.0708777 0.0077709 0.9973560
1403638568.727829 -0.3457560 -3.3138084 6.1694913 0.0076682 0.0716677 0.0044795 0.9973890
1403638569.527829 0.0761264 -3.0086176 5.8963203 0.0089353 0.0746562 -0.0007011 0.9971691
1403638570.727829 0.0736228 -2.8321669 5.9525247 0.0342571 0.1082437 0.0993009 0.9885591
1403638572.877829 2.0782676 -1.8749987 4.8022318 -0.0055444 0.4508594 0.1903945 0.8720350
1403638573.027829 2.2897136 -1.8493760 4.6832929 -0.0101878 0.4503734 0.1891970 0.8725047
1403638573.227829 2.5830948 -1.8083444 4.5448523 -0.0124859 0.4462512 0.1879191 0.8748659
1403638573.427830 2.8875370 -1.7784858 4.4352617 -0.0151397 0.4452652 0.1869646 0.8755307
1403638573.627830 3.2081234 -1.7813092 4.3405337 -0.0165242 0.4490760 0.1848181 0.8740137
1403638573.777829 3.4571140 -1.8148288 4.2795482 -0.0175852 0.4585457 0.1830659 0.8694328
1403638573.927830 3.7088161 -1.8492035 4.2281528 -0.0039298 0.4816958 0.1806524 0.8575071
1403638574.077829 3.9693069 -1.8737104 4.1992407 0.0206345 0.5067462 0.1994364 0.8384555
1403638574.227829 4.2215843 -1.8857898 4.1742907 0.0433613 0.5345407 0.2233920 0.8139300
1403638574.377829 4.4636803 -1.8759203 4.1397042 0.0447531 0.5653491 0.2394479 0.7880623
1403638574.727829 4.9838700 -1.8340247 4.0060234 0.0306567 0.6211308 0.2501346 0.7420845
1403638574.877829 5.1899695 -1.8324534 3.9295537 0.0157506 0.6286761 0.2514299 0.7357318
1403638575.077829 5.4572062 -1.8181540 3.8323839 0.0114334 0.6257510 0.2636741 0.7340170
1403638575.177829 5.5916014 -1.8030883 3.7850208 0.0168059 0.6225598 0.2697832 0.7344071
1403638575.627830 6.2116098 -1.6660049 3.5661488 -0.0002103 0.6131978 0.2691404 0.7426654
1403638575.777829 6.4368629 -1.6281276 3.4787998 -0.0127727 0.6127619 0.2622063 0.7453909
1403638575.927830 6.6722655 -1.6164438 3.3862867 -0.0180727 0.6107533 0.2609697 0.7473611
1403638576.227829 7.1885338 -1.6591709 3.2048934 -0.0153371 0.6120093 0.2560585 0.7480932
1403638576.377829 7.4640236 -1.6788902 3.1292450 -0.0190035 0.6154284 0.2482600 0.7478327
1403638576.527829 7.7448602 -1.6883744 3.0701399 -0.0286091 0.6184046 0.2409350 0.7474675
1403638576.677829 8.0342016 -1.6956769 3.0313287 -0.0347138 0.6205328 0.2353537 0.7472233
1403638576.827830 8.3278866 -1.7042454 3.0177162 -0.0253392 0.6237424 0.2271480 0.7474671
1403638577.277829 9.1921635 -1.7528927 3.0814269 0.0008120 0.6213316 0.2373451 0.7467354
1403638577.577829 9.7435255 -1.8628964 3.1436238 -0.0108963 0.6244526 0.2274697 0.7471263
1403638578.027829 10.5352964 -1.9850475 3.3604276 -0.0067585 0.6206927 0.2319195 0.7489380
1403638578.227829 10.8716459 -2.0671704 3.4742572 0.0067560 0.6154549 0.2425405 0.7498959
1403638578.377829 11.1223993 -2.1390367 3.5646145 0.0138136 0.6131042 0.2491019 0.7495737
1403638579.077829 12.2340937 -2.3056431 3.9600077 0.0019117 0.6203076 0.2316210 0.7493774
1403638579.277829 12.5222998 -2.3911898 4.0781717 0.0043771 0.6193666 0.2326154 0.7498373
1403638580.977829 14.0911055 -2.5918746 5.0598111 0.0195834 0.2956180 0.1182671 0.9477549
1403638581.327830 14.2900076 -2.6846313 5.1577482 0.0172591 0.2992577 0.1120552 0.9474126
1403638582.227829 14.6680603 -2.9514604 5.3766713 0.0269455 0.3165975 0.1103216 0.9417373
1403638583.177829 14.6545506 -3.4789743 5.3627748 0.0171537 0.3189606 0.1104266 0.9411567
1403638583.377829 14.6192284 -3.5510011 5.3681383 0.0166805 0.3182769 0.1115986 0.9412584
1403638586.677829 12.2990322 -4.2926440 5.6376557 0.0295704 0.3225825 0.1023537 0.9405264
1403638587.227829 11.7338820 -4.2567997 5.7615957 0.0286162 0.3186177 0.1091432 0.9411438
1403638587.677829 11.2513800 -4.2728434 5.8110142 0.0251445 0.3174868 0.1144505 0.9409947
1403638587.877829 11.0361290 -4.2514882 5.8361425 0.0262289 0.3174546 0.1163377 0.9407445
1403638589.077829 9.6832743 -4.1767554 6.0076370 0.0306606 0.3189477 0.1151437 0.9402522
1403638589.477829 9.2142859 -4.1236606 6.0501728 0.0313647 0.3197171 0.1144965 0.9400467
1403638589.677829 8.9773340 -4.1174707 6.0504670 0.0308271 0.3192006 0.1151286 0.9401628
1403638590.177829 8.3906908 -4.1115355 6.0267386 0.0282613 0.3214138 0.1171173 0.9392433
1403638591.377829 7.0909519 -4.0576129 5.9681787 -0.0097435 0.3165357 0.1339729 0.9390215
1403638591.627830 6.8931003 -4.0463138 6.0131474 -0.0217228 0.3138889 0.1417050 0.9385742
1403638591.877829 6.7465477 -4.0411000 6.1084027 -0.0135388 0.3158738 0.1392065 0.9384359
1403638592.127830 6.6642981 -4.0948958 6.2179003 -0.0020177 0.3155816 0.1365445 0.9390206
1403638592.627830 6.5863533 -4.3791218 6.3792696 0.0210686 0.2573318 0.1162904 0.9590688
1403638592.827830 6.5976701 -4.5174870 6.4114375 0.0040558 0.2392237 0.1102646 0.9646747
1403638593.027829 6.6251087 -4.6410947 6.4663076 -0.0021534 0.2331839 0.1061556 0.9666187
1403638593.777829 6.8376145 -5.1423645 6.7810030 0.0296964 0.2513872 0.0745224 0.9645564
1403638593.977829 6.8598742 -5.2490754 6.8688483 0.0566605 0.2412108 0.0777093 0.9656957
1403638594.627830 6.8174124 -5.6241875 6.9801841 0.0421921 0.2210317 0.0695135 0.9718707
1403638595.277829 6.6556058 -5.8788023 6.9697671 0.0328561 0.2207934 0.0805840 0.9714304
1403638596.627830 6.0622268 -5.8498650 6.9941549 0.0170936 0.2473768 0.0035942 0.9687619
1403638596.777829 5.8832688 -5.9077940 7.0095286 0.0154545 0.2501800 -0.0058086 0.9680585
1403638596.927830 5.6546078 -5.9890909 7.0279708 0.0169064 0.2520424 -0.0119140 0.9674951
1403638597.077829 5.3814092 -6.0679402 7.0613565 0.0193993 0.2543153 -0.0143685 0.9668200
1403638597.427830 4.5816364 -6.2110715 7.2034163 0.0341268 0.2534707 -0.0007876 0.9667405
1403638597.577829 4.1747289 -6.2613311 7.2833986 0.0482482 0.2462197 0.0202576 0.9678004
1403638597.727829 3.7464981 -6.2981172 7.3612442 0.0515413 0.2449416 0.0251969 0.9678389
1403638598.077829 2.6501367 -6.3424869 7.5685754 0.0461145 0.2314186 0.0010019 0.9717602
1403638598.227829 2.1312809 -6.3775511 7.6433849 0.0486735 0.2128452 0.0295621 0.9754250
1403638598.377829 1.6003926 -6.4170046 7.7024813 0.0442678 0.2023091 0.0480677 0.9771391
1403638598.577829 0.8980869 -6.4367466 7.7803202 0.0383139 0.1944322 0.0532021 0.9787225
1403638598.827830 0.0552831 -6.4307079 7.8794065 0.0377618 0.1649667 0.0404179 0.9847469
1403638599.027829 -0.6380956 -6.4543529 7.9372573 0.0366034 0.1305934 0.0268296 0.9903967
1403638599.277829 -1.4915905 -6.4994769 7.9770961 0.0361323 0.0830226 0.0040340 0.9958842
1403638599.677829 -2.8144922 -6.6095510 8.0253162 0.0225140 0.0336463 -0.0154673 0.9990605
1403638600.277829 -4.6845312 -6.6233172 8.1917162 0.0108017 0.0237615 0.0349561 0.9990479
1403638600.527829 -5.3609452 -6.6230516 8.3020554 0.0042007 0.0207414 0.0551069 0.9982561
1403638600.727829 -5.8177419 -6.6698551 8.3940105 -0.0027089 0.0214995 0.0570896 0.9981339
1403638600.927830 -6.2071457 -6.7487121 8.5009861 -0.0145093 0.0287096 0.0336832 0.9989148
1403638601.127830 -6.5513773 -6.8319783 8.6400957 -0.0137107 0.0362916 0.0081699 0.9992138
1403638601.377829 -6.9658031 -6.9354234 8.8738508 0.0073451 0.0378686 -0.0107196 0.9991983
1403638601.577829 -7.3153911 -7.0481482 9.0584173 0.0235124 0.0083515 -0.0134284 0.9995984
1403638601.777829 -7.6480350 -7.1810989 9.2311134 0.0297093 -0.0364141 -0.0384127 0.9981562
1403638601.977829 -7.9770002 -7.3258915 9.3983841 0.0357703 -0.0898620 -0.0667289 0.9930723
1403638602.227829 -8.3963995 -7.4809713 9.5944967 0.0425259 -0.1298664 -0.0904629 0.9864800
1403638603.227829 -9.7381439 -7.9468999 9.5860615 0.0918898 -0.3657787 -0.1011075 0.9206191
1403638603.477829 -9.8228617 -7.9376073 9.4341822 0.0382915 -0.3733220 -0.1330647 0.9173103
1403638605.027829 -9.7664642 -7.2345462 7.9603405 0.0230279 -0.3749856 -0.1544289 0.9137873
1403638605.527829 -9.6950922 -7.0701418 7.3623962 0.0416608 -0.3645904 -0.1820875 0.9122403
1403638605.927830 -9.7267809 -6.9031978 6.8824492 0.0588345 -0.3587260 -0.1972106 0.9104736
1403638606.227829 -9.8294592 -6.7645707 6.4388418 0.0608974 -0.3526321 -0.2059384 0.9107862
1403638606.527829 -10.0031595 -6.5431643 5.9599133 0.0213201 -0.3594377 -0.1842285 0.9145545
1403638606.777829 -10.1938839 -6.3177266 5.5860047 -0.0023990 -0.3764099 -0.1853222 0.9077255
1403638607.027829 -10.4352961 -6.0960670 5.2555246 -0.0091078 -0.4189581 -0.2003132 0.8855878
1403638607.877829 -11.4372311 -5.5232310 4.4579468 0.0224308 -0.4789539 -0.1838086 0.8580877
1403638608.927830 -12.3316517 -4.5485349 4.0810409 0.0397939 -0.4741798 -0.1763490 0.8616675
1403638609.877829 -12.6390266 -3.8363376 3.8792737 0.0308481 -0.4730846 -0.1767800 0.8625475
1403638610.777829 -12.5199699 -3.2463505 3.8604469 0.0551303 -0.4786548 -0.1611981 0.8613161
1403638611.077829 -12.3504400 -3.0731645 3.8446946 0.0468135 -0.4803366 -0.1636284 0.8604133
1403638611.427830 -12.0717497 -2.8684940 3.8444159 0.0573364 -0.4760712 -0.1785738 0.8591741
1403638611.727829 -11.7827368 -2.7424242 3.7817619 0.0531573 -0.4684810 -0.1927548 0.8605495
1403638612.127830 -11.3903828 -2.5341816 3.6849294 0.0289264 -0.4733623 -0.1748312 0.8628588
1403638612.827830 -10.6897182 -2.2688386 3.5626125 0.0471146 -0.4618466 -0.1845170 0.8662745
1403638613.177829 -10.3360901 -2.1250403 3.4648929 0.0406658 -0.4598881 -0.1800762 0.8685746
1403638613.527829 -9.9726286 -2.0452912 3.3366537 0.0435162 -0.4580370 -0.1786084 0.8697169
1403638614.227829 -9.1895552 -1.6897826 3.1236041 0.0463148 -0.3896109 -0.1435365 0.9085459
1403638614.577829 -8.7376089 -1.5388104 2.9765944 0.0368453 -0.3535706 -0.1270207 0.9260108
1403638614.927830 -8.2646599 -1.5176609 2.7912571 0.0146066 -0.3065365 -0.0918612 0.9473033
1403638615.227829 -7.8248210 -1.5971465 2.6872728 0.0231160 -0.2216653 -0.0718548 0.9721970
1403638615.527829 -7.3649406 -1.6738397 2.5916395 0.0356741 -0.1267018 -0.0434173 0.9903479
1403638615.727829 -7.0650272 -1.7053851 2.5359471 0.0364676 -0.0852515 -0.0277183 0.9953060
1403638615.927830 -6.7668843 -1.7456092 2.4596386 0.0365318 -0.0623228 -0.0145411 0.9972812
1403638616.177829 -6.3922462 -1.7747669 2.3762445 0.0340412 -0.0256222 -0.0001215 0.9990919
1403638616.577829 -5.7859635 -1.6079060 2.3183682 0.0288755 0.0474799 0.0335545 0.9978908
1403638616.927830 -5.2644286 -1.4098902 2.3013871 -0.0063944 0.0613318 0.0564646 0.9964985
1403638618.527829 -2.9335988 -1.8815175 2.7520649 0.0013053 0.0488297 0.0106378 0.9987496
1403638618.927830 -2.4796569 -2.1003685 3.0737174 0.0091079 0.0666930 0.0143178 0.9976292
1403638619.577829 -1.8432829 -2.3825660 3.6778677 0.0293226 0.1973804 0.0750606 0.9770092
1403638620.427830 -1.1067967 -2.5028679 4.3533521 0.0399052 0.2217776 0.0992808 0.9692088
1403638622.027829 0.3343519 -2.5085793 4.8563862 0.0535995 0.2097653 0.0662854 0.9740287
1403638623.677829 0.6573195 -2.1364300 4.0680108 0.0437509 0.2127709 0.0781103 0.9729919
1403638624.427830 0.5557547 -1.8920076 3.2906408 0.0362285 0.2171225 0.0874425 0.9715447
1403638625.127830 0.4188604 -1.5161347 2.5242321 0.0365499 0.1961515 0.0800438 0.9766175
1403638625.627830 0.3180429 -1.2723203 1.9217243 0.0338116 0.1899652 0.0793265 0.9779966
1403638626.127830 0.2698489 -1.0751187 1.3118169 0.0162113 0.1900713 0.0846357 0.9779810
1403638626.927830 0.2528423 -0.6462366 0.5848990 0.0030316 0.1940153 0.0721251 0.9783388
1403638627.427830 0.2523321 -0.4812113 0.2688252 0.0040010 0.1933954 0.0678253 0.9787655
1403638627.927830 0.2603717 -0.3156315 0.1063537 0.0131969 0.1969738 0.0629562 0.9782963
1403638628.327830 0.2476839 -0.2213792 0.0453643 0.0064189 0.1989700 0.0638305 0.9779035
1403638629.377829 0.1741069 -0.1248213 -0.0256177 0.0159876 0.2001906 0.0657148 0.9774199
1403638631.227829 0.1252862 -0.0316625 0.0839006 -0.0117555 0.1906320 0.0678999 0.9792399
