1403636859.651666 0.0000000 0.0000000 0.0000000 0.0000000 0.0000000 0.0000000 1.0000000
1403636860.801666 0.0087996 0.0489059 0.0087976 -0.0709138 0.0107298 0.0074610 0.9973968
1403636862.251667 0.0084660 0.0463537 0.0089673 -0.0620123 -0.0020350 0.0047143 0.9980622
1403636866.051666 0.0054811 -0.0905712 -0.0281659 0.0035527 0.0177446 0.0191395 0.9996530
1403636866.451666 0.0069105 -0.1096959 -0.0362115 0.0180289 0.0342735 0.0035130 0.9992437
1403636868.801666 -0.0052945 0.0051328 -0.0616738 -0.2413671 0.0177278 0.0211611 0.9700412
1403636869.201667 -0.0118894 0.0052193 -0.0647029 -0.2322152 0.0061939 0.0170267 0.9724957
1403636869.351666 -0.0126218 0.0060248 -0.0637704 -0.2322425 0.0041979 0.0157847 0.9725208
1403636869.851666 0.0188981 0.0046880 -0.0567803 -0.2365996 0.0135597 0.0187382 0.9713319
1403636870.201667 0.0879123 -0.0014229 -0.0402108 -0.2357688 0.0406367 0.0311125 0.9704606
1403636870.301666 0.1102382 -0.0037017 -0.0353736 -0.2345459 0.0446230 0.0333046 0.9705091
1403636870.601666 0.1665216 -0.0047133 -0.0231176 -0.2333617 0.0631597 0.0408692 0.9694756
1403636870.851666 0.1913351 -0.0031800 -0.0162104 -0.2225693 0.0714005 0.0474161 0.9711419
1403636874.351666 0.1594081 0.0106156 -0.0097687 -0.2484087 0.0579220 0.0542615 0.9653983
1403636875.901667 -0.0143793 0.0424081 -0.0727261 -0.2064595 0.1277004 0.1474019 0.9588221
1403636876.051666 0.0100917 0.0481075 -0.0922244 -0.2056942 0.1661103 0.1595856 0.9511203
1403636876.201667 0.0408353 0.0489538 -0.1030962 -0.1952012 0.2076185 0.1702018 0.9433039
1403636876.351666 0.0754988 0.0480998 -0.1011366 -0.1970541 0.2340562 0.1809849 0.9346827
1403636876.501667 0.1141917 0.0445887 -0.0860476 -0.2010456 0.2514192 0.1800078 0.9294978
1403636876.651666 0.1484136 0.0348018 -0.0606525 -0.1876815 0.2555168 0.1633341 0.9342424
1403636876.851666 0.1706801 0.0161409 -0.0174200 -0.1760348 0.2265236 0.1341991 0.9485196
1403636877.051666 0.1549881 -0.0000957 0.0266163 -0.1628877 0.1693563 0.1000943 0.9668336
1403636878.101666 -0.0439332 0.0314216 -0.0327519 -0.2226297 -0.0125395 0.0456997 0.9737507
1403636878.401667 0.0026262 0.0528682 -0.0721654 -0.2128977 0.0624906 0.0877076 0.9711214
1403636878.551666 0.0401444 0.0554422 -0.0797539 -0.2094786 0.1060551 0.1049254 0.9663652
1403636878.701667 0.0808910 0.0503393 -0.0769318 -0.2040219 0.1479071 0.1125564 0.9611605
1403636879.101666 0.1650447 0.0224788 -0.0313293 -0.1926487 0.1751587 0.1174392 0.9583392
1403636879.251667 0.1746460 0.0079172 -0.0053050 -0.1722825 0.1679664 0.1100557 0.9643618
1403636879.401667 0.1683667 -0.0057276 0.0187052 -0.1556846 0.1470833 0.0937746 0.9722835
1403636879.551666 0.1461521 -0.0154652 0.0356434 -0.1513019 0.1065390 0.0717437 0.9801071
1403636880.351666 0.0344760 0.0011693 -0.0393783 -0.1760595 0.0451400 0.0557742 0.9817610
1403636880.601666 0.0475726 0.0109772 -0.0878427 -0.1695268 0.1126040 0.0716666 0.9764450
1403636880.801666 0.0314850 0.0175200 -0.1210178 -0.1855122 0.1262264 0.0818139 0.9710606
1403636881.001667 0.0004531 0.0199220 -0.1332365 -0.1784508 0.1034689 0.0786006 0.9753314
1403636881.201667 -0.0305580 0.0146516 -0.1242248 -0.1562678 0.0641394 0.0600132 0.9838012
1403636881.401667 -0.0473465 0.0034242 -0.0997522 -0.1486297 0.0193834 0.0384938 0.9879533
1403636881.601666 -0.0366694 -0.0103461 -0.0621343 -0.1374482 0.0069610 0.0135681 0.9903916
1403636883.451666 0.0374476 0.0600882 0.0723114 -0.0040160 -0.1057665 -0.0212032 0.9941568
1403636883.701667 0.0348224 0.0649736 0.0794927 0.0147990 -0.1244453 -0.0296589 0.9916727
1403636883.901667 0.0342001 0.0672974 0.0821563 0.0159941 -0.1358663 -0.0278052 0.9902078
1403636884.151666 0.0348713 0.0684279 0.0832917 0.0281990 -0.1438433 -0.0302039 0.9887374
1403636897.651666 0.0526548 0.0746204 0.0676452 0.0030300 -0.1233738 -0.0455789 0.9913084
1403636897.801666 0.0624256 0.0721355 0.0571650 -0.0203025 -0.1149929 -0.0591920 0.9913933
1403636897.951666 0.0703583 0.0619595 0.0479589 -0.0267556 -0.1145860 -0.0648510 0.9909332
1403636898.101666 0.0749831 0.0515755 0.0440368 -0.0102165 -0.1197347 -0.0626463 0.9907748
1403636898.551666 0.0793637 0.0174866 0.0415365 -0.0049932 -0.1356677 -0.0644435 0.9886437
1403636898.751667 0.0773616 -0.0016083 0.0440493 -0.0066852 -0.1395194 -0.0676302 0.9878845
1403636898.951666 0.0730318 -0.0189237 0.0503185 -0.0094853 -0.1449280 -0.0615959 0.9874775
1403636899.551666 0.0787923 -0.0644514 0.1006360 0.0103776 -0.0573260 -0.0138713 0.9982052
1403636899.751667 0.0899412 -0.0748058 0.1153925 -0.0017982 -0.0352032 -0.0003304 0.9993785
1403636900.651666 0.1686015 -0.1422707 0.1632138 -0.0052976 -0.0282276 -0.0196989 0.9993933
1403636901.151666 0.2196002 -0.1666151 0.2063880 -0.0062672 -0.0422386 0.0007052 0.9990876
1403636901.301666 0.2422020 -0.1714248 0.2259901 -0.0040381 -0.0408182 -0.0034137 0.9991526
1403636901.751667 0.3230860 -0.2044315 0.2864957 0.0037901 -0.0345167 -0.0159492 0.9992697
1403636901.951666 0.3616154 -0.2079950 0.3159636 0.0035305 -0.0339690 -0.0181241 0.9992523
1403636904.101666 0.7142287 -0.3006527 0.5594383 -0.0042635 -0.0420536 -0.0107030 0.9990489
1403636904.601666 0.8031665 -0.3734743 0.6122511 0.0009952 -0.0358721 -0.0144918 0.9992508
1403636905.601666 0.9831495 -0.4577588 0.7369524 -0.0048602 -0.0219987 -0.0389299 0.9989879
1403636906.201667 1.0334555 -0.4822988 0.8324464 -0.0143512 -0.0400952 -0.0387177 0.9983423
1403636906.351666 1.0413685 -0.4936737 0.8601514 -0.0011891 -0.0437486 -0.0335627 0.9984779
1403636907.401667 1.1021957 -0.5670229 1.0593174 -0.0164992 -0.0532063 -0.0314533 0.9979517
1403636907.701667 1.1161745 -0.6044334 1.1259162 -0.0177373 -0.0597593 -0.0168144 0.9979136
1403636908.001667 1.1420443 -0.6502150 1.2019702 -0.0083454 -0.0591441 -0.0219361 0.9979735
1403636908.201667 1.1630716 -0.6704643 1.2589422 0.0017576 -0.0593193 -0.0330901 0.9976889
1403636908.401667 1.1835769 -0.6930016 1.3140464 0.0017147 -0.0630471 -0.0362770 0.9973496
1403636908.601666 1.2024819 -0.7077745 1.3707969 -0.0014250 -0.0672184 -0.0377947 0.9970212
1403636909.251667 1.2580891 -0.8103846 1.5481304 -0.0177203 -0.0743423 -0.0305499 0.9966072
1403636909.451666 1.2778610 -0.8394011 1.6137575 -0.0128718 -0.0716872 -0.0321380 0.9968262
1403636909.851666 1.3220245 -0.8726059 1.7604651 0.0092529 -0.0649395 -0.0370708 0.9971575
1403636910.051666 1.3429084 -0.8751599 1.8353689 0.0229465 -0.0558403 -0.0596444 0.9963924
1403636910.251667 1.3565377 -0.8793023 1.9004085 0.0098925 -0.0630416 -0.0450316 0.9969454
1403636910.851666 1.3793123 -0.9223554 2.0680828 -0.0019709 -0.0699005 -0.0401600 0.9967433
1403636911.051666 1.3848130 -0.9308325 2.1249230 0.0153859 -0.0737678 -0.0307170 0.9966835
1403636911.651666 1.4059678 -0.9945558 2.2603500 0.0007204 -0.0683518 -0.0420837 0.9967730
1403636912.051666 1.4197496 -1.0241139 2.3491085 -0.0069919 -0.0719422 -0.0252215 0.9970654
1403636912.801666 1.4734428 -1.0690442 2.5334394 -0.0021093 -0.0717354 -0.0124246 0.9973441
1403636913.251667 1.5337754 -1.0697373 2.6542244 0.0151752 -0.0644962 -0.0313674 0.9973094
1403636913.451666 1.5637460 -1.0792965 2.6951623 0.0052998 -0.0682352 -0.0238815 0.9973693
1403636914.001667 1.6529042 -1.1058347 2.8063693 0.0051160 -0.0632242 -0.0331116 0.9974368
1403636914.401667 1.7202374 -1.1363169 2.8769495 0.0050089 -0.0622853 -0.0329492 0.9975018
1403636915.251667 1.8501500 -1.2020711 2.9980721 -0.0080811 -0.0543253 -0.0385502 0.9977461
1403636915.651666 1.8932948 -1.2113202 3.0684390 -0.0021547 -0.0605228 -0.0205479 0.9979530
1403636916.051666 1.9479545 -1.2599964 3.1308081 0.0064047 -0.0600161 -0.0279348 0.9977859
1403636916.651666 2.0346167 -1.3185828 3.2119200 0.0063160 -0.0283114 -0.0352027 0.9989591
1403636917.301666 2.0935469 -1.3172059 3.3032348 0.0081066 0.0132661 -0.0119067 0.9998083
1403636920.201667 2.1855741 -1.4653029 3.4330130 0.0269203 0.1239605 0.0501910 0.9906513
1403636921.551666 2.2664943 -1.4170225 3.3016100 0.0181673 0.1288516 0.0438136 0.9905289
1403636921.801666 2.2751710 -1.3896787 3.2802162 -0.0179561 0.1291382 0.0489160 0.9902566
1403636924.351666 2.4119482 -1.2583355 3.2638862 -0.0276438 0.2449360 0.0741682 0.9663029
1403636924.551666 2.4308982 -1.2748524 3.2942514 -0.0076171 0.2378346 0.0883649 0.9672478
1403636926.401667 2.7644277 -1.3011104 3.6160502 0.0292929 0.2666352 0.0952133 0.9586355
1403636926.601666 2.7976754 -1.2951525 3.6584394 0.0242180 0.2638672 0.0937783 0.9596839
1403636927.101666 2.8860865 -1.3096445 3.7130084 0.0067752 0.3017427 0.1188150 0.9459326
1403636930.451666 3.7295706 -1.4552341 4.1086273 0.0084949 0.3874865 0.1301743 0.9125988
1403636930.601666 3.7569244 -1.4650552 4.1072111 0.0087872 0.3890576 0.1249131 0.9126630
1403636930.801666 3.7879229 -1.4699197 4.1074138 0.0155393 0.3841395 0.1380728 0.9127603
1403636932.601666 3.9016914 -1.4078357 3.9134159 0.0162746 0.4610204 0.1233832 0.8786193
1403636932.901667 3.8568854 -1.4257718 3.8576396 0.0172741 0.4888676 0.1489631 0.8593719
1403636934.651666 3.5445375 -1.3167158 3.6748815 0.0186054 0.6324180 0.2305451 0.7392904
1403636934.951666 3.4905536 -1.3144076 3.6254480 -0.0089150 0.6624547 0.2414840 0.7090556
1403636935.351666 3.4273565 -1.3416145 3.5534182 0.0099158 0.6635305 0.2344115 0.7104085
1403636936.451666 3.2936964 -1.2481742 3.3844576 -0.0059448 0.6538274 0.2383655 0.7180920
1403636936.851666 3.2939589 -1.2195441 3.3189018 -0.0016739 0.6626188 0.2307270 0.7125297
1403636937.301666 3.2914865 -1.2023518 3.2498868 -0.0018658 0.6655780 0.2335623 0.7088379
1403636938.301666 3.2774773 -1.0896119 3.1783137 0.0233575 0.6900802 0.2129463 0.6913013
1403636938.901667 3.1845665 -1.0525446 3.1179144 0.0182180 0.6856884 0.2570365 0.6807582
1403636939.101666 3.1502669 -1.0382323 3.0768602 0.0025992 0.6886993 0.2493113 0.6808307
1403636939.901667 3.0100863 -0.9681606 2.9081259 0.0217878 0.6871071 0.2285354 0.6893336
1403636940.101666 2.9629021 -0.9440851 2.8669124 0.0210509 0.6934523 0.2388878 0.6794214
1403636940.551666 2.8417530 -0.8668553 2.7746298 0.0189100 0.7056641 0.2543883 0.6610350
1403636941.551666 2.6066954 -0.8051353 2.4958520 0.0030515 0.7073612 0.2425346 0.6639336
1403636941.801666 2.5530775 -0.7830015 2.4345274 0.0008319 0.7030887 0.2425792 0.6684467
1403636942.001667 2.5110312 -0.7730151 2.3850980 0.0007155 0.6995336 0.2471214 0.6705096
1403636942.151666 2.4787030 -0.7711039 2.3482687 0.0050648 0.6986834 0.2494355 0.6705205
1403636943.251667 2.2634280 -0.6660895 2.0596671 0.0064450 0.7109956 0.2469187 0.6583881
1403636943.551666 2.2083035 -0.6333234 1.9815884 0.0061023 0.7164431 0.2431876 0.6538591
1403636943.701667 2.1787741 -0.6098568 1.9471450 0.0061708 0.7186626 0.2401186 0.6525558
1403636943.851666 2.1474800 -0.5828030 1.9170824 0.0045826 0.7180802 0.2407306 0.6529844
1403636943.951666 2.1258357 -0.5628057 1.8992326 -0.0022331 0.7096607 0.2481132 0.6594062
1403636944.101666 2.0926383 -0.5304502 1.8759061 -0.0203263 0.6945934 0.2628227 0.6693661
1403636944.651666 2.0316808 -0.4760185 1.7730972 -0.0149130 0.6934642 0.2209269 0.6856211
1403636945.251667 1.9778445 -0.4804393 1.7024574 0.0004481 0.6774275 0.2201704 0.7018666
1403636945.651666 1.9245110 -0.4748724 1.6835296 -0.0080411 0.6760145 0.2303970 0.6998978
1403636945.851666 1.8973637 -0.4655323 1.6822693 -0.0301673 0.6719363 0.2479910 0.6972030
1403636946.751667 1.8303238 -0.3535318 1.7552333 0.0074254 0.6861933 0.2435692 0.6853886
1403636946.951666 1.8141716 -0.3341985 1.7740104 0.0271882 0.6771795 0.2711573 0.6834929
1403636947.351666 1.7810775 -0.2749551 1.7766186 -0.0252942 0.6793643 0.2691527 0.6821885
1403636947.651666 1.7866244 -0.2617600 1.7520655 -0.0193637 0.6832798 0.2622913 0.6811440
1403636947.901667 1.8088907 -0.2547533 1.7308403 -0.0304171 0.6904805 0.2398097 0.6817644
1403636949.101666 2.0254042 -0.2137932 1.8400680 0.0112792 0.6771037 0.2302969 0.6988324
1403636950.351666 2.1848702 -0.2316059 2.0427055 -0.0158527 0.6677970 0.2495080 0.7011003
1403636950.601666 2.2299411 -0.2288210 2.0710478 -0.0170270 0.6772608 0.2242130 0.7005401
1403636950.801666 2.2659912 -0.2333867 2.0971982 -0.0065602 0.6764513 0.2239050 0.7015961
1403636951.251667 2.3357387 -0.2741083 2.1554613 0.0010330 0.6670931 0.2455429 0.7033451
1403636952.601666 2.6140864 -0.3081331 2.3588288 0.0062661 0.6759515 0.2223703 0.7025680
1403636952.901667 2.6645212 -0.3055826 2.4136581 -0.0047127 0.6721994 0.2314358 0.7032518
1403636953.251667 2.7201173 -0.2942887 2.4791307 -0.0015251 0.6643601 0.2550329 0.7025536
1403636954.301666 2.9431753 -0.3481505 2.6284764 -0.0191826 0.6662695 0.2340545 0.7077679
1403636954.651666 3.0358822 -0.3936870 2.6913264 -0.0229988 0.6695880 0.2381241 0.7031499
1403636955.001667 3.1373117 -0.4029453 2.7785387 -0.0044521 0.6825736 0.2301693 0.6936106
1403636956.051666 3.4029250 -0.4759418 3.0715814 0.0083963 0.6974950 0.2506426 0.6712738
1403636956.401667 3.4737997 -0.5188380 3.1528516 0.0046706 0.7014894 0.2502536 0.6672810
1403636956.751667 3.5355358 -0.5367501 3.2383025 0.0205387 0.6808647 0.2383599 0.6922326
1403636957.101666 3.5735111 -0.5579472 3.3045747 0.0107718 0.6113174 0.2118354 0.7624308
1403636957.451666 3.6012430 -0.5937827 3.3494010 0.0013227 0.5563825 0.1864149 0.8097445
1403636962.251667 3.6138754 -0.7677180 3.8986111 0.0073297 0.0683754 0.0063864 0.9976123
1403636962.501667 3.5812919 -0.8079461 3.9055445 0.0084361 0.0097467 -0.0207424 0.9997017
1403636962.751667 3.5459564 -0.8504641 3.9058177 0.0098868 -0.0395247 -0.0602172 0.9973534
1403636963.701667 3.3483653 -0.8826607 3.8901765 0.0124280 -0.0533274 -0.0387390 0.9977480
1403636964.301666 3.2182181 -0.9239784 3.8180115 0.0175487 -0.0446773 -0.0416590 0.9979782
1403636964.551666 3.1599755 -0.9277072 3.7832158 0.0183953 -0.0476305 -0.0496453 0.9974609
1403636964.851666 3.0753238 -0.9143714 3.7326219 0.0218767 -0.0823420 -0.0776608 0.9933328
1403636965.151666 2.9762247 -0.9011307 3.6659639 0.0247080 -0.1526025 -0.0906723 0.9838092
1403636965.701667 2.7711847 -0.9445543 3.5192139 -0.0085084 -0.1927129 -0.0743839 0.9783948
1403636965.951666 2.6741953 -0.9804329 3.4666660 0.0146872 -0.1853017 -0.0786113 0.9794222
1403636967.951666 2.1588669 -0.8145191 3.0067685 0.0304805 -0.1579471 -0.0754776 0.9840868
1403636968.201667 2.1187284 -0.7439580 2.9337997 0.0298793 -0.1611969 -0.0698596 0.9839931
1403636968.501667 2.0714407 -0.6725669 2.8296037 0.0255132 -0.1608897 -0.0695661 0.9841871
1403636969.401667 1.9437184 -0.5528054 2.4230859 -0.0023129 -0.1575530 -0.0736744 0.9847557
1403636969.701667 1.8964379 -0.5357239 2.2839286 -0.0091060 -0.1533222 -0.0753063 0.9852605
1403636970.001667 1.8484929 -0.5008548 2.1700857 -0.0049985 -0.1541184 -0.0722008 0.9853982
1403636970.601666 1.7399887 -0.4110270 1.9714700 -0.0099427 -0.1563379 -0.0747026 0.9848244
1403636970.951666 1.6687995 -0.3881440 1.8692626 -0.0369692 -0.1579975 -0.0805444 0.9834545
1403636971.601666 1.5400616 -0.3295311 1.7970316 -0.0044658 -0.1730489 -0.0420422 0.9840054
1403636971.901667 1.5145986 -0.2875086 1.7948891 0.0176742 -0.1697428 -0.0578125 0.9836324
1403636972.201667 1.5013628 -0.2593127 1.7826331 0.0112632 -0.1705090 -0.0587251 0.9835401
1403636973.601666 1.5172908 -0.2266996 1.7285264 0.0037899 -0.1129072 -0.0541553 0.9921214
1403636974.101666 1.5167198 -0.1930492 1.7283919 0.0059575 -0.1048279 -0.0467550 0.9933729
1403636974.401667 1.5213944 -0.1810919 1.7275319 0.0011763 -0.0382805 -0.0279438 0.9988756
1403636975.651666 1.5546592 -0.1306686 1.7441968 -0.0040583 0.1751029 0.0484048 0.9833512
1403636976.801666 1.6283164 -0.1034482 1.7860384 0.0050506 0.3400439 0.1173223 0.9330488
1403636978.101666 1.8250811 -0.0004685 1.8027397 0.0086510 0.3459502 0.1248698 0.9298662
1403636978.701667 1.9418185 0.0024464 1.7739370 -0.0316546 0.3515974 0.1284292 0.9267595
1403636979.201667 2.0555522 0.0188157 1.8085334 0.0024088 0.3580321 0.1143332 0.9266796
1403636979.701667 2.1669521 0.0262401 1.8669884 -0.0303273 0.3553860 0.1242198 0.9259322
1403636980.251667 2.2999978 -0.0217087 1.9689152 -0.0087971 0.3676611 0.1188889 0.9222870
1403636980.751667 2.4058423 -0.0246236 2.0875480 0.0139451 0.3643147 0.1241020 0.9228646
1403636981.301666 2.4965224 -0.0496513 2.1944695 0.0112668 0.3588677 0.1345886 0.9235653
1403636981.801666 2.5781224 -0.0516752 2.2820771 -0.0143211 0.3754775 0.1182809 0.9191415
1403636982.301666 2.6622498 -0.0994729 2.3807251 -0.0370170 0.3720164 0.1462039 0.9158919
1403636982.801666 2.7891977 -0.1561126 2.5114636 -0.0072097 0.3680637 0.1387478 0.9193618
1403636983.351666 2.9505374 -0.1934489 2.6553631 -0.0008021 0.3740325 0.1189154 0.9197598
1403636985.051666 3.3767076 -0.3926350 3.1890631 -0.0001178 0.3854023 0.1285757 0.9137469
1403636986.301666 3.5119326 -0.5402336 3.6306889 0.0074738 0.3558219 0.0898401 0.9301955
1403636990.551666 2.9226146 -0.6988831 3.4279418 0.0069266 0.3394023 0.1047876 0.9347607
1403636991.051666 2.8165100 -0.6336727 3.2465305 0.0011073 0.3351251 0.1022673 0.9366063
1403636991.551666 2.7072389 -0.5709803 3.0947123 -0.0020570 0.3392926 0.1055240 0.9347411
1403636992.101666 2.6016159 -0.5617080 2.9276252 0.0034016 0.3473382 0.1204866 0.9299611
1403636992.651666 2.5153525 -0.5194199 2.7750683 -0.0063247 0.3597265 0.1140753 0.9260365
1403636993.251667 2.4156899 -0.4902301 2.6452763 0.0082281 0.3540624 0.1147111 0.9281237
1403636993.851666 2.2999763 -0.5031726 2.5158756 0.0058355 0.2665689 0.0827428 0.9602399
1403636997.451666 1.5256989 -0.2422709 1.4083065 -0.0085184 0.0867917 0.0229359 0.9959260
1403636998.151666 1.4402561 -0.2687374 1.2724618 -0.0126625 0.0978786 0.0228036 0.9948565
1403636998.901667 1.3747243 -0.3562533 1.1900270 0.0187619 0.1091412 0.0142040 0.9937477
1403636999.901667 1.2400768 -0.3620511 1.0943698 0.0192184 0.1120371 0.0202055 0.9933127
1403637001.401667 0.9172404 -0.3053900 0.8345063 0.0159544 0.1131206 0.0268056 0.9930915
1403637002.101666 0.7572348 -0.2710904 0.6742169 0.0040459 0.1174661 0.0297971 0.9926215
1403637002.801666 0.6103190 -0.2189317 0.5284986 0.0031919 0.1221331 0.0205262 0.9922963
1403637003.301666 0.5000765 -0.1766179 0.4421857 0.0060281 0.1256739 0.0297389 0.9916074
1403637003.801666 0.3926033 -0.1532785 0.3477668 0.0090411 0.1263837 0.0354835 0.9913054
1403637005.101666 0.1593281 -0.0962052 0.1397410 -0.0016311 0.1284490 0.0514512 0.9903792
1403637005.501667 0.1240283 -0.0410195 0.1022604 0.0000390 0.1324041 0.0340450 0.9906110
1403637007.851666 0.0294110 0.0472103 0.0040773 -0.0090048 0.0111829 -0.0167783 0.9997562
1403637008.251667 0.0141606 0.0630312 -0.0018693 -0.0163111 0.0182337 -0.0072343 0.9996745
1403637008.701667 -0.0050501 0.0558943 0.0022672 0.0072102 0.0232467 0.0058544 0.9996866
1403637009.101666 -0.0056832 0.0670949 0.0183222 -0.0044429 0.0242918 0.0164880 0.9995590
1403637009.451666 0.0127066 0.0848061 0.0368081 0.0055925 0.0187626 -0.0151758 0.9996932
