1413394887.505760 -0.0003700 -0.0010070 -0.0015394 -0.0006752 0.0003691 0.0012509 0.9999989
1413394887.605761 -0.0001561 -0.0146122 -0.0074436 -0.0063561 0.0017094 -0.0002087 0.9999783
1413394887.705760 -0.0014173 -0.0293139 -0.0133508 -0.0181642 0.0027781 -0.0007412 0.9998309
1413394887.855760 -0.0047418 -0.0482725 -0.0194181 -0.0335061 0.0034073 -0.0012669 0.9994319
1413394891.505760 -0.0854236 -0.2098102 0.1740461 -0.0814847 -0.0035176 -0.0057137 0.9966520
1413394892.305761 -0.1005839 -0.3305265 0.3501464 0.0701924 -0.0503110 -0.0315552 0.9957641
1413394893.155760 -0.2031474 -0.3462131 0.3195075 -0.0041474 -0.3498302 -0.1382442 0.9265475
1413394893.455760 -0.2515163 -0.3544225 0.2908568 0.0245495 -0.4119895 -0.1651312 0.8957643
1413394893.905761 -0.3474714 -0.3373348 0.2271989 0.0823363 -0.4067988 -0.1907279 0.8895832
1413394896.905761 -0.7075787 0.0674333 -0.6912380 -0.0987166 -0.6216873 -0.0568901 0.7749345
1413394897.005760 -0.7097349 0.0731096 -0.6710150 -0.1016498 -0.6239403 -0.0464144 0.7734413
1413394897.205760 -0.7073742 0.0634882 -0.5984067 -0.0982236 -0.6198583 -0.0567966 0.7764676
1413394900.905761 -0.6299587 -0.0974946 -0.4102212 -0.1112043 0.8716086 0.3027847 -0.3691253
1413394901.105761 -0.6022796 -0.0898393 -0.5026100 -0.1121293 0.8980656 0.2999246 -0.3015800
1413394901.505760 -0.4902149 -0.0594388 -0.6831661 -0.0218904 0.9563373 0.2377277 -0.1685979
1413394901.605761 -0.4612633 -0.0452808 -0.7140731 -0.0112912 0.9613336 0.2373714 -0.1391584
1413394902.305761 -0.2287090 0.0183431 -0.8250263 -0.0604532 0.9579414 0.2563474 0.1139290
1413394902.355760 -0.2073329 0.0203231 -0.8263038 -0.0603198 0.9581904 0.2486214 0.1281407
1413394902.455760 -0.1687734 0.0249083 -0.8254031 -0.0525021 0.9577378 0.2365091 0.1550652
1413394903.255760 0.0093280 0.0353469 -0.7299189 0.0396417 0.9212022 0.3543761 0.1556681
1413394905.505760 -0.1277969 0.1233222 -0.8012760 0.0662159 0.8069515 0.3544560 -0.4677667
1413394908.355760 -0.2034298 0.0434362 -0.4908369 -0.0089778 -0.6732004 -0.2982162 0.6766002
1413394911.555760 -0.1590863 -0.1833185 -0.0992606 -0.0538727 -0.6054785 -0.2867874 0.7404367
1413394912.855760 -0.1762280 -0.2068104 -0.0262125 -0.0097754 -0.4909478 -0.1301472 0.8613573
1413394914.205760 -0.3610635 -0.1832966 -0.0919376 0.0309159 -0.7422479 -0.2682586 0.6133103
1413394914.855760 -0.4347907 -0.1334932 -0.2677638 -0.0300235 0.8515689 0.2896242 -0.4359436
1413394915.105761 -0.4503935 -0.0891783 -0.3421521 -0.0666279 0.8735282 0.2949778 -0.3814412
1413394915.805761 -0.3441648 0.0358077 -0.5893225 -0.0523951 0.9571299 0.2630680 -0.1093270
1413394916.005760 -0.2764584 0.0600463 -0.6475004 -0.0414578 0.9712011 0.2340562 -0.0163548
1413394916.455760 -0.1247136 0.0812401 -0.7064357 0.0042448 0.9422293 0.3085625 0.1302882
1413394916.605761 -0.0812153 0.0893279 -0.7130013 0.0658697 0.9290180 0.3161524 0.1806501
1413394916.755760 -0.0508145 0.1103710 -0.7139710 0.0922518 0.9135372 0.3122123 0.2438500
1413394916.855760 -0.0382948 0.1235801 -0.7277914 0.0774600 0.8990786 0.3233727 0.2847591
1413394916.955760 -0.0275348 0.1437901 -0.7320007 0.0493464 0.8832636 0.3323369 0.3270513
1413394917.055760 -0.0257738 0.1665251 -0.7429938 0.0067296 0.8687347 0.3269118 0.3719993
1413394917.255760 -0.0217624 0.2089982 -0.7720692 -0.0543983 0.8274093 0.3221868 0.4567608
1413394917.355760 -0.0147801 0.2279770 -0.7885816 -0.0705956 0.8083847 0.3190919 0.4896026
1413394917.455760 -0.0048104 0.2483275 -0.8044624 -0.0756909 0.7951437 0.3160406 0.5119919
1413394917.655760 0.0253362 0.2854388 -0.8392284 -0.0878371 0.7918876 0.2814100 0.5347963
1413394917.855760 0.0724371 0.3110344 -0.8705630 -0.1060302 0.7982243 0.2473479 0.5389013
1413394918.055760 0.1351545 0.3180097 -0.8789715 -0.1196434 0.7904713 0.2341335 0.5531926
1413394918.155760 0.1712018 0.3228291 -0.8809294 -0.0937540 0.7761958 0.2507208 0.5708497
1413394918.255760 0.2095346 0.3257336 -0.8773600 -0.0629564 0.7587357 0.2688654 0.5899730
1413394918.355760 0.2485781 0.3297841 -0.8698251 -0.0321905 0.7370653 0.2960906 0.6066539
1413394918.455760 0.2903024 0.3325400 -0.8610564 -0.0082914 0.7179617 0.3122840 0.6220458
1413394918.555760 0.3315935 0.3394179 -0.8604134 0.0041098 0.7013134 0.3099535 0.6419279
1413394918.755760 0.4147942 0.3510553 -0.8646497 -0.0175598 0.6778539 0.2700269 0.6835870
1413394918.855760 0.4583093 0.3553339 -0.8740439 -0.0296990 0.6703190 0.2382093 0.7021729
1413394918.955760 0.5025350 0.3587704 -0.8804612 -0.0267253 0.6664093 0.2033983 0.7168080
1413394919.055760 0.5459176 0.3532937 -0.8888878 -0.0112911 0.6542837 0.1880904 0.7323983
1413394919.155760 0.5830956 0.3399604 -0.8931662 0.0052190 0.6395594 0.1796448 0.7474385
1413394919.255760 0.6207434 0.3153507 -0.9029549 0.0188722 0.6183177 0.1743078 0.7661226
1413394919.355760 0.6480339 0.3018799 -0.9109272 0.0287027 0.5984599 0.1490380 0.7866445
1413394919.455760 0.6707985 0.2809404 -0.9186807 0.0230583 0.5806467 0.1185685 0.8051455
1413394919.555760 0.6910452 0.2591126 -0.9287844 -0.0026361 0.5558792 0.1037815 0.8247550
1413394919.655760 0.6988536 0.2400536 -0.9309174 -0.0251079 0.5251690 0.1163551 0.8426319
1413394919.755760 0.7016186 0.2207479 -0.9290662 -0.0377321 0.4897642 0.1409063 0.8595654
1413394919.855760 0.7044188 0.2066249 -0.9245791 -0.0447199 0.4527948 0.1663575 0.8748155
1413394919.955760 0.7102406 0.1949979 -0.9204972 -0.0523399 0.4154224 0.1756472 0.8909730
1413394920.055760 0.7156043 0.1859855 -0.9132581 -0.0587154 0.3772283 0.1710048 0.9082999
1413394920.155760 0.7244722 0.1806251 -0.9026899 -0.0649895 0.3377926 0.1630766 0.9247046
1413394920.255760 0.7373002 0.1802343 -0.8876227 -0.0712035 0.2997514 0.1459046 0.9401016
1413394920.355760 0.7511188 0.1809633 -0.8688832 -0.0684584 0.2698143 0.1160598 0.9534379
1413394920.455760 0.7672551 0.1806457 -0.8486471 -0.0604350 0.2451508 0.0852288 0.9638386
1413394920.555760 0.7820494 0.1777610 -0.8265668 -0.0524648 0.2268402 0.0523289 0.9711090
1413394920.655760 0.7975705 0.1727854 -0.8005950 -0.0495672 0.2165767 0.0222464 0.9747527
1413394920.855760 0.8158275 0.1565648 -0.7412057 -0.0547241 0.2038031 0.0092018 0.9774379
1413394921.055760 0.8178263 0.1405801 -0.6672104 -0.0555804 0.2005991 0.0385367 0.9773360
1413394921.155760 0.8168955 0.1334910 -0.6257991 -0.0415190 0.2000518 0.0633115 0.9768557
1413394921.255760 0.8130146 0.1270641 -0.5828612 -0.0287766 0.2007371 0.0923978 0.9748534
1413394921.355760 0.8127913 0.1250718 -0.5363914 -0.0240594 0.1941351 0.1423013 0.9703005
1413394921.455760 0.8148819 0.1279846 -0.4905975 -0.0223268 0.1897865 0.1861506 0.9637586
1413394922.155760 0.9179878 0.1528002 -0.1991911 0.0492666 0.1656568 0.0635912 0.9828972
1413394922.255760 0.9261528 0.1474562 -0.1719355 0.0272888 0.1366265 0.0488824 0.9890394
1413394922.555760 0.9540713 0.1005688 -0.1130489 -0.0219578 0.0815029 -0.0054835 0.9964161
1413394922.755760 0.9622322 0.0490777 -0.0772295 -0.0295781 0.0529322 0.0263283 0.9978127
1413394922.955760 0.9708538 -0.0036365 -0.0360721 -0.0487712 0.0457934 0.0335927 0.9971940
1413394923.155760 0.9778126 -0.0478178 0.0128519 -0.0568507 0.0506317 0.0294895 0.9966618
1413394923.355760 0.9892514 -0.0937049 0.0766608 -0.0289283 0.0623870 0.0009662 0.9976323
1413394923.555760 0.9956253 -0.1417723 0.1436315 -0.0491986 0.0335856 0.0141905 0.9981233
1413394923.955760 0.9911141 -0.2217601 0.3012158 -0.0137965 -0.0674321 -0.0471617 0.9965131
1413394924.155760 0.9672260 -0.2485980 0.3819464 -0.0021541 -0.1307274 -0.0599116 0.9896041
1413394924.355760 0.9414822 -0.2730905 0.4604020 -0.0074882 -0.2107851 -0.0481693 0.9763162
1413394924.555760 0.9154422 -0.2972463 0.5373108 0.0042317 -0.2771710 -0.0692993 0.9583089
1413394924.655760 0.9041727 -0.3122894 0.5757497 0.0085696 -0.3075611 -0.0917797 0.9470529
1413394924.755760 0.8932085 -0.3305256 0.6126397 0.0170626 -0.3376611 -0.1151240 0.9340451
1413394924.955760 0.8689523 -0.3628864 0.6855055 0.0605920 -0.3870804 -0.1617028 0.9057315
1413394925.055760 0.8556327 -0.3778668 0.7137923 0.0813297 -0.3988416 -0.1817324 0.8951448
1413394925.155760 0.8416761 -0.3914347 0.7350864 0.0771545 -0.4092945 -0.1981216 0.8872841
1413394925.255760 0.8250017 -0.4025131 0.7501127 0.0712333 -0.4187810 -0.2175890 0.8787510
1413394925.655760 0.7349710 -0.4251447 0.7689839 0.0449498 -0.4546677 -0.2095326 0.8644958
1413394925.855760 0.6764259 -0.4192218 0.7572235 0.0149399 -0.4738089 -0.1665002 0.8646153
1413394925.955760 0.6459014 -0.4154952 0.7495204 0.0066810 -0.4792021 -0.1575120 0.8634296
1413394926.255760 0.5505736 -0.4002274 0.7234457 0.0160178 -0.4834128 -0.1920878 0.8539073
1413394926.355760 0.5170992 -0.3960212 0.7138156 0.0059281 -0.4876353 -0.1906137 0.8519643
1413394926.455760 0.4806954 -0.3919684 0.7008336 -0.0050247 -0.4911729 -0.1883507 0.8504398
1413394926.655760 0.4045320 -0.3884628 0.6750575 -0.0148831 -0.5263410 -0.1769813 0.8315174
1413394926.755760 0.3621392 -0.3872303 0.6602940 -0.0257541 -0.5602713 -0.1619520 0.8119140
1413394926.855760 0.3212864 -0.3865530 0.6495912 -0.0417772 -0.5970891 -0.1459022 0.7876877
1413394927.205760 0.1833126 -0.3765783 0.6592723 -0.0075070 -0.6575583 -0.1883110 0.7294517
1413394927.505760 0.0721084 -0.3882035 0.6866367 0.0125860 -0.6577823 -0.2276304 0.7178777
1413394927.655760 0.0162622 -0.4093882 0.6918272 0.0046305 -0.6587042 -0.2263743 0.7175248
1413394927.955760 -0.0973813 -0.4496024 0.6993273 0.0119246 -0.6641986 -0.2285515 0.7116616
1413394928.105761 -0.1552388 -0.4553551 0.7035463 0.0273640 -0.6643890 -0.2286109 0.7110384
1413394928.405761 -0.2692524 -0.4651371 0.7092324 0.0761266 -0.6666342 -0.2156728 0.7094285
1413394928.855760 -0.3908507 -0.4711011 0.6779221 0.0321303 -0.6647803 -0.2034507 0.7180825
1413394929.005760 -0.4252274 -0.4667798 0.6705643 0.0386830 -0.6602319 -0.2112537 0.7197009
1413394929.855760 -0.5290923 -0.4265431 0.6156393 0.0098077 -0.6557932 -0.2140835 0.7238835
1413394931.205760 -0.5849828 -0.3163194 0.6266876 0.0699306 -0.6529964 -0.1855175 0.7309505
1413394931.405761 -0.5894729 -0.3307123 0.6153664 0.0815375 -0.6561944 -0.1654540 0.7317004
1413394931.805761 -0.5550021 -0.3394274 0.5781325 0.0398805 -0.6415733 -0.2547011 0.7224408
1413394932.305761 -0.5194742 -0.3330966 0.4798277 0.0236443 -0.7929114 -0.2219584 0.5669806
1413394932.555760 -0.4949248 -0.3459418 0.4273493 -0.0450334 0.8550696 0.2108160 -0.4715768
1413394932.855760 -0.4411405 -0.3475148 0.3990676 -0.0422174 0.8886215 0.2607044 -0.3749703
1413394933.205760 -0.3649602 -0.3423465 0.3855739 -0.0180654 0.9057916 0.3149752 -0.2828529
1413394933.505760 -0.3080714 -0.3083375 0.3780748 -0.0264404 0.9291202 0.3067120 -0.2048521
1413394933.805761 -0.2537386 -0.2627230 0.3782162 -0.0291925 0.9491046 0.2828294 -0.1354835
1413394934.055760 -0.2092401 -0.2358393 0.3870347 -0.0279881 0.9464446 0.3101128 -0.0853781
1413394934.305761 -0.1588989 -0.2141366 0.3988768 -0.0282232 0.9552901 0.2940228 -0.0132227
1413394934.555760 -0.1145346 -0.1743485 0.4245000 -0.0159965 0.9468478 0.3155953 0.0601911
1413394934.755760 -0.0840244 -0.1411161 0.4449970 -0.0221956 0.9433931 0.3183386 0.0904285
1413394935.405761 -0.0060191 -0.1291312 0.4776450 -0.0136281 0.9579334 0.2791295 0.0653046
1413394935.705760 0.0160593 -0.1114223 0.5170265 -0.0271641 0.9521757 0.3011383 0.0440369
1413394936.055760 0.0418509 -0.1184653 0.5695608 -0.0306864 0.9463527 0.3195807 0.0366490
1413394936.205760 0.0593285 -0.1127442 0.5975384 -0.0329307 0.9354909 0.3464462 0.0612157
1413394936.305761 0.0707711 -0.1108068 0.6167189 -0.0345131 0.9350116 0.3395940 0.0961151
1413394936.405761 0.0848333 -0.1086604 0.6307147 -0.0350416 0.9349385 0.3235420 0.1413599
1413394936.505760 0.0930599 -0.1019620 0.6479912 -0.0407908 0.9301624 0.3050314 0.2002245
1413394936.605761 0.1082946 -0.0979810 0.6659930 -0.0518250 0.9189942 0.2958542 0.2554096
1413394936.705760 0.1192450 -0.0992391 0.6827009 -0.0495028 0.9029716 0.2982273 0.3053724
1413394936.805761 0.1389951 -0.1001236 0.7000901 -0.0501837 0.8888028 0.2991067 0.3435787
1413394936.905761 0.1563376 -0.0989665 0.7174053 -0.0523178 0.8745392 0.2979075 0.3790714
1413394937.005760 0.1740295 -0.1004144 0.7389632 -0.0564655 0.8586705 0.2978852 0.4132324
1413394937.105761 0.1929643 -0.1030118 0.7520126 -0.0618173 0.8389727 0.3001676 0.4496696
1413394937.205760 0.2143274 -0.1032368 0.7687163 -0.0642880 0.8227867 0.2960234 0.4808943
1413394937.255760 0.2295767 -0.1055482 0.7774559 -0.0619785 0.8128756 0.3003613 0.4951515
1413394937.305761 0.2395460 -0.1052838 0.7821634 -0.0565197 0.8034893 0.3046476 0.5083308
1413394937.355760 0.2500135 -0.1023817 0.7860240 -0.0495538 0.7949104 0.3062301 0.5214260
1413394937.455760 0.2735702 -0.1047599 0.7988968 -0.0428149 0.7871105 0.3055195 0.5341178
1413394937.555760 0.3022632 -0.1017549 0.8106751 -0.0367823 0.7836124 0.3007040 0.5423798
1413394937.655760 0.3323121 -0.0997095 0.8194597 -0.0310851 0.7830588 0.2954286 0.5464198
1413394937.755760 0.3623765 -0.1022769 0.8266387 -0.0245985 0.7841793 0.2933820 0.5462461
1413394937.855760 0.3959573 -0.1045611 0.8342029 -0.0186385 0.7879825 0.2952920 0.5399433
1413394937.955760 0.4276804 -0.1057838 0.8393476 -0.0103843 0.7932547 0.3036962 0.5276437
1413394938.055760 0.4599698 -0.1076687 0.8409904 -0.0009917 0.7973068 0.3185775 0.5126492
1413394938.155760 0.4908973 -0.1109347 0.8385370 0.0072675 0.8002580 0.3321297 0.4992236
1413394938.255760 0.5235521 -0.1200391 0.8309865 0.0099502 0.8060828 0.3402986 0.4840748
1413394938.355760 0.5589356 -0.1295857 0.8220925 0.0023861 0.8205501 0.3310483 0.4659386
1413394938.455760 0.5879611 -0.1428770 0.8009868 0.0002886 0.8346422 0.3177042 0.4499293
1413394938.655760 0.6501477 -0.1704839 0.7564662 -0.0225472 0.8596300 0.3109593 0.4047620
1413394938.755760 0.6822428 -0.1781324 0.7352958 -0.0296030 0.8693696 0.3213244 0.3742605
1413394938.955760 0.7479176 -0.1795559 0.6950796 0.0016273 0.8898612 0.3444103 0.2992088
1413394939.155760 0.8086324 -0.1661637 0.6466779 0.0528371 0.9139557 0.3443616 0.2081067
1413394939.355760 0.8545830 -0.1414093 0.5964527 0.0413558 0.9312729 0.3379967 0.1295324
1413394939.455760 0.8673692 -0.1263181 0.5669318 0.0120684 0.9364846 0.3338151 0.1068567
1413394939.655760 0.8971931 -0.1143866 0.5084279 -0.0110555 0.9434784 0.3212668 0.0807090
1413394939.855760 0.9225936 -0.1162205 0.4435783 0.0399310 0.9433073 0.3259955 0.0479971
1413394940.055760 0.9336230 -0.1064836 0.3790745 -0.0022900 0.9368110 0.3496158 0.0121944
1413394940.255760 0.9387162 -0.0857051 0.3160032 -0.0044595 0.9373191 0.3463333 -0.0382926
1413394940.555760 0.9339629 -0.0379606 0.2148284 -0.0057729 0.9370651 0.3166574 -0.1469826
1413394940.755760 0.9237464 -0.0027600 0.1460065 -0.0499082 0.9232592 0.3174288 -0.2105721
1413394941.005760 0.9245077 0.0140070 0.0556827 -0.0139823 0.9180003 0.3142964 -0.2414493
1413394941.305761 0.9182476 0.0223365 -0.0609431 0.0549915 0.9010692 0.3309442 -0.2748203
1413394941.605761 0.8717646 0.0259533 -0.1865080 -0.0225912 0.8929563 0.3478423 -0.2848235
1413394941.855760 0.8249075 0.0278655 -0.3048697 -0.0304750 0.8954044 0.3209299 -0.3071258
1413394942.105761 0.7730173 0.0295609 -0.4313546 0.0845308 0.8992086 0.2797203 -0.3256302
1413394942.405761 0.6535054 0.0117973 -0.5514523 0.1462530 0.8789088 0.2574904 -0.3739361
1413394942.705760 0.4612892 -0.0179798 -0.6046856 0.1008801 0.8438933 0.2313741 -0.4734271
1413394943.005760 0.2585128 -0.0090635 -0.6156052 0.0853091 -0.7808615 -0.1988342 0.5860398
1413394943.355760 0.0771042 0.0477072 -0.5992724 0.1451703 -0.6855630 -0.1593332 0.6953717
1413394943.905761 0.0147696 0.1341099 -0.6669639 0.0348859 -0.5791334 -0.1603491 0.7985460
1413394944.605761 0.0477180 0.2201337 -0.7892445 -0.0418105 -0.5197837 -0.1932629 0.8310994
1413394944.905761 0.0352485 0.2475891 -0.8076078 -0.0978312 -0.4224813 -0.1661788 0.8856202
1413394945.105761 0.0031542 0.2638884 -0.7968379 -0.0788362 -0.3415036 -0.1349092 0.9268008
1413394945.455760 -0.0808379 0.2769588 -0.7384005 0.0026755 -0.2014757 -0.0753088 0.9765905
1413394945.705760 -0.1473143 0.2794105 -0.6994891 0.0157967 -0.1167249 0.0330535 0.9924884
1413394945.955760 -0.1842860 0.2825621 -0.6672913 0.0097515 -0.0041304 0.1060210 0.9943075
1413394946.155760 -0.1912102 0.2880014 -0.6461441 0.0087792 0.1163058 0.1115281 0.9868928
1413394946.355760 -0.1785769 0.2890097 -0.6347206 0.0129938 0.2287740 0.1420630 0.9629703
1413394946.455760 -0.1690773 0.2912521 -0.6315919 0.0128107 0.2804646 0.1655982 0.9453850
1413394946.555760 -0.1611246 0.2944235 -0.6289070 0.0161260 0.3362668 0.1864398 0.9229869
1413394946.655760 -0.1551620 0.2955048 -0.6253369 0.0195947 0.4021237 0.1862311 0.8962313
1413394946.755760 -0.1507094 0.2955049 -0.6232546 0.0213551 0.4710000 0.1782241 0.8636777
1413394957.805761 -0.0295869 -0.2192387 0.0287418 -0.0579920 0.1351228 0.0792952 0.9859468
1413394958.605761 0.0035549 -0.1995437 -0.0188002 -0.0292446 -0.0505645 0.0071376 0.9982670
1413394959.255760 0.0326991 -0.2491446 -0.0129813 0.0667765 -0.1728462 -0.0565575 0.9810537
1413394959.605761 0.0357192 -0.2703210 -0.0161988 -0.0568261 -0.2313999 -0.0913947 0.9668877
1413394959.955760 0.0116589 -0.2913834 0.0041304 -0.0373616 -0.2943285 -0.1488530 0.9433014
1413394960.755760 -0.0777761 -0.2710819 0.0536643 -0.0672892 -0.5240718 -0.2409085 0.8141155
1413394964.755760 -0.1907765 0.0506033 -0.4450214 -0.0418497 -0.6029789 -0.1881047 0.7741328
1413394965.055760 -0.1844686 0.0601532 -0.4911344 -0.0947744 -0.5897946 -0.2031754 0.7758092
1413394965.355760 -0.2101007 0.0394567 -0.5086277 0.0508792 -0.6381210 -0.1607038 0.7512571
1413394965.655760 -0.2093303 0.0211301 -0.5285397 0.0398795 -0.7042008 -0.1921637 0.6823371
1413394966.055760 -0.1683394 0.0070729 -0.5494729 0.0623215 -0.8000276 -0.2093095 0.5588035
1413394966.405761 -0.0924755 0.0276218 -0.5416417 0.0216124 0.8120168 0.3414999 -0.4727996
1413394966.705760 -0.0529470 0.0440228 -0.5581621 -0.0099963 0.8620023 0.2944106 -0.4125221
1413394967.055760 -0.0199452 0.0610134 -0.5741931 -0.0211233 0.8893022 0.3097848 -0.3357510
1413394968.105761 0.1081833 0.0180602 -0.6172376 -0.0269650 0.9546166 0.2934470 -0.0432306
1413394968.455760 0.1524553 0.0180677 -0.6083135 -0.0253430 0.9388012 0.3425513 0.0258589
1413394968.755760 0.1870338 0.0295023 -0.6196739 -0.0433823 0.9316307 0.3550923 0.0639658
1413394969.055760 0.2315146 0.0370061 -0.6521130 -0.0282277 0.9440169 0.3172889 0.0858087
1413394969.355760 0.2760222 0.0651286 -0.6772975 -0.0131010 0.9508515 0.2847138 0.1210282
1413394969.955760 0.3582834 0.1421350 -0.6638972 -0.0781081 0.9314438 0.3352645 0.1179382
1413394970.255760 0.4429398 0.1402502 -0.6678692 -0.0353061 0.9319924 0.3431899 0.1111955
1413394970.555760 0.5236315 0.1415345 -0.6856579 0.0397921 0.9543766 0.2727022 0.1149584
1413394970.855760 0.5599340 0.1569178 -0.6767439 0.0248350 0.9538354 0.2769420 0.1135099
1413394971.255760 0.5736780 0.1428874 -0.6536872 -0.0484691 0.9231189 0.3683709 0.0990205
1413394971.555760 0.5985658 0.1401322 -0.6638145 -0.0302215 0.9007611 0.4230823 0.0933681
1413394971.855760 0.6409384 0.1551216 -0.7318944 0.0252265 0.9428360 0.3250686 0.0689504
1413394972.055760 0.6381907 0.1553568 -0.7918990 0.0350001 0.9604681 0.2745446 0.0300211
1413394972.255760 0.6071204 0.1649546 -0.8315768 0.0366745 0.9655920 0.2545478 -0.0386343
1413394972.455760 0.5870675 0.1940974 -0.8469201 0.0330477 0.9574734 0.2433335 -0.1514638
1413394972.655760 0.5499459 0.2119550 -0.8527730 0.0237693 0.9179984 0.2873802 -0.2722618
1413394972.855760 0.4976486 0.2179593 -0.8362568 -0.0258005 0.8770880 0.2948728 -0.3782870
1413394973.105761 0.4380445 0.2170450 -0.8317238 -0.0393601 0.8210598 0.2792264 -0.4963307
1413394973.455760 0.3631288 0.2235887 -0.8347870 0.0023340 -0.7225462 -0.2367543 0.6495144
1413394973.855760 0.2721068 0.2160954 -0.8276428 0.0034215 -0.5777716 -0.1810164 0.7958652
1413394974.255760 0.1888407 0.1993608 -0.8145849 -0.0039105 -0.4185372 -0.1022522 0.9024166
1413394974.605761 0.1388818 0.1728781 -0.7850935 -0.0162275 -0.2744369 -0.0336026 0.9608808
1413394974.955760 0.1212309 0.1463455 -0.7406296 -0.0032386 -0.1361263 -0.0183237 0.9905167
1413394975.305761 0.1155553 0.1588920 -0.6872550 0.0286858 -0.0435149 -0.0027689 0.9986370
1413394975.855760 0.0930848 0.2010333 -0.6393883 -0.0169551 0.0248948 0.0017519 0.9995447
1413394976.055760 0.0769743 0.2011480 -0.6268974 0.0159113 0.0244539 0.0000805 0.9995743
1413394976.355760 0.0449097 0.2043612 -0.6162339 0.0268043 0.0212721 -0.0066896 0.9993920
1413394976.605761 0.0090116 0.2075533 -0.6238787 0.0681337 0.0183881 -0.0024157 0.9975038
1413394976.805761 -0.0232893 0.2172533 -0.6491097 0.0519118 0.0058343 0.0290097 0.9982132
1413394977.105761 -0.0588208 0.2324920 -0.7022783 -0.0983421 0.0011563 0.0775837 0.9921231
1413394977.405761 -0.0461906 0.2105065 -0.7054859 -0.1516987 0.0303067 0.0420338 0.9870675
1413394977.605761 -0.0268689 0.1656396 -0.6593176 -0.1445203 0.0450787 0.0074877 0.9884461
1413394977.805761 -0.0114761 0.1068299 -0.5861136 -0.1233327 0.0495365 0.0014537 0.9911272
1413394978.005760 0.0003374 0.0327357 -0.4887292 -0.0506025 0.0537106 -0.0045193 0.9972633
1413394978.205760 -0.0159110 -0.0467305 -0.3764865 -0.0077980 0.0637994 -0.0167287 0.9977921
1413394978.505760 -0.0348968 -0.1302030 -0.2046569 -0.0009593 0.0608260 -0.0185718 0.9979751
1413394980.055760 -0.1531720 -0.3390841 0.2505446 0.0223358 0.0646946 -0.0190509 0.9974732
1413394980.405761 -0.1721343 -0.3290048 0.1590293 0.0464162 0.0700167 -0.0030677 0.9964606
1413394980.655760 -0.2069140 -0.3049109 0.0838979 0.0089465 0.0630274 0.0291647 0.9975455
1413394981.005760 -0.2571514 -0.2781189 -0.0293739 -0.0063169 0.0562831 0.0446256 0.9973971
1413394981.355760 -0.2930008 -0.2278480 -0.1229153 -0.0130253 0.0528182 0.0595889 0.9967396
1413394981.705760 -0.3075902 -0.1758119 -0.1996598 -0.0272704 0.0744901 0.0398808 0.9960507
1413394982.055760 -0.3114428 -0.1420680 -0.2546383 -0.0374710 0.1151509 0.0886019 0.9886789
1413394982.405761 -0.2782035 -0.1269759 -0.2907898 -0.0125004 0.1950910 0.1569584 0.9680637
1413394982.655760 -0.2145490 -0.1258386 -0.3286294 -0.0034237 0.2709958 0.1890356 0.9438300
1413394982.905761 -0.1179505 -0.1238521 -0.3788873 -0.0007552 0.3507734 0.1986573 0.9151463
1413394983.105761 -0.0018295 -0.0915135 -0.4110503 0.0008474 0.3911566 0.1903248 0.9004290
1413394983.405761 0.1240352 -0.0900259 -0.4686005 -0.0048308 0.4224985 0.1666950 0.8908897
1413394983.505760 0.1734056 -0.1026074 -0.4923944 -0.0198113 0.4257728 0.1481555 0.8923985
1413394984.305761 0.4338383 -0.0178540 -0.5455339 -0.0321007 0.4052108 0.0996438 0.9082097
1413394984.805761 0.5318896 0.0126646 -0.5064316 -0.0536463 0.3369897 0.0862993 0.9360088
1413394985.005760 0.5564891 0.0091540 -0.4732015 -0.0420666 0.2892855 0.0760107 0.9532925
1413394985.205760 0.5764452 -0.0030369 -0.4326185 -0.0383692 0.2543710 0.0584713 0.9645747
1413394985.405761 0.5909719 -0.0302543 -0.3865961 -0.0352731 0.2257892 0.0885759 0.9694995
1413394985.605761 0.6087988 -0.0773211 -0.3421983 -0.0321048 0.2102726 0.1110602 0.9707834
1413394985.805761 0.6357242 -0.1251666 -0.2938284 -0.0375382 0.2227419 0.0637084 0.9720690
1413394986.005760 0.6588305 -0.1601608 -0.2367885 -0.0391691 0.2290766 0.0470966 0.9714791
1413394986.305761 0.6777129 -0.2104369 -0.1357108 -0.0275081 0.2220193 0.0910657 0.9703905
1413394986.505760 0.6908785 -0.2564711 -0.0661644 -0.0254744 0.2208659 0.1065039 0.9691368
1413394986.805761 0.7168995 -0.3246424 0.0398744 -0.0376072 0.2408984 0.0530994 0.9683667
1413394987.005760 0.7288231 -0.3698466 0.1145730 -0.0181535 0.2375026 0.0733679 0.9684421
1413394987.305761 0.7452059 -0.4237325 0.2333553 -0.0014965 0.2328658 0.0985689 0.9674996
1413394987.505760 0.7522551 -0.4382113 0.3088295 0.0071110 0.2525510 0.0464482 0.9664419
1413394987.605761 0.7554592 -0.4520850 0.3437640 0.0112288 0.2546738 0.0341312 0.9663593
1413394987.705760 0.7554970 -0.4618445 0.3741946 0.0241259 0.2536888 0.0279463 0.9665810
1413394987.805761 0.7486314 -0.4762802 0.4072984 0.0362380 0.2536784 0.0260871 0.9662575
1413394987.905761 0.7378420 -0.4898584 0.4354970 0.0434809 0.2535211 0.0227913 0.9660833
1413394988.005760 0.7227926 -0.5044387 0.4563877 0.0529807 0.2496834 0.0221764 0.9666227
1413394988.105761 0.6909251 -0.5263302 0.4856266 0.0611757 0.2546791 0.0323625 0.9645458
1413394988.205760 0.6634729 -0.5387999 0.5030004 0.0669635 0.2473224 0.0491303 0.9653671
1413394991.755760 -0.2283179 -0.2504592 0.4397360 -0.0158924 0.2085357 0.0919958 0.9735487
1413394992.155760 -0.2600375 -0.2570688 0.4986894 0.0151308 0.2598633 0.1351805 0.9560169
1413394992.455760 -0.2668702 -0.2611346 0.5221956 -0.0068301 0.3183010 0.1452347 0.9367735
1413394992.855760 -0.2622373 -0.2698170 0.5402931 0.0010041 0.3702847 0.1439258 0.9177002
1413394993.405761 -0.2564023 -0.2423473 0.5630762 -0.0177370 0.3964116 0.1303737 0.9085956
1413394993.905761 -0.2612629 -0.1960810 0.6007228 -0.0090934 0.4190214 0.1603963 0.8936506
1413394994.155760 -0.2604721 -0.1639121 0.6207041 0.0014073 0.4767254 0.2010823 0.8557435
1413394994.405761 -0.2537892 -0.1469193 0.6216063 -0.0121277 0.5538737 0.2014949 0.8077602
1413394994.605761 -0.2489192 -0.1451422 0.6186137 -0.0279389 0.5967031 0.1894422 0.7792794
1413394994.805761 -0.2471147 -0.1561292 0.6181291 -0.0255393 0.6141644 0.1827953 0.7672911
1413394995.105761 -0.2543924 -0.1700535 0.6352018 -0.0000069 0.6086123 0.2004648 0.7677271
1413394995.405761 -0.2702643 -0.1417801 0.6634126 -0.0235631 0.5881968 0.2402987 0.7718328
1413394995.605761 -0.2753276 -0.1170462 0.6781918 -0.0358888 0.5882822 0.2372043 0.7722501
1413394995.705760 -0.2745835 -0.1069689 0.6846027 -0.0274851 0.5917736 0.2285428 0.7725391
1413394995.805761 -0.2736466 -0.0986669 0.6879370 -0.0143643 0.5940159 0.2214623 0.7732356
1413394995.905761 -0.2724400 -0.0910036 0.6914067 -0.0058498 0.5961500 0.2174172 0.7728524
