1413393212.255760 0.0000000 0.0000000 0.0000000 0.0000000 0.0000000 0.0000000 1.0000000
1413393217.155760 0.0014190 -0.0319943 -0.0182941 -0.0109908 0.0159209 -0.0131106 0.9997269
1413393217.205760 -0.0008423 -0.0380103 -0.0224485 -0.0119233 0.0164306 -0.0130124 0.9997092
1413393219.055760 -0.2271134 -0.0562431 -0.2617205 -0.0512471 0.0138392 0.0072380 0.9985639
1413393219.205760 -0.2447906 -0.0580832 -0.2773595 -0.0485858 0.0127209 0.0076696 0.9987085
1413393219.505760 -0.2721015 -0.0703652 -0.2926419 -0.0416858 0.0089202 0.0079268 0.9990595
1413393221.155760 -0.3484891 -0.2130875 -0.3261469 -0.0278886 0.0125276 0.0102281 0.9994802
1413393221.255760 -0.3489549 -0.2251381 -0.3304285 -0.0306747 0.0139352 0.0083759 0.9993972
1413393222.355760 -0.3495940 -0.2887353 -0.2977528 -0.0275334 0.0106336 -0.0071459 0.9995388
1413393223.055760 -0.3682455 -0.3144172 -0.2237780 -0.0502252 -0.0006704 -0.0062817 0.9987179
1413393223.605761 -0.3863249 -0.3626586 -0.0965904 -0.0248390 -0.0007428 -0.0156731 0.9995683
1413393224.205760 -0.4345156 -0.3575710 0.0617363 -0.0187998 0.0176778 -0.0112548 0.9996036
1413393224.305761 -0.4457238 -0.3543542 0.0860203 -0.0156407 0.0191561 -0.0117362 0.9996253
1413393224.755760 -0.5025718 -0.2902968 0.1986893 -0.0154205 0.0576798 0.0242318 0.9979219
1413393224.855760 -0.5136099 -0.2759508 0.2202674 -0.0200065 0.0736997 0.0328312 0.9965391
1413393225.355760 -0.5491666 -0.2626706 0.3020146 -0.0292654 0.1102571 0.0386168 0.9927213
1413393225.605761 -0.5529914 -0.2741871 0.3383861 -0.0314232 0.1483018 0.0663535 0.9862131
1413393228.805761 -0.2057643 -0.3499976 0.8186380 -0.0271256 0.5485911 0.1784140 0.8163825
1413393228.955760 -0.1771708 -0.3510820 0.8318777 -0.0325811 0.5506256 0.1896174 0.8122777
1413393229.255760 -0.1115535 -0.3466820 0.8610858 -0.0410154 0.5581082 0.1643406 0.8122962
1413393230.355760 0.1721503 -0.3486848 1.0235130 -0.0374012 0.5418643 0.1629726 0.8236651
1413393230.505760 0.2208709 -0.3525031 1.0539830 -0.0304024 0.5418338 0.1716874 0.8222015
1413393231.005760 0.4004221 -0.3795679 1.1216884 -0.0281633 0.6126102 0.2015086 0.7637473
1413393231.205760 0.4776118 -0.3950092 1.1411265 -0.0393591 0.6400509 0.1917190 0.7429869
1413393231.355760 0.5380499 -0.4093637 1.1629068 -0.0374909 0.6481273 0.1947020 0.7352663
1413393231.505760 0.5949808 -0.4110625 1.1865724 -0.0163710 0.6496673 0.1996123 0.7333617
1413393232.055760 0.7723550 -0.3970487 1.2614454 0.0063204 0.6737617 0.2342764 0.7007994
1413393232.405761 0.8649876 -0.3808913 1.2574632 -0.0039316 0.7249091 0.2424367 0.6447603
1413393232.555760 0.9040388 -0.3623956 1.2481122 -0.0047415 0.7424038 0.2511852 0.6210637
1413393232.705760 0.9434488 -0.3395937 1.2387465 -0.0040577 0.7532806 0.2550707 0.6062101
1413393233.005760 1.0226063 -0.2974744 1.2023706 -0.0154059 0.7619013 0.2524843 0.5962555
1413393233.155760 1.0624481 -0.2844530 1.1765958 -0.0242607 0.7622628 0.2489201 0.5969971
1413393233.455760 1.1523844 -0.2873951 1.1154932 -0.0124958 0.7815797 0.2305558 0.5795007
1413393233.755760 1.2325468 -0.3189420 1.0508865 -0.0222827 0.8137347 0.2399867 0.5289100
1413393233.905761 1.2716560 -0.3477880 1.0194293 -0.0149663 0.8291939 0.2373502 0.5058441
1413393234.055760 1.3070668 -0.3768532 0.9909247 -0.0040475 0.8411478 0.2437050 0.4827647
1413393234.355760 1.3684283 -0.4192102 0.9439604 0.0400238 0.8626586 0.2524045 0.4364747
1413393234.605761 1.3854985 -0.4320214 0.9034791 0.0611600 0.8847347 0.2425238 0.3933015
1413393234.905761 1.3452165 -0.4632237 0.8555794 -0.0253704 0.9077913 0.2587170 0.3291456
1413393235.005760 1.3312614 -0.4676858 0.8468831 -0.0169862 0.9116604 0.2723865 0.3072334
1413393236.955760 1.3475993 -0.3897827 0.7583569 0.0205867 0.9491319 0.3140477 -0.0099427
1413393238.205760 1.4089518 -0.3557914 0.6330853 -0.0191886 0.9477690 0.3183770 -0.0013428
1413393238.355760 1.4176781 -0.3549902 0.6079299 -0.0239577 0.9470061 0.3202497 -0.0067521
1413393238.955760 1.4553981 -0.3506633 0.4735032 0.0215902 0.9527220 0.3024603 -0.0192966
1413393239.105761 1.4515024 -0.3390652 0.4400628 -0.0065767 0.9530692 0.3018579 -0.0223114
1413393239.405761 1.4481248 -0.3209957 0.3708693 -0.0227098 0.9521335 0.3038314 -0.0247501
1413393239.855760 1.4739681 -0.3091715 0.2534940 0.0249414 0.9509899 0.3074490 -0.0217096
1413393240.255760 1.4761178 -0.2947503 0.1385035 -0.0174436 0.9533942 0.3005562 -0.0200283
1413393240.405761 1.4790201 -0.2781875 0.0986296 -0.0091483 0.9534892 0.3007227 -0.0184498
1413393247.405761 1.4431072 0.0276598 -0.0216322 -0.0086109 0.9232135 0.3093516 0.2278249
1413393247.555760 1.4511170 0.0424980 -0.0076430 -0.0012543 0.9180244 0.3216803 0.2318434
1413393247.705760 1.4587109 0.0582078 -0.0036737 0.0069439 0.9156428 0.3249385 0.2365693
1413393247.905761 1.4659631 0.0806860 -0.0140799 0.0235083 0.9172658 0.3131981 0.2449036
1413393249.105761 1.3423918 0.0762436 -0.0965907 -0.0186199 0.9255044 0.3094825 0.2175211
1413393249.605761 1.2982241 0.0940355 -0.1010658 -0.0467004 0.9334967 0.2878384 0.2086912
1413393250.305761 1.3478291 0.1445118 -0.0756810 -0.0234459 0.9318478 0.2933427 0.2122734
1413393250.505760 1.3775260 0.1534751 -0.0692747 -0.0034718 0.9382269 0.2776080 0.2065238
1413393250.905761 1.4214429 0.1610599 -0.0468486 0.0095510 0.9329516 0.2933404 0.2084743
1413393251.155760 1.4318993 0.1598147 -0.0407166 -0.0010509 0.9357196 0.3009087 0.1840697
1413393254.055760 1.3950825 0.0217041 -0.0872961 0.0084711 0.9155171 0.2908466 -0.2777858
1413393254.355760 1.3791381 0.0003995 -0.1436386 0.0050036 0.9009265 0.2853384 -0.3269379
1413393254.705760 1.3675580 -0.0221171 -0.2183173 0.0012357 0.8869163 0.2967170 -0.3540295
1413393255.405761 1.3560950 -0.0429304 -0.3789619 0.0275308 0.9002956 0.2636915 -0.3452198
1413393255.905761 1.3214604 -0.0443705 -0.4311773 0.0191239 0.8883775 0.2846258 -0.3597330
1413393256.455760 1.2634057 -0.0222100 -0.4846601 0.0181856 0.8822669 0.2926676 -0.3682663
1413393256.655760 1.2369300 -0.0219516 -0.5169710 0.0162979 0.8839391 0.2933434 -0.3637797
1413393256.855760 1.2059765 -0.0143120 -0.5520529 0.0026828 0.8864531 0.2942500 -0.3572264
1413393257.055760 1.1760348 0.0106456 -0.5882521 0.0090746 0.8903221 0.2894781 -0.3513497
1413393257.655760 1.0793126 0.0841687 -0.7103680 0.0177784 0.8910739 0.2820793 -0.3551089
1413393260.505760 0.8405347 0.2315054 -1.2724628 -0.0236233 0.9259741 0.2317880 0.2971332
1413393261.005760 0.8266230 0.2511592 -1.2619232 -0.0336560 0.9062139 0.2738272 0.3204096
1413393261.705760 0.8909295 0.2285436 -1.1983483 0.0030812 0.8764538 0.2976629 0.3784389
1413393262.605761 0.9908299 0.2132381 -1.2651619 -0.0170884 0.8392336 0.2604496 0.4770334
1413393263.005760 1.0404875 0.2553077 -1.2940730 -0.0145340 0.8368924 0.2645601 0.4789654
1413393264.355760 1.1689382 0.4198941 -1.3914859 -0.0239646 0.8096458 0.2578690 0.5266907
1413393265.205760 1.2475826 0.4775338 -1.4086189 -0.0134016 0.8184985 0.2363383 0.5234737
1413393265.755760 1.2750047 0.4865273 -1.4015067 -0.0153213 0.8041778 0.2410399 0.5431051
1413393270.055760 1.1682657 0.4625982 -1.3967600 -0.0334612 0.4582559 0.1352975 0.8778248
1413393270.205760 1.1622460 0.4834118 -1.3940952 -0.0372148 0.4554393 0.1386924 0.8786094
1413393270.305761 1.1597741 0.4956404 -1.3917384 -0.0377046 0.4535338 0.1405485 0.8792790
1413393270.455760 1.1586384 0.5113904 -1.3880056 -0.0340024 0.4561806 0.1458988 0.8771868
1413393272.105761 1.1837354 0.4797316 -1.2623496 -0.0303368 0.6084203 0.1721138 0.7741326
1413393273.305761 1.1157237 0.3517481 -1.1044924 -0.0256114 0.7644771 0.2394930 0.5979648
1413393273.555760 1.1080854 0.3225222 -1.0691273 -0.0242283 0.8043697 0.2483359 0.5391952
1413393274.055760 1.1002295 0.2570574 -1.0034667 -0.0082474 0.8609222 0.2703567 0.4308737
1413393274.955760 1.0641717 0.2017277 -0.9434382 -0.0062554 0.9316345 0.2770875 0.2350332
1413393276.305761 0.9201588 0.1444227 -0.8691143 -0.0217551 0.9552239 0.2949521 0.0087912
1413393278.055760 0.7853186 0.2075374 -0.9756331 0.0162848 0.9599962 0.2771875 -0.0361813
1413393278.855760 0.6210471 0.2217101 -1.0005811 0.0088338 0.9427620 0.2997107 -0.1459289
1413393279.355760 0.4749378 0.2188549 -1.0247625 -0.0154783 0.9402115 0.3127166 -0.1340564
1413393279.805761 0.3812024 0.2420816 -1.0700523 -0.0196997 0.9457012 0.3016574 -0.1194323
1413393281.605761 -0.0037848 0.2768565 -1.1790087 -0.0134098 0.9469783 0.3051181 -0.0997759
1413393282.405761 -0.1839038 0.2275225 -1.2400657 0.0104720 0.9468489 0.2985725 -0.1192555
1413393282.605761 -0.2288870 0.2145024 -1.2539042 -0.0132013 0.9488143 0.2928214 -0.1176128
1413393282.805761 -0.2641182 0.2169909 -1.2629676 -0.0148474 0.9529601 0.2825359 -0.1087200
1413393283.005760 -0.2887124 0.2168892 -1.2659096 -0.0065288 0.9523777 0.2952498 -0.0759062
1413393283.755760 -0.3259256 0.2363043 -1.2859375 -0.0168613 0.9459144 0.2998096 0.1227837
1413393284.005760 -0.3162974 0.2706053 -1.2913786 -0.0210283 0.9367142 0.2908999 0.1936531
1413393284.555760 -0.2602654 0.3068358 -1.3057096 -0.0220416 0.8925517 0.2672112 0.3625795
1413393284.855760 -0.2180880 0.3133682 -1.3047929 -0.0070463 0.8446761 0.2725476 0.4606413
1413393285.155760 -0.1731696 0.3165868 -1.3085703 -0.0045077 0.7907969 0.2598494 0.5541644
1413393285.455760 -0.1298115 0.3212875 -1.3300340 -0.0066303 0.7338868 0.2389513 0.6358210
1413393285.755760 -0.0891758 0.3263445 -1.3679510 -0.0172967 0.6775449 0.1982656 0.7080427
1413393286.205760 -0.0360270 0.3240611 -1.4246637 -0.0138249 0.6255484 0.1944129 0.7554480
1413393286.905761 0.0361043 0.3775110 -1.5110006 -0.0379382 0.6483143 0.1793835 0.7389660
1413393287.405761 0.0725163 0.3616855 -1.5210570 -0.0265286 0.5790543 0.1720430 0.7964883
1413393288.005760 0.1105071 0.3168325 -1.4978704 -0.0151105 0.4214845 0.1367632 0.8963360
1413393288.555760 0.1815610 0.3124369 -1.4930216 -0.0274261 0.3804186 0.1208899 0.9164689
1413393289.905761 0.3747233 0.3599933 -1.4846781 -0.0213164 0.3586447 0.1010199 0.9277470
1413393291.705760 0.5598460 0.5210590 -1.4119202 -0.0261359 0.3419124 0.0958215 0.9344683
1413393292.105761 0.6036127 0.5011385 -1.4160532 -0.0210557 0.3244366 0.0781910 0.9424350
1413393292.305761 0.6152194 0.4776059 -1.4184014 -0.0094814 0.3170139 0.0687306 0.9458797
1413393293.155760 0.5508943 0.3944521 -1.4508481 -0.0125671 0.2765840 0.0664563 0.9586068
1413393293.555760 0.4776347 0.3793753 -1.4702864 -0.0126194 0.2621264 0.0824906 0.9614186
1413393294.455760 0.2720492 0.3839952 -1.5073084 -0.0223268 0.2688611 0.0566886 0.9612501
1413393294.655760 0.2105016 0.3794447 -1.5129349 -0.0283442 0.2714224 0.0652622 0.9598267
1413393295.055760 0.0859115 0.3692278 -1.5138918 -0.0317279 0.2747080 0.0738569 0.9581618
1413393295.655760 -0.0836228 0.3420863 -1.4979855 -0.0234001 0.2654194 0.1040911 0.9582119
1413393295.855760 -0.1244201 0.3519044 -1.4881170 -0.0270425 0.2674271 0.0928065 0.9587170
1413393296.055760 -0.1576873 0.3607331 -1.4786451 -0.0358244 0.2751092 0.0639839 0.9586123
1413393296.255760 -0.1939295 0.3590273 -1.4648653 -0.0406009 0.2758521 0.0588998 0.9585343
1413393296.655760 -0.2745821 0.3508837 -1.4098761 -0.0357893 0.2865236 0.0935682 0.9528213
1413393296.855760 -0.3069541 0.3620087 -1.3723997 -0.0316462 0.3028752 0.1063223 0.9465520
1413393297.355760 -0.3545503 0.3730027 -1.2818341 -0.0266961 0.3321079 0.1153184 0.9357849
1413393297.705760 -0.3646372 0.3726099 -1.2199860 -0.0225174 0.3353989 0.1148167 0.9347821
1413393297.905761 -0.3619461 0.3715956 -1.1877184 -0.0136999 0.3306069 0.1211035 0.9358661
1413393298.505760 -0.3156073 0.3800108 -1.1107008 -0.0401340 0.3323601 0.0821998 0.9387061
1413393299.305761 -0.2446584 0.3436287 -0.9671636 -0.0110300 0.3382381 0.0862395 0.9370358
1413393299.505760 -0.2327714 0.3296728 -0.9346932 0.0059791 0.3422095 0.0876652 0.9355061
1413393299.905761 -0.2333943 0.3057957 -0.8951904 -0.0085201 0.3386912 0.0980489 0.9357361
1413393300.105761 -0.2398704 0.2948054 -0.8825860 -0.0236105 0.3418163 0.0815986 0.9359198
1413393302.055760 -0.3729791 0.3348590 -0.8215271 -0.0248463 0.0317415 -0.0146877 0.9990793
1413393302.305761 -0.4167028 0.3373703 -0.8245115 -0.0222483 0.0279587 -0.0072893 0.9993349
1413393302.505760 -0.4568977 0.3344369 -0.8277589 -0.0222931 0.0320784 0.0066643 0.9992145
1413393302.705760 -0.4965580 0.3253046 -0.8307682 -0.0253641 0.0386856 0.0209437 0.9987099
1413393302.905761 -0.5314121 0.3104368 -0.8342944 -0.0266183 0.0423417 0.0264776 0.9983975
1413393303.555760 -0.6063908 0.2473981 -0.8341284 -0.0263559 0.0549518 -0.0018324 0.9981394
1413393303.755760 -0.6293313 0.2183128 -0.8330829 -0.0214513 0.0577819 0.0011331 0.9980981
1413393304.155760 -0.6808583 0.1689329 -0.8280132 -0.0271064 0.0545250 0.0219785 0.9979024
1413393304.455760 -0.7066127 0.1756665 -0.8099785 -0.0417361 0.0566302 0.0034910 0.9975164
1413393304.855760 -0.7384551 0.1761502 -0.7666185 -0.0297165 0.0474225 -0.0039829 0.9984248
1413393305.255760 -0.7790213 0.1581064 -0.7152175 -0.0351420 0.0462966 -0.0087925 0.9982707
1413393305.655760 -0.8308739 0.1188311 -0.6550987 -0.0350528 0.0655971 0.0023084 0.9972277
1413393306.105761 -0.9158964 0.0597519 -0.5737959 -0.0276629 0.1065361 -0.0004060 0.9939238
1413393306.255760 -0.9558958 0.0382265 -0.5460678 -0.0277186 0.1067123 0.0082858 0.9938689
1413393306.405761 -0.9965030 0.0173608 -0.5187832 -0.0345547 0.1105236 0.0198347 0.9930746
1413393306.555760 -1.0350603 0.0050721 -0.4845475 -0.0375669 0.1315914 0.0358932 0.9899415
1413393307.005760 -1.1251887 -0.0077560 -0.3756289 -0.0211614 0.2056382 0.0939799 0.9738752
1413393307.205760 -1.1435143 -0.0152628 -0.3346905 -0.0247181 0.2482771 0.0931877 0.9638794
1413393307.605761 -1.1525166 -0.0421238 -0.2667952 -0.0352015 0.3470314 0.1120993 0.9304643
1413393308.055760 -1.1390405 -0.0929587 -0.1827806 -0.0323471 0.4611125 0.1298915 0.8771871
1413393308.305761 -1.1283869 -0.1258253 -0.1285474 -0.0298338 0.5171880 0.1445566 0.8430480
1413393308.555760 -1.1224107 -0.1567003 -0.0688611 -0.0232958 0.5653206 0.1773852 0.8052356
1413393308.805761 -1.1144140 -0.1626661 -0.0055743 -0.0123901 0.6131402 0.2111397 0.7611344
1413393309.055760 -1.1007047 -0.1437694 0.0508980 -0.0034901 0.6653560 0.2144350 0.7150572
1413393309.655760 -1.0875465 -0.1178939 0.1486672 -0.0311883 0.7075248 0.2190621 0.6711540
1413393310.005760 -1.0760647 -0.1246306 0.1956809 -0.0171115 0.6927059 0.2424109 0.6790454
1413393310.455760 -1.0324816 -0.1305415 0.2208916 -0.0284427 0.7008038 0.2072217 0.6820002
1413393310.905761 -0.9836138 -0.1331115 0.2382041 -0.0069527 0.6950955 0.2328671 0.6801226
1413393311.455760 -0.9029302 -0.0882537 0.2334988 -0.0325993 0.7076985 0.2260246 0.6685903
1413393311.905761 -0.8024088 -0.0585211 0.2295744 -0.0279556 0.7093581 0.2067092 0.6732762
1413393312.355760 -0.7040367 -0.0578941 0.2427943 -0.0094444 0.6935713 0.2002207 0.6919403
1413393313.305761 -0.5604611 -0.0761418 0.2530884 -0.0263723 0.6718651 0.2009168 0.7124144
1413393314.305761 -0.5064709 -0.0656690 0.1899403 -0.0248063 0.6981666 0.2158701 0.6821643
1413393314.705760 -0.5013192 -0.0591088 0.1619393 -0.0427303 0.6363449 0.1920555 0.7458915
1413393315.205760 -0.4551240 -0.0467750 0.1672511 -0.0442748 0.5613648 0.1798684 0.8065709
1413393316.205760 -0.3062193 -0.1447956 0.2968449 -0.0165828 0.5713703 0.1616810 0.8044379
1413393316.805761 -0.2691498 -0.2828405 0.3873520 -0.0264516 0.5567793 0.1687821 0.8129020
1413393317.305761 -0.2451613 -0.3052329 0.5026177 -0.0121692 0.5535989 0.1504354 0.8189929
1413393317.755760 -0.2517383 -0.3067222 0.6129161 -0.0077048 0.5584149 0.1532990 0.8152379
1413393319.105761 -0.3978084 -0.2264467 0.9080102 0.0059636 0.5740882 0.1758752 0.7996594
1413393319.555760 -0.4607628 -0.2179333 0.9283308 -0.0251096 0.5594363 0.2064992 0.8023458
1413393319.955760 -0.4753293 -0.1658231 0.9404199 -0.0350429 0.5621817 0.1831143 0.8057251
1413393320.355760 -0.4629599 -0.1013349 0.9663778 -0.0171920 0.5707113 0.1638396 0.8044561
1413393320.605761 -0.4622481 -0.1031115 0.9788795 -0.0323679 0.5712455 0.1764977 0.8009241
