1403637133.688319 0.0000000 0.0000000 0.0000000 0.0000000 0.0000000 0.0000000 1.0000000
1403637133.738319 0.0003787 -0.0014011 -0.0006528 -0.0005226 0.0022164 -0.0002795 0.9999974
1403637134.138319 0.0004732 -0.0352598 -0.0115648 -0.0068228 0.0359955 -0.0050875 0.9993157
1403637135.138319 0.0041100 -0.0059656 -0.0017345 -0.0528131 0.0408553 0.0095480 0.9977226
1403637135.238319 0.0043001 -0.0042043 -0.0019008 -0.0651548 0.0415852 0.0057345 0.9969918
1403637135.488319 0.0042304 -0.0273696 -0.0081753 -0.0485187 0.0516945 -0.0050373 0.9974709
1403637136.888319 0.0034749 -0.0347643 -0.0089150 -0.0676816 0.0548314 0.0039184 0.9961914
1403637137.938319 0.0046070 -0.0092661 -0.0011882 -0.0796763 0.0608307 0.0023076 0.9949603
1403637138.038319 0.0050509 -0.0087873 -0.0019521 -0.0965064 0.0593523 0.0015280 0.9935600
1403637138.138319 0.0052368 -0.0166156 -0.0043505 -0.0973513 0.0553506 0.0046263 0.9936990
1403637149.638319 0.0068864 0.0037459 0.0093781 0.0095602 0.0280108 0.0131458 0.9994755
1403637149.788319 0.0071631 0.0040387 0.0089231 0.0002182 0.0177972 0.0083025 0.9998071
1403637149.888319 0.0077796 0.0040223 0.0086528 -0.0137781 0.0156669 0.0087320 0.9997442
1403637150.088319 0.0117888 0.0024634 0.0077755 -0.0518128 0.0249790 -0.0122433 0.9982693
1403637151.938319 0.0566795 -0.0900514 0.0524587 -0.0187607 0.0445486 -0.0177696 0.9986730
1403637152.488319 0.0706397 -0.1089696 0.0640506 -0.0246590 0.0416108 -0.0135276 0.9987379
1403637152.588319 0.0736119 -0.1099411 0.0676284 -0.0249354 0.0417430 -0.0140385 0.9987185
1403637154.638319 0.1469414 -0.1417429 0.1402313 -0.0252536 0.0466949 -0.0120967 0.9985167
1403637154.788319 0.1558010 -0.1413189 0.1489957 -0.0369806 0.0596564 -0.0213209 0.9973059
1403637154.938319 0.1640307 -0.1420748 0.1591935 -0.0446585 0.0762723 -0.0146186 0.9959791
1403637156.788319 0.2976137 -0.1628985 0.2738886 0.0050678 0.3988293 0.1318214 0.9074870
1403637156.938319 0.3158106 -0.1551831 0.2766733 -0.0080532 0.4212276 0.1300246 0.8975500
1403637158.438319 0.5523842 -0.1325487 0.2382491 0.0061565 0.4330572 0.1293369 0.8920177
1403637159.738319 0.7854687 -0.0827164 0.1035003 -0.0080834 0.5149856 0.1637048 0.8413830
1403637160.438319 0.9213102 -0.0471324 0.0145606 0.0075462 0.6212488 0.1948004 0.7589768
1403637160.738319 0.9778236 -0.0241994 -0.0214078 -0.0091969 0.6873298 0.2170027 0.6931111
1403637160.838319 0.9965100 -0.0168255 -0.0319894 -0.0138283 0.6984382 0.2217644 0.6803039
1403637162.988319 1.2770741 0.0418817 -0.3867867 0.0581887 0.7817875 0.2177561 0.5813816
1403637163.188319 1.2719061 0.0614179 -0.4255866 0.0467001 0.8209445 0.2217870 0.5240989
1403637163.738319 1.2221110 0.1122342 -0.5137747 0.0557510 0.8690097 0.2937934 0.3942072
1403637164.038319 1.1781821 0.1266702 -0.5664936 0.0714266 0.8682556 0.3075678 0.3826652
1403637164.788319 1.0196182 0.1598912 -0.7350116 0.0436134 0.8666155 0.2891788 0.4042909
1403637164.938319 0.9842885 0.1730362 -0.7704547 0.0312477 0.8756356 0.2766192 0.3946741
1403637165.088319 0.9476584 0.1882099 -0.8061042 0.0286815 0.8852232 0.2739503 0.3748448
1403637169.488319 0.9379700 0.2569181 -0.6209941 -0.0213322 0.8536670 0.2431848 0.4600638
1403637169.688319 0.9735773 0.2398303 -0.5741166 -0.0227773 0.8264998 0.2146129 0.5199236
1403637170.538319 1.0966657 0.1808824 -0.3093938 0.0181760 0.6757939 0.1431994 0.7228182
1403637170.738319 1.1121565 0.1686417 -0.2328158 0.0530192 0.6275514 0.1232641 0.7669251
1403637171.588319 1.0731245 0.1114733 0.0188555 0.0322674 0.4618544 0.0752671 0.8831671
1403637171.888319 1.0295174 0.0911810 0.0831094 0.0300821 0.4724822 0.0620292 0.8786399
1403637173.438319 0.6931835 0.0387069 0.2736032 -0.0094300 0.5487022 0.2409191 0.8004967
1403637173.638319 0.6791990 0.0454950 0.2776030 0.0082211 0.5863240 0.2583815 0.7677210
1403637173.888319 0.6726074 0.0623481 0.2733394 0.0088299 0.6146031 0.3042381 0.7277529
1403637174.088319 0.6779714 0.0746581 0.2579843 -0.0139681 0.6481226 0.2720787 0.7111365
1403637174.288319 0.6932027 0.0784604 0.2323842 0.0209777 0.6724601 0.2184308 0.7068559
1403637174.488319 0.7063482 0.0776304 0.2047022 0.0501254 0.6690276 0.2300957 0.7049436
1403637174.938319 0.7255627 0.0822286 0.1207732 0.0406403 0.7340737 0.2375878 0.6348513
1403637176.438319 0.6131548 0.1754546 -0.2282315 0.0510885 0.7884408 0.2216416 0.5715120
1403637176.738319 0.5560549 0.2002758 -0.3029545 0.0358246 0.7997044 0.2484468 0.5454023
1403637177.538319 0.4150783 0.2969292 -0.4948405 -0.0370028 0.7927104 0.3146273 0.5208174
1403637178.988319 0.5157782 0.4030323 -0.7591573 -0.0076684 0.8760357 0.2444579 0.4156236
1403637179.738319 0.6504280 0.3981510 -0.7575994 -0.0169151 0.8704507 0.2538639 0.4214055
1403637180.488319 0.7921398 0.4231966 -0.6713693 -0.0100706 0.8593319 0.2871637 0.4230652
1403637183.188319 1.2473881 0.0746156 -0.1477390 0.0763728 0.8789386 0.2479343 0.4002033
1403637183.538319 1.2314410 0.0545303 -0.0528598 0.0876929 0.8751944 0.2585428 0.3993748
1403637184.238319 1.0975480 0.0325599 0.0969879 0.0967594 0.8618045 0.3000611 0.3973586
1403637184.588319 0.9928525 0.0367695 0.1420467 0.0281125 0.8645808 0.3066649 0.3970721
1403637185.388319 0.7759615 0.0466650 0.1749023 -0.0112334 0.8506938 0.3427534 0.3983893
1403637186.138319 0.6619909 0.0305588 0.1089704 0.0002498 0.8738658 0.2848186 0.3940009
1403637186.488319 0.6241676 0.0179481 0.0738138 0.0094737 0.8748935 0.2816625 0.3938752
1403637187.188319 0.5489150 0.0007354 0.0040643 0.0536255 0.8667279 0.3066877 0.3896789
1403637187.588319 0.4973185 0.0224315 -0.0463446 0.0056213 0.8705276 0.3250045 0.3694891
1403637187.988319 0.4580612 0.0516906 -0.1096421 0.0008866 0.8704141 0.3325831 0.3629972
1403637188.788319 0.4216120 0.1352202 -0.2535858 0.0357463 0.8971855 0.2943148 0.3273517
1403637189.138319 0.4021236 0.1768341 -0.3130851 0.0219585 0.9030296 0.3179844 0.2879952
1403637189.688319 0.3680384 0.2444522 -0.4153421 0.0230981 0.9112864 0.2970331 0.2842445
1403637190.488319 0.3083014 0.2798683 -0.5695806 0.0218092 0.9149617 0.2878669 0.2819612
1403637190.788319 0.2845291 0.2840187 -0.6184340 0.0087026 0.9117965 0.2833631 0.2970803
1403637191.438319 0.2310616 0.3147354 -0.6953712 0.0164090 0.9024443 0.2741679 0.3318990
1403637191.988319 0.1828057 0.3240029 -0.7416996 -0.0286775 0.9016519 0.2867995 0.3224088
1403637192.488319 0.1693782 0.2983628 -0.7764367 -0.0394327 0.8969055 0.3056621 0.3171377
1403637192.738319 0.1788844 0.2892861 -0.7897683 -0.0177957 0.8906649 0.3253557 0.3170852
1403637192.988319 0.1952411 0.2832171 -0.8065166 -0.0125653 0.8948458 0.3116899 0.3192844
1403637193.238319 0.2169227 0.2714508 -0.8274193 0.0216749 0.8851110 0.3363598 0.3208907
1403637193.538319 0.2436035 0.2690528 -0.8572124 -0.0036222 0.8945532 0.3124159 0.3196212
1403637193.838319 0.2744140 0.2653644 -0.8928739 -0.0201292 0.8963850 0.3052022 0.3208433
1403637194.138319 0.3123961 0.2628344 -0.9255790 -0.0125265 0.9014618 0.2910663 0.3201408
1403637194.438319 0.3551666 0.2693968 -0.9522263 -0.0131125 0.8989532 0.2995235 0.3193695
1403637194.738319 0.4023996 0.2660193 -0.9783058 -0.0150220 0.8963997 0.3090163 0.3174127
1403637195.038319 0.4549184 0.2617559 -1.0052314 -0.0085694 0.8989109 0.3044320 0.3149712
1403637195.338319 0.5107816 0.2669288 -1.0299031 0.0002629 0.9062259 0.2827059 0.3143754
1403637195.888319 0.6102940 0.2646469 -1.0605521 -0.0111952 0.8989487 0.2724491 0.3428372
1403637197.438319 0.9134303 0.2084957 -0.8383611 0.0072118 0.8710983 0.2483458 0.4236273
1403637197.838319 0.9728233 0.1553418 -0.7177317 -0.0182205 0.7897346 0.2100513 0.5760779
1403637198.538319 1.0535417 0.0166478 -0.4903331 -0.0272314 0.6723812 0.1240083 0.7292352
1403637198.888319 1.0746793 -0.0366903 -0.3498648 -0.0126605 0.6666070 0.1067972 0.7376105
1403637209.338319 0.4649541 -0.0783256 0.1226610 -0.0192021 0.3666983 0.0814876 0.9265653
1403637209.638319 0.4490506 -0.0797946 0.1206758 -0.0591481 0.3357541 0.0880851 0.9359550
1403637211.788319 0.6671576 -0.1253513 0.5467554 -0.0239061 0.3281868 0.1110986 0.9377521
1403637212.038319 0.7171803 -0.1372294 0.6068314 -0.0279920 0.3294002 0.1110995 0.9372134
1403637212.238319 0.7602806 -0.1519721 0.6524892 -0.0025855 0.3370005 0.0925677 0.9369393
1403637212.488319 0.8118379 -0.1740469 0.7026535 0.0024732 0.3415392 0.0877549 0.9357585
1403637212.688319 0.8505414 -0.1939372 0.7391046 -0.0158293 0.3428221 0.0939420 0.9345573
1403637212.888319 0.8880382 -0.2155473 0.7732704 -0.0260044 0.3448907 0.0899674 0.9339594
1403637213.138319 0.9345955 -0.2432162 0.8174381 -0.0279884 0.3420198 0.0879935 0.9351451
1403637213.388319 0.9818822 -0.2668890 0.8642105 -0.0242935 0.3385313 0.0897290 0.9363520
1403637213.638319 1.0294322 -0.2849247 0.9118940 -0.0202277 0.3436257 0.0727131 0.9360690
1403637213.888319 1.0715195 -0.2974432 0.9629353 -0.0309552 0.3477809 0.0569306 0.9353337
1403637214.088319 1.1016226 -0.3071705 1.0051476 -0.0206238 0.3411874 0.0543440 0.9381964
1403637214.488319 1.1469059 -0.3411534 1.0880880 0.0039931 0.2772033 0.0213342 0.9605661
1403637214.688319 1.1595836 -0.3609606 1.1245281 0.0081087 0.2422358 -0.0221687 0.9699302
1403637214.938319 1.1599917 -0.3890175 1.1671264 0.0119734 0.2211678 -0.0442168 0.9741593
1403637215.188319 1.1424131 -0.4098145 1.2087171 0.0237794 0.2171792 -0.0431563 0.9748873
1403637215.438319 1.1079762 -0.4249598 1.2442219 0.0431113 0.1938373 -0.0266864 0.9797226
1403637215.688319 1.0623516 -0.4349124 1.2686877 0.0558747 0.1367754 -0.0291384 0.9885957
1403637216.638319 0.8447462 -0.4617540 1.2597735 0.0359218 -0.0112232 -0.0269227 0.9989288
1403637216.838319 0.8038435 -0.4584478 1.2451208 0.0543899 -0.0078010 -0.0218836 0.9982495
1403637217.088319 0.7590375 -0.4520847 1.2124659 0.0483162 -0.0020521 -0.0150335 0.9987168
1403637217.288319 0.7272264 -0.4444930 1.1783068 0.0358404 -0.0048068 0.0114336 0.9992806
1403637217.888319 0.6705702 -0.3910134 1.0486659 0.0493503 -0.0429198 -0.0527549 0.9964634
1403637218.138319 0.6547462 -0.3668454 0.9749398 0.0343067 -0.0873652 -0.0700550 0.9931176
1403637218.338319 0.6429077 -0.3447266 0.9108624 0.0284410 -0.1019580 -0.0767741 0.9914138
1403637218.588319 0.6305156 -0.3110219 0.8277993 0.0297641 -0.1056507 -0.0775676 0.9909265
1403637218.888319 0.6140992 -0.2736493 0.7193571 0.0141921 -0.0965375 -0.0846195 0.9916242
1403637219.238319 0.5900112 -0.2116260 0.5965158 0.0129585 -0.0880968 -0.0969379 0.9912992
1403637219.538319 0.5599324 -0.1634166 0.4841989 -0.0096502 -0.0873280 -0.0888360 0.9921637
1403637220.838319 0.3872895 -0.0861775 0.0623310 -0.0334142 -0.0919706 -0.0497890 0.9939547
1403637221.188319 0.3506249 -0.0685447 -0.0174531 -0.0453848 -0.0709127 -0.0476621 0.9953089
1403637221.938319 0.2929899 -0.0116760 -0.1270101 -0.0523514 -0.0021016 -0.0184359 0.9984563
1403637222.688319 0.2683178 0.0482887 -0.1650040 -0.0155435 0.1107600 0.0129798 0.9936408
1403637223.038319 0.2629684 0.0574716 -0.1801097 -0.0449709 0.1103256 0.0155729 0.9927555
1403637226.988319 0.1818861 0.0329885 -0.2061329 -0.0332251 0.0944113 0.0002786 0.9949787
1403637227.638319 0.1563095 0.0295240 -0.1955779 -0.0265520 0.0979848 0.0128130 0.9947511
1403637228.538319 0.1498041 0.0372255 -0.1748135 0.0051360 0.1006728 -0.0099463 0.9948566
1403637228.938319 0.1403705 0.0319641 -0.1820872 -0.0153494 0.0982058 -0.0001340 0.9950477
1403637229.338319 0.1286084 0.0374763 -0.1881888 -0.0050674 0.1083516 -0.0129456 0.9940154
1403637229.738319 0.1177572 0.0523647 -0.1939547 -0.0372654 0.1753353 0.0689377 0.9813849
1403637230.138319 0.1228599 0.0693686 -0.1932476 -0.0226706 0.3061399 0.0743851 0.9488052
1403637230.538319 0.1274864 0.0695425 -0.1909697 -0.0099122 0.3615136 0.0836971 0.9285496
1403637230.938319 0.1290252 0.0550698 -0.1936057 -0.0125543 0.4194295 0.1328098 0.8979325
1403637231.338319 0.1391449 0.0572614 -0.1961180 -0.0144173 0.5416967 0.1954920 0.8173981
1403637231.888319 0.1770229 0.1113753 -0.2017234 0.0032893 0.7127156 0.2687861 0.6479041
1403637232.588319 0.2393542 0.1581715 -0.2693734 0.0463964 0.8305194 0.2901828 0.4731584
1403637233.038319 0.2563933 0.1720986 -0.3493667 0.0270753 0.8532713 0.3541663 0.3817869
1403637233.488319 0.2795584 0.1953268 -0.4705834 -0.0182197 0.8465673 0.3733007 0.3789965
1403637235.638319 0.8277071 0.3561813 -0.5496895 -0.0222538 0.7779320 0.2408486 0.5799297
1403637236.038319 0.9241951 0.3263433 -0.4839188 -0.0426667 0.7536902 0.1618911 0.6355485
1403637236.438319 1.0071114 0.2696755 -0.3893429 -0.0447863 0.6977414 0.1366742 0.7017630
1403637239.138319 0.6668773 -0.1476726 0.0963182 0.0084265 0.6838344 0.4031874 0.6080620
1403637239.538319 0.6229511 -0.1251335 -0.0386098 0.0099763 0.7537665 0.3473353 0.5577587
1403637239.988319 0.6087159 -0.0416232 -0.2108470 0.0262985 0.8518953 0.2876382 0.4368604
1403637240.438319 0.5926204 0.0593578 -0.3770071 0.0044028 0.8931964 0.3188779 0.3170137
1403637240.888319 0.5867440 0.1465382 -0.5429481 -0.0159037 0.9052228 0.3024867 0.2980275
1403637241.338319 0.5990852 0.2174013 -0.6988554 -0.0238732 0.9058222 0.2858264 0.3118006
1403637242.088319 0.6630776 0.3039684 -0.8835927 -0.0008627 0.9182317 0.2283776 0.3235637
1403637242.438319 0.6969929 0.3131556 -0.9241411 -0.0388257 0.9216192 0.2209023 0.3167218
1403637242.788319 0.7366774 0.3126012 -0.9263834 -0.0249269 0.9122546 0.2139043 0.3484468
1403637243.138319 0.7748774 0.2901895 -0.8938755 -0.0170828 0.8996643 0.2061300 0.3844773
1403637244.288319 0.8677028 0.1754515 -0.6699519 0.0195402 0.8756746 0.2956783 0.3812958
1403637244.738319 0.8911666 0.1057005 -0.6084287 -0.0166023 0.8606169 0.2932252 0.4160311
1403637245.188319 0.9271795 0.0522623 -0.5535779 -0.0061777 0.8334033 0.3245198 0.4473116
1403637245.638319 0.9833618 0.0232129 -0.5143038 -0.0269720 0.8340104 0.2946126 0.4657280
1403637246.038319 1.0479640 0.0109825 -0.4821515 -0.0091081 0.7927096 0.2420356 0.5594169
1403637246.388319 1.1029540 0.0107175 -0.4446658 -0.0066650 0.6998346 0.1904306 0.6884208
1403637247.438319 1.1816810 0.0085205 -0.2836855 0.0064568 0.4799149 0.0953274 0.8720967
1403637247.838319 1.1738846 0.0096444 -0.2114646 0.0068376 0.4648073 0.0596419 0.8833743
1403637248.238319 1.1311499 0.0016946 -0.1423612 -0.0047423 0.3977326 0.0686026 0.9149207
1403637248.588319 1.0803888 -0.0014115 -0.0840273 0.0038889 0.3778056 0.0672344 0.9234324
1403637249.038319 1.0028276 -0.0162703 -0.0138767 -0.0153655 0.3877803 0.0788668 0.9182431
1403637249.438319 0.9268835 -0.0484742 0.0455066 -0.0121786 0.3956247 0.0818522 0.9146764
1403637249.888319 0.8372836 -0.0581392 0.1212992 0.0059824 0.3889810 0.0741695 0.9182358
1403637250.338319 0.7349434 -0.0726237 0.1884062 0.0005328 0.3287839 0.0915628 0.9399559
1403637250.888319 0.6309341 -0.0843009 0.2538567 -0.0079481 0.2982991 0.0976683 0.9494290
1403637251.438319 0.5618843 -0.1236075 0.2898926 -0.0073395 0.2653646 0.0885367 0.9600464
1403637251.988319 0.5229944 -0.1587434 0.3087260 0.0054695 0.2221853 0.0443790 0.9739786
1403637254.938319 0.4041182 -0.1494733 0.2236013 -0.0030387 0.1823683 0.0213624 0.9829935
1403637255.438319 0.3706163 -0.1405825 0.1963615 -0.0002039 0.1462448 0.0142472 0.9891458
1403637255.888319 0.3364644 -0.1280417 0.1647266 -0.0149252 0.0722274 -0.0208925 0.9970577
1403637257.488319 0.1910210 -0.0983560 0.0522587 -0.0189968 -0.0054249 -0.0461651 0.9987385
1403637257.938319 0.1488906 -0.0855945 0.0265682 -0.0418806 -0.0286875 -0.0468508 0.9976112
1403637258.338319 0.1082734 -0.0753257 0.0154855 -0.0228290 -0.0928525 -0.0720023 0.9928106
1403637258.688319 0.0743236 -0.0647045 0.0129083 -0.0221256 -0.1222340 -0.0640543 0.9901850
1403637258.988319 0.0489545 -0.0536009 0.0130482 -0.0150453 -0.1239491 -0.0603898 0.9903350
1403637259.488319 0.0178336 -0.0584875 0.0068989 -0.0134121 -0.1224688 -0.0441066 0.9914011
1403637260.438319 0.0108192 -0.0422269 0.0003624 -0.0103583 -0.1089566 -0.0838168 0.9904524
1403637260.688319 0.0108733 -0.0314379 -0.0008677 -0.0320243 -0.1095138 -0.0830803 0.9899893
1403637261.188319 0.0028173 -0.0107892 -0.0005166 -0.0262401 -0.1138221 -0.0766947 0.9901888
1403637261.688319 -0.0102366 -0.0019581 -0.0000642 -0.0408865 -0.1137514 -0.0728270 0.9899925
1403637262.088319 -0.0218538 -0.0042636 0.0062646 -0.0102705 -0.1134544 -0.0667687 0.9912440
1403637262.538319 -0.0242328 0.0024573 0.0095836 0.0142033 -0.0917932 -0.0220100 0.9954335
1403637262.738319 -0.0238599 0.0027828 0.0098285 0.0053168 -0.0854994 -0.0274362 0.9959462
