1403638130.395097 0.0000000 0.0000000 0.0000000 0.0000000 0.0000000 0.0000000 1.0000000
1403638130.745097 -0.0015126 -0.0121943 -0.0047707 0.0152040 -0.0089924 0.0040325 0.9998358
1403638131.095097 -0.0016440 -0.0168000 -0.0066767 0.0490886 -0.0083759 0.0237609 0.9984766
1403638132.345097 0.0020137 0.0067762 -0.0002996 0.0083649 -0.0000802 -0.0526287 0.9985791
1403638151.545097 -0.0583152 -0.0345719 0.0760589 -0.0055508 -0.0727449 -0.0899431 0.9932712
1403638152.145097 -0.0909517 -0.0507090 0.0953294 -0.0092771 -0.1145057 -0.1093121 0.9873465
1403638152.945097 -0.1460512 -0.0604347 0.1254342 -0.0054863 -0.1374405 -0.1098947 0.9843796
1403638153.445097 -0.1860407 -0.0719471 0.1430211 -0.0207259 -0.1922685 -0.1359430 0.9716598
1403638153.645097 -0.2033213 -0.0767372 0.1509140 -0.0207954 -0.2184820 -0.1623728 0.9620126
1403638154.145097 -0.2526508 -0.0865150 0.1717485 -0.0036805 -0.2785904 -0.1670719 0.9457594
1403638154.595097 -0.2974428 -0.0858695 0.1899896 0.0195907 -0.2837078 -0.1598814 0.9452851
1403638154.995097 -0.3363702 -0.0872452 0.1961369 0.0041253 -0.3054842 -0.1840202 0.9342371
1403638155.395097 -0.3768903 -0.0914205 0.1946942 0.0183265 -0.3454909 -0.1925462 0.9182734
1403638155.745097 -0.4108301 -0.0848377 0.1880561 0.0237443 -0.4008846 -0.1911297 0.8956546
1403638155.845097 -0.4196497 -0.0819241 0.1854588 0.0202924 -0.4212306 -0.1943891 0.8856444
1403638155.945097 -0.4278371 -0.0788609 0.1827704 0.0093024 -0.4420585 -0.2028114 0.8737078
1403638156.095097 -0.4394071 -0.0745969 0.1772850 -0.0106912 -0.4733535 -0.2208830 0.8526622
1403638156.295097 -0.4551117 -0.0720245 0.1697468 -0.0252795 -0.5093851 -0.2344206 0.8276078
1403638157.145097 -0.5258186 -0.0551586 0.1522752 -0.0438319 -0.5283338 -0.2488264 0.8105724
1403638157.395097 -0.5508410 -0.0540729 0.1497120 -0.0402901 -0.5273399 -0.2520930 0.8103940
1403638157.695097 -0.5831634 -0.0518528 0.1484145 -0.0171187 -0.5501824 -0.2574338 0.7941877
1403638158.245097 -0.6428641 -0.0502787 0.1417893 -0.0267775 -0.6241945 -0.2674799 0.7335657
1403638158.395097 -0.6581148 -0.0490322 0.1414380 -0.0239305 -0.6284729 -0.2721232 0.7282844
1403638158.895097 -0.7091701 -0.0413282 0.1387292 -0.0284879 -0.6256133 -0.2732549 0.7301562
1403638159.195097 -0.7400701 -0.0407928 0.1350528 -0.0567639 -0.6140835 -0.2898216 0.7319035
1403638159.345097 -0.7571142 -0.0405558 0.1344833 -0.0500077 -0.6165070 -0.2804384 0.7340114
1403638159.645097 -0.7914390 -0.0412420 0.1344054 -0.0212967 -0.6386122 -0.2191171 0.7373660
1403638159.995097 -0.8233060 -0.0518982 0.1388664 -0.0008365 -0.6371993 -0.2302602 0.7354975
1403638160.145097 -0.8334177 -0.0600106 0.1409733 -0.0016800 -0.6337754 -0.2442164 0.7339512
1403638160.495097 -0.8546125 -0.0829603 0.1438293 -0.0328096 -0.6224314 -0.2775612 0.7310694
1403638160.645097 -0.8637522 -0.0923897 0.1454853 -0.0357214 -0.6216515 -0.2787060 0.7311610
1403638160.795097 -0.8738394 -0.1010862 0.1474158 -0.0326809 -0.6248656 -0.2678881 0.7326056
1403638161.095097 -0.8933791 -0.1173890 0.1540313 -0.0150391 -0.6071267 -0.2291814 0.7606885
1403638161.395097 -0.9077072 -0.1328158 0.1639216 -0.0194853 -0.5460104 -0.2257445 0.8065559
1403638161.695097 -0.9206210 -0.1456426 0.1747415 -0.0347589 -0.5082932 -0.2262116 0.8302158
1403638162.245097 -0.9424499 -0.1662108 0.2021805 -0.0331057 -0.4804482 -0.2046494 0.8521691
1403638162.445097 -0.9496127 -0.1746855 0.2138105 -0.0365390 -0.4793643 -0.1972806 0.8543741
1403638163.045097 -0.9685448 -0.2086149 0.2548350 -0.0221890 -0.4717509 -0.1887301 0.8610108
1403638163.445097 -0.9759242 -0.2267441 0.2895353 -0.0099761 -0.4229650 -0.1844384 0.8871209
1403638165.045097 -0.9565132 -0.3217018 0.4194408 0.0144012 -0.3793727 -0.1631882 0.9106253
1403638165.445097 -0.9340103 -0.3347948 0.4539884 -0.0180717 -0.3581680 -0.1486467 0.9215711
1403638165.645097 -0.9211094 -0.3404516 0.4722639 0.0129107 -0.3533777 -0.1465282 0.9238436
1403638165.845097 -0.9057387 -0.3432699 0.4900304 0.0224519 -0.3493975 -0.1534919 0.9240441
1403638165.995097 -0.8928467 -0.3456260 0.5015899 0.0058994 -0.3467573 -0.1623245 0.9237831
1403638166.145097 -0.8798440 -0.3494853 0.5116953 -0.0062106 -0.3440846 -0.1736754 0.9227156
1403638166.495097 -0.8525807 -0.3699365 0.5292633 -0.0080292 -0.3466939 -0.1862191 0.9192722
1403638166.795097 -0.8322092 -0.3877029 0.5420104 -0.0184514 -0.3547236 -0.1747397 0.9183119
1403638166.945097 -0.8224102 -0.3938987 0.5493411 -0.0464260 -0.3572189 -0.1667567 0.9178407
1403638167.095097 -0.8127270 -0.3996130 0.5586088 -0.0585996 -0.3544581 -0.1740390 0.9168620
1403638167.395097 -0.7976035 -0.4164195 0.5795425 -0.0469604 -0.3501024 -0.1866449 0.9167261
1403638167.545097 -0.7920358 -0.4257767 0.5912706 -0.0385764 -0.3518881 -0.1800968 0.9177428
1403638167.695097 -0.7871299 -0.4343645 0.6037772 -0.0337051 -0.3531017 -0.1619880 0.9208382
1403638167.845097 -0.7820718 -0.4417657 0.6180359 -0.0334999 -0.3433118 -0.1432170 0.9276333
1403638167.945097 -0.7782115 -0.4464737 0.6281086 -0.0316767 -0.3312790 -0.1339483 0.9334391
1403638168.095097 -0.7723653 -0.4535584 0.6440077 -0.0285563 -0.3111922 -0.1242205 0.9417607
1403638168.795097 -0.7356623 -0.5011020 0.7213005 -0.0302260 -0.2153816 -0.1506210 0.9643705
1403638169.095097 -0.7247220 -0.5157826 0.7583715 -0.0227896 -0.2180683 -0.1498354 0.9640934
1403638169.245097 -0.7206765 -0.5220695 0.7771917 -0.0156494 -0.2286803 -0.1336059 0.9641628
1403638169.395097 -0.7171233 -0.5274168 0.7968404 -0.0068207 -0.2321225 -0.1006007 0.9674461
1403638169.695097 -0.7069816 -0.5376358 0.8355658 0.0087574 -0.1867602 -0.0768964 0.9793523
1403638169.945097 -0.6923077 -0.5515994 0.8644002 0.0192677 -0.1164899 -0.0943330 0.9885141
1403638170.195097 -0.6782223 -0.5656455 0.8899803 0.0385960 -0.0574574 -0.0695917 0.9951713
1403638170.495097 -0.6608863 -0.5747808 0.9154685 0.0294222 0.0077307 -0.0223316 0.9992877
1403638170.745097 -0.6441518 -0.5827994 0.9317406 0.0412699 0.0560812 0.0122336 0.9974979
1403638171.145097 -0.6119082 -0.5947280 0.9477475 0.0490029 0.1354642 0.0365722 0.9888936
1403638171.545097 -0.5725151 -0.5991912 0.9527037 0.0603457 0.1636160 0.0555964 0.9831060
1403638171.645097 -0.5624242 -0.5995175 0.9517312 0.0636188 0.1702200 0.0606257 0.9814796
1403638171.945097 -0.5275080 -0.5971593 0.9427444 0.0781626 0.1934430 0.0778428 0.9748902
1403638172.095097 -0.5089265 -0.5962543 0.9339588 0.0792857 0.2053037 0.0734160 0.9727149
1403638172.395097 -0.4702755 -0.5892822 0.9089260 0.0760944 0.2126835 0.0693632 0.9716811
1403638172.645097 -0.4366867 -0.5748830 0.8839020 0.0847224 0.2068653 0.0725387 0.9719912
1403638172.795097 -0.4158483 -0.5632710 0.8665155 0.0845342 0.2024347 0.0728628 0.9729158
1403638172.895097 -0.4016659 -0.5544610 0.8538513 0.0850831 0.1985368 0.0745107 0.9735462
1403638173.195097 -0.3577543 -0.5240684 0.8102528 0.0657432 0.1857930 0.0835816 0.9768177
1403638173.395097 -0.3250165 -0.5002266 0.7778995 0.0542534 0.1919238 0.0619761 0.9779472
1403638173.595097 -0.2926404 -0.4729462 0.7463669 0.0447609 0.2030847 0.0373496 0.9774242
1403638173.795097 -0.2601096 -0.4450232 0.7131392 0.0419345 0.2042369 0.0374330 0.9773062
1403638173.895097 -0.2449010 -0.4307381 0.6969296 0.0395126 0.2055891 0.0374132 0.9771245
1403638173.995097 -0.2291922 -0.4168337 0.6797305 0.0407075 0.2053481 0.0382746 0.9770927
1403638174.195097 -0.1997163 -0.3912563 0.6453810 0.0334541 0.2062365 0.0387728 0.9771612
1403638174.295097 -0.1854936 -0.3778682 0.6282981 0.0234895 0.2058712 0.0396820 0.9774920
1403638174.445097 -0.1637909 -0.3564606 0.6027425 0.0146390 0.2052543 0.0389018 0.9778256
1403638174.745097 -0.1209201 -0.3165580 0.5550405 -0.0050499 0.2048666 0.0350745 0.9781482
1403638174.895097 -0.1008772 -0.2982619 0.5330910 -0.0102292 0.2062864 0.0319285 0.9779171
1403638175.045097 -0.0803365 -0.2849701 0.5115281 -0.0120330 0.2075642 0.0312235 0.9776489
1403638175.245097 -0.0545294 -0.2676862 0.4851194 -0.0122276 0.2116924 0.0288193 0.9768348
1403638175.395097 -0.0362319 -0.2577093 0.4668624 -0.0260391 0.2152200 0.0288176 0.9757929
1403638175.745097 0.0059803 -0.2423243 0.4307921 -0.0692435 0.2161266 0.0302471 0.9734371
1403638175.895097 0.0239874 -0.2374234 0.4201212 -0.0768282 0.2161476 0.0267865 0.9729646
1403638176.095097 0.0483539 -0.2313239 0.4128734 -0.0583143 0.2201380 0.0055257 0.9737085
1403638176.795097 0.1150264 -0.2293996 0.4070809 -0.0004642 0.2217020 0.0010451 0.9751138
1403638177.445097 0.1492465 -0.2350794 0.4137795 -0.0054025 0.2246899 -0.0009024 0.9744149
1403638177.645097 0.1557958 -0.2350395 0.4200555 -0.0003216 0.2172800 0.0240429 0.9758131
1403638179.045097 0.2118063 -0.2281020 0.4290544 0.0131993 0.3911397 0.1270202 0.9114282
1403638179.195097 0.2200919 -0.2242045 0.4259337 0.0014882 0.4053500 0.1277494 0.9051902
1403638179.345097 0.2290423 -0.2202940 0.4241845 -0.0082309 0.4232146 0.1282686 0.8968661
1403638179.495097 0.2389703 -0.2167633 0.4225151 0.0070774 0.4463785 0.1353910 0.8845142
1403638179.795097 0.2601583 -0.2092111 0.4194036 0.0268924 0.5046319 0.1550108 0.8488787
1403638180.245097 0.2921167 -0.2050351 0.4102970 0.0159766 0.5568098 0.1868156 0.8092018
1403638180.395097 0.3036320 -0.2028484 0.4064953 0.0136103 0.5598113 0.1896133 0.8065190
1403638180.695097 0.3283705 -0.1975497 0.4011037 0.0024085 0.5614368 0.1816269 0.8073379
1403638180.995097 0.3559248 -0.1961029 0.3950495 -0.0006413 0.5520095 0.1853102 0.8129854
1403638181.145097 0.3711317 -0.1953724 0.3931395 0.0051624 0.5478684 0.1867182 0.8154445
1403638181.445097 0.4034972 -0.1917246 0.3890452 0.0391131 0.5589391 0.1948335 0.8050448
1403638181.845097 0.4467935 -0.1831740 0.3759749 0.0507849 0.6319271 0.2043387 0.7458785
1403638181.945097 0.4566822 -0.1815645 0.3704973 0.0401774 0.6481778 0.2097090 0.7309401
1403638182.195097 0.4797253 -0.1803548 0.3563700 0.0249620 0.6665893 0.2310324 0.7082794
1403638182.295097 0.4888068 -0.1802457 0.3506565 0.0249298 0.6673664 0.2419414 0.7038926
1403638182.595097 0.5182412 -0.1790020 0.3315642 0.0062787 0.6699542 0.2398768 0.7025532
1403638182.745097 0.5342405 -0.1806828 0.3209675 0.0020841 0.6681879 0.2368167 0.7052931
1403638182.895097 0.5510776 -0.1821616 0.3107937 0.0069307 0.6666565 0.2331435 0.7079302
1403638183.195097 0.5870046 -0.1829537 0.2922034 0.0196538 0.6694053 0.2129141 0.7114617
1403638183.595097 0.6353528 -0.1786922 0.2714462 -0.0077551 0.6638272 0.2244890 0.7133569
1403638184.045097 0.6936538 -0.1810503 0.2534027 0.0135979 0.6727537 0.2011475 0.7118688
1403638184.195097 0.7123584 -0.1838735 0.2483365 0.0034391 0.6696911 0.2128403 0.7114781
1403638184.345097 0.7313857 -0.1864107 0.2439186 -0.0000380 0.6694703 0.2157169 0.7108275
1403638184.795097 0.7900860 -0.1925261 0.2365956 0.0121099 0.6734967 0.2077908 0.7092803
1403638185.095097 0.8279467 -0.1984937 0.2345415 0.0113874 0.6749816 0.2062905 0.7083181
1403638185.245097 0.8465218 -0.2019849 0.2342131 0.0060075 0.6758340 0.2030618 0.7085042
1403638185.545097 0.8830701 -0.2098561 0.2364364 0.0057062 0.6712806 0.1811477 0.7187039
1403638186.295097 0.9633002 -0.2308563 0.2551144 0.0156973 0.6269186 0.1967880 0.7536585
1403638189.795097 1.0746336 -0.3377821 0.3709084 -0.0011089 0.3915451 0.1112603 0.9134070
1403638190.645097 1.0333289 -0.3427160 0.3916111 0.0220329 0.3870203 0.0499519 0.9204535
1403638190.845097 1.0201999 -0.3421594 0.3993410 0.0248206 0.3740494 0.0619661 0.9250033
1403638191.045097 1.0044647 -0.3430746 0.4054485 0.0308369 0.3668172 0.0701856 0.9271290
1403638192.045097 0.9266734 -0.3576768 0.4333074 -0.0022760 0.3731302 0.0683446 0.9252555
1403638192.245097 0.9114422 -0.3615412 0.4432505 0.0043973 0.3720125 0.0705324 0.9255337
1403638192.445097 0.8959175 -0.3700201 0.4523320 0.0187074 0.3704225 0.0714240 0.9259243
1403638192.845097 0.8627300 -0.3897375 0.4662799 0.0549025 0.3706054 0.0671723 0.9247298
1403638193.045097 0.8440139 -0.3956937 0.4718913 0.0905727 0.3612678 0.0789872 0.9246855
1403638193.195097 0.8286399 -0.3984885 0.4743020 0.0785817 0.3505674 0.0775058 0.9300109
1403638193.495097 0.7965819 -0.4071674 0.4685253 0.0577454 0.3406054 0.0568813 0.9367059
1403638193.995097 0.7392245 -0.4106863 0.4494454 0.0218020 0.3319940 0.0693771 0.9404740
1403638194.295097 0.7056725 -0.4070027 0.4388662 0.0387618 0.3360106 0.0630477 0.9389459
1403638194.495097 0.6829461 -0.4028973 0.4313315 0.0261335 0.3347053 0.0715961 0.9392356
1403638194.645097 0.6662349 -0.4002265 0.4245260 0.0157480 0.3349648 0.0744220 0.9391549
1403638195.445097 0.5903538 -0.3862194 0.4024478 -0.0278019 0.3344809 0.0883269 0.9378422
1403638195.695097 0.5742201 -0.3796138 0.4028049 0.0042929 0.3366281 0.0775471 0.9384293
1403638195.945097 0.5596735 -0.3759614 0.4041007 -0.0115487 0.3340800 0.0827363 0.9388354
1403638196.495097 0.5360608 -0.3819900 0.4098018 0.0041454 0.3351637 0.0772488 0.9389786
1403638197.195097 0.5209739 -0.3854675 0.4307635 0.0052342 0.3377612 0.0769496 0.9380665
1403638197.695097 0.5138963 -0.4010744 0.4454764 0.0190382 0.3449492 0.0539950 0.9368736
1403638198.145097 0.5018691 -0.4131120 0.4599205 0.0442473 0.3392752 0.0604803 0.9376975
1403638198.645097 0.4844655 -0.4011509 0.4792897 0.0165546 0.3504981 0.0303083 0.9359266
1403638198.895097 0.4706866 -0.3950635 0.4892986 0.0178029 0.3589642 0.0012403 0.9331807
1403638199.145097 0.4484529 -0.3944968 0.5004676 0.0155550 0.3572077 0.0096720 0.9338453
1403638199.395097 0.4199584 -0.3979429 0.5111427 0.0253840 0.3570711 0.0107108 0.9336708
1403638199.645097 0.3850596 -0.4056328 0.5215199 0.0127648 0.3537234 0.0044211 0.9352525
1403638199.895097 0.3434252 -0.4151770 0.5322036 0.0150021 0.3224370 0.0312170 0.9459571
1403638200.145097 0.2998551 -0.4222407 0.5446907 0.0150291 0.3006580 0.0257874 0.9532649
1403638200.395097 0.2549827 -0.4295772 0.5572119 0.0340282 0.2651268 -0.0022241 0.9636104
1403638200.645097 0.2063654 -0.4395380 0.5677500 0.0269250 0.2381669 -0.0334700 0.9702739
1403638200.895097 0.1524214 -0.4519114 0.5768279 0.0133459 0.2134791 -0.0465688 0.9757459
1403638201.145097 0.0951263 -0.4602838 0.5878602 0.0170493 0.1952077 -0.0188030 0.9804335
1403638201.395097 0.0369215 -0.4631178 0.5989597 0.0193982 0.1964128 -0.0136603 0.9802342
1403638201.645097 -0.0205627 -0.4617042 0.6110662 0.0255933 0.2011646 -0.0139501 0.9791237
1403638202.095097 -0.1259973 -0.4522998 0.6311187 0.0237507 0.1868732 -0.0082587 0.9820622
1403638202.295097 -0.1736258 -0.4496666 0.6377610 0.0103956 0.1706048 0.0031393 0.9852797
1403638202.645097 -0.2522099 -0.4446864 0.6507016 0.0039163 0.1612049 0.0092535 0.9868698
1403638202.895097 -0.3044791 -0.4358217 0.6616422 0.0078800 0.1633220 0.0063468 0.9865209
1403638203.345097 -0.3918467 -0.4280451 0.6772870 0.0196780 0.1649550 0.0045126 0.9860945
1403638203.595097 -0.4371772 -0.4237676 0.6834803 0.0213776 0.1621636 0.0104532 0.9864769
1403638203.845097 -0.4808936 -0.4203798 0.6879693 0.0196671 0.1624195 0.0094222 0.9864808
1403638204.045097 -0.5133764 -0.4197251 0.6897982 0.0172582 0.1599040 0.0099706 0.9869313
1403638204.245097 -0.5451922 -0.4210945 0.6902564 0.0090627 0.1552876 0.0200292 0.9876246
1403638204.495097 -0.5810477 -0.4247204 0.6895809 -0.0039214 0.1482801 0.0464794 0.9878448
1403638204.795097 -0.6153933 -0.4255798 0.6907833 -0.0007994 0.1351464 0.0257364 0.9904910
1403638205.045097 -0.6394550 -0.4221181 0.6933858 0.0027461 0.0859142 -0.0298557 0.9958513
1403638205.295097 -0.6634617 -0.4188592 0.6955611 0.0041795 -0.0187931 -0.0733701 0.9971189
1403638205.495097 -0.6827378 -0.4191476 0.6962366 0.0145932 -0.1038255 -0.1123278 0.9881244
1403638205.745097 -0.7095700 -0.4221287 0.6945706 0.0363804 -0.1505784 -0.1591391 0.9750268
1403638206.045097 -0.7435299 -0.4268910 0.6836249 0.0308603 -0.2150628 -0.1745982 0.9603703
1403638206.995097 -0.8593219 -0.4201087 0.6161727 0.0313813 -0.3456195 -0.1674025 0.9227886
1403638207.195097 -0.8782027 -0.4109189 0.6002064 0.0355071 -0.3526727 -0.1650613 0.9203891
1403638207.395097 -0.8943357 -0.3989999 0.5828399 0.0401176 -0.3723129 -0.1684416 0.9118119
1403638207.645097 -0.9102070 -0.3833513 0.5582044 0.0288418 -0.4140262 -0.1824261 0.8913311
1403638207.895097 -0.9213408 -0.3717600 0.5309527 -0.0011914 -0.4337610 -0.1929291 0.8801298
1403638209.195097 -0.9418280 -0.3232041 0.4066365 -0.0064664 -0.4791550 -0.2087528 0.8525203
1403638209.545097 -0.9387595 -0.3046883 0.3817401 -0.0055553 -0.4826101 -0.2035960 0.8518247
1403638209.895097 -0.9307476 -0.2734168 0.3648176 0.0001190 -0.4791245 -0.2061241 0.8532013
1403638210.245097 -0.9176068 -0.2363244 0.3518524 0.0199172 -0.4834236 -0.1951199 0.8531314
1403638210.595097 -0.8982795 -0.2008910 0.3348999 0.0206106 -0.4816049 -0.1942564 0.8543397
1403638210.945097 -0.8707315 -0.1664870 0.3174782 0.0122789 -0.4805020 -0.1933797 0.8553194
1403638211.295097 -0.8378071 -0.1408473 0.2985385 -0.0037442 -0.4790276 -0.1970753 0.8553829
1403638211.645097 -0.7998522 -0.1179448 0.2827080 -0.0051454 -0.4430565 -0.1800126 0.8782197
1403638211.995097 -0.7592966 -0.0939798 0.2704899 -0.0102284 -0.3640090 -0.1399020 0.9207715
1403638212.295097 -0.7205588 -0.0831825 0.2620575 -0.0033064 -0.2896954 -0.1216752 0.9493476
1403638212.645097 -0.6723124 -0.0753725 0.2520941 0.0022100 -0.2048246 -0.0932579 0.9743434
1403638212.995097 -0.6235277 -0.0766686 0.2382009 0.0024948 -0.1082370 -0.0612956 0.9922305
1403638213.245097 -0.5854649 -0.0799832 0.2282809 -0.0058412 -0.0370005 -0.0251001 0.9989829
1403638213.495097 -0.5459543 -0.0813801 0.2213291 -0.0247552 0.0288118 0.0278957 0.9988889
1403638213.845097 -0.4824812 -0.0846806 0.2144331 0.0128372 0.0991388 0.0096741 0.9949438
1403638214.545097 -0.3587307 -0.0999854 0.2026211 -0.0154953 0.0937424 -0.0056643 0.9954598
1403638215.495097 -0.2038764 -0.0974489 0.2087856 0.0125909 0.0856093 -0.0304553 0.9957836
1403638215.745097 -0.1696243 -0.0973272 0.2087824 0.0174477 0.0841965 -0.0256429 0.9959664
1403638217.045097 -0.0304909 -0.0872859 0.1934769 0.0270374 0.1306620 -0.0133518 0.9909683
1403638217.395097 -0.0040120 -0.0782140 0.1860992 0.0154149 0.1695886 0.0068213 0.9853708
1403638217.695097 0.0145256 -0.0753060 0.1781889 0.0100968 0.1853035 -0.0057963 0.9826124
1403638220.895097 0.0110014 -0.0457860 0.0780293 0.0132733 0.2070617 0.0155386 0.9781144
1403638222.345097 -0.0053937 -0.0211585 0.0269188 -0.0038194 0.2090564 0.0239727 0.9776022
1403638223.245097 -0.0130130 -0.0051519 0.0119532 -0.0007428 0.2066333 0.0301454 0.9779537
1403638223.895097 -0.0131394 0.0034887 0.0025766 0.0071974 0.2109669 0.0184781 0.9772920
1403638224.195097 -0.0130044 0.0092165 -0.0001156 -0.0118815 0.2112430 0.0188828 0.9771789
1403638225.695097 -0.0160144 0.0165000 0.0039705 0.0420637 0.2079463 0.0138226 0.9771376
1403638226.195097 -0.0252739 0.0250545 0.0087856 -0.0198428 0.1970387 0.0425886 0.9792692
1403638226.395097 -0.0207174 0.0265094 0.0060441 -0.0156794 0.2033980 0.0199467 0.9787673
1403638227.295097 -0.0215888 0.0238535 0.0056158 -0.0165370 0.2041277 0.0223241 0.9785500
