1403636581.063555 0.0000000 0.0000000 0.0000000 0.0000000 0.0000000 0.0000000 1.0000000
1403636586.513556 0.0041969 0.0229190 -0.0073614 -0.1767090 0.0210877 0.0304846 0.9835649
1403636587.513556 0.0234798 0.0192830 -0.0016023 -0.1795309 0.0065820 0.0268178 0.9833647
1403636588.013556 0.0575443 0.0182910 0.0036677 -0.1779136 0.0377486 0.0444337 0.9823174
1403636590.013556 -0.0419764 0.0220375 -0.0118978 -0.1823087 -0.0311024 0.0233741 0.9824713
1403636590.213556 -0.0483958 0.0221083 -0.0128392 -0.1702176 -0.0408153 0.0218029 0.9843194
1403636590.863556 -0.0133067 0.0207247 -0.0132290 -0.1752377 -0.0101236 0.0228960 0.9842078
1403636591.013556 0.0002614 0.0212357 -0.0115492 -0.1790740 -0.0063987 0.0250694 0.9834954
1403636591.813555 0.0402009 0.0250246 0.0017815 -0.1324469 0.0430213 0.0358372 0.9896073
1403636592.063555 0.0439706 0.0231644 0.0064483 -0.1256336 0.0661967 0.0489472 0.9886549
1403636592.213556 0.0478778 0.0217797 0.0120799 -0.1383650 0.0789294 0.0591911 0.9854551
1403636593.613555 -0.0289293 0.0255011 -0.0001176 -0.1628287 -0.1189802 0.0105644 0.9793972
1403636593.763556 -0.0233341 0.0313828 -0.0106976 -0.1762103 -0.0883399 0.0283231 0.9799713
1403636593.913555 -0.0117315 0.0357886 -0.0182391 -0.1720722 -0.0351766 0.0517736 0.9830937
1403636594.063555 0.0031040 0.0375456 -0.0221366 -0.1585135 0.0270247 0.0718651 0.9843671
1403636594.213556 0.0197373 0.0375763 -0.0208179 -0.1576006 0.0750254 0.0888655 0.9806305
1403636594.363556 0.0360413 0.0358858 -0.0134234 -0.1593327 0.1047660 0.0909216 0.9774305
1403636596.313555 0.0264586 0.0472266 -0.0230514 -0.1533201 0.0429610 0.0470174 0.9861220
1403636596.463556 0.0163108 0.0476309 -0.0348798 -0.1455368 0.0444728 0.0450218 0.9873268
1403636596.613555 0.0062231 0.0481871 -0.0446833 -0.1403947 0.0416049 0.0369114 0.9885322
1403636596.763556 0.0001205 0.0486230 -0.0485833 -0.1427531 0.0388693 0.0326733 0.9884549
1403636597.013556 0.0021432 0.0454410 -0.0356777 -0.1368373 0.0418076 0.0216465 0.9894742
1403636597.163556 0.0068233 0.0407901 -0.0195650 -0.1532274 0.0338873 0.0182924 0.9874403
1403636598.713556 0.0044941 0.0457713 0.0106448 -0.1332843 -0.0933221 -0.0432625 0.9857255
1403636598.863556 0.0062757 0.0475101 0.0216433 -0.0988586 -0.1094602 -0.0382861 0.9883216
1403636599.013556 0.0078105 0.0511316 0.0315522 -0.0712449 -0.1115165 -0.0360542 0.9905495
1403636599.163556 0.0084460 0.0535754 0.0379618 -0.0403375 -0.1221133 -0.0271292 0.9913250
1403636600.163556 0.0102840 0.0594301 0.0502598 0.0413549 -0.1032157 -0.0034131 0.9937931
1403636624.513556 0.0122602 0.0598519 0.0491786 0.0195448 -0.0941138 -0.0016029 0.9953683
1403636624.663556 0.0147986 0.0603228 0.0479538 0.0175448 -0.0895401 -0.0055432 0.9958133
1403636624.813555 0.0187231 0.0616622 0.0460355 0.0179659 -0.0844661 -0.0196439 0.9960707
1403636624.963556 0.0236438 0.0615585 0.0420828 0.0023089 -0.0774741 -0.0429747 0.9960651
1403636625.213556 0.0284004 0.0532430 0.0332269 -0.0161554 -0.0788377 -0.0454754 0.9957187
1403636627.013556 0.0307670 -0.0003730 0.0340853 0.0121379 -0.0997671 -0.0369334 0.9942510
1403636627.713556 0.0447826 -0.0089560 0.0220519 0.0051703 -0.0846066 -0.0256128 0.9960718
1403636627.963556 0.0512367 -0.0034800 0.0229160 -0.0195109 -0.0549946 -0.0223483 0.9980458
1403636629.263556 0.0986979 -0.0387069 0.0414698 -0.0053859 -0.0026799 0.0009014 0.9999815
1403636629.713556 0.1252475 -0.0403557 0.0604718 -0.0067574 0.0498192 0.0339875 0.9981569
1403636629.863556 0.1368936 -0.0364122 0.0698019 -0.0177802 0.0828841 0.0419495 0.9955171
1403636630.313555 0.1744169 -0.0410297 0.1023453 0.0092268 0.1353510 0.0546242 0.9892478
1403636632.013556 0.2932274 -0.0844555 0.2309189 0.0024594 0.1205024 0.0364408 0.9920409
1403636634.463556 0.3850947 -0.1487538 0.4788985 0.0054631 0.0152014 0.0071581 0.9998439
1403636634.813555 0.4042752 -0.1627144 0.5257660 0.0102643 -0.0009023 -0.0061526 0.9999280
1403636635.013556 0.4132583 -0.1736349 0.5495266 0.0035698 -0.0129379 -0.0118655 0.9998395
1403636635.163556 0.4190611 -0.1817963 0.5676073 -0.0002237 -0.0184560 -0.0153949 0.9997111
1403636635.313555 0.4244877 -0.1873644 0.5862745 -0.0039530 -0.0239118 -0.0119342 0.9996350
1403636636.713556 0.4995467 -0.3113826 0.7621439 0.0333200 -0.0124013 -0.0304193 0.9989047
1403636636.963556 0.5094627 -0.3206305 0.7872220 0.0259773 -0.0125347 -0.0363010 0.9989246
1403636637.463556 0.5140278 -0.3261271 0.8313048 0.0003038 -0.0270938 -0.0164245 0.9994979
1403636637.663556 0.5146754 -0.3359456 0.8454008 -0.0030574 -0.0303570 -0.0141709 0.9994340
1403636638.263556 0.5138808 -0.3701266 0.8922815 0.0155642 -0.0338926 -0.0150720 0.9991906
1403636638.463556 0.5138314 -0.3702852 0.9091589 -0.0137465 -0.0404669 -0.0011020 0.9990857
1403636638.663556 0.5156289 -0.3708319 0.9296108 -0.0274647 -0.0406972 -0.0031528 0.9987890
1403636640.463556 0.5887238 -0.4328442 1.1561708 0.0181347 -0.0678947 -0.0307726 0.9970529
1403636641.063555 0.6102635 -0.4454741 1.2081959 0.0136288 -0.0753331 -0.0343652 0.9964729
1403636641.463556 0.6201676 -0.4478965 1.2389946 0.0142999 -0.0769216 -0.0204600 0.9967246
1403636641.863556 0.6317324 -0.4519156 1.2633201 0.0169403 -0.0714486 -0.0292810 0.9968705
1403636642.713556 0.6546516 -0.4677495 1.2922351 0.0048391 -0.0165013 -0.0066879 0.9998298
1403636644.163556 0.6990488 -0.5015116 1.3550524 -0.0280613 -0.0206473 -0.0105267 0.9993375
1403636645.513556 0.7830185 -0.4979886 1.5144005 -0.0233010 -0.0131977 -0.0064997 0.9996203
1403636645.713556 0.7967923 -0.5032836 1.5468621 -0.0169987 -0.0122999 -0.0081392 0.9997467
1403636646.213556 0.8291425 -0.5420690 1.6294807 0.0049172 0.0165516 0.0241904 0.9995583
1403636646.363556 0.8410787 -0.5560588 1.6556932 0.0156963 0.0521241 0.0464722 0.9974352
1403636646.863556 0.8897161 -0.5953330 1.7246413 0.0246838 0.1356224 0.0538883 0.9889860
1403636647.463556 0.9442151 -0.6353860 1.7800348 0.0156115 0.1329343 0.0575928 0.9893270
1403636647.663556 0.9620721 -0.6425430 1.7966050 0.0298738 0.1285929 0.0630740 0.9892386
1403636648.313555 1.0302719 -0.6487002 1.8293719 0.0192471 0.2239076 0.0902537 0.9702315
1403636648.563555 1.0581466 -0.6369916 1.8371605 0.0183914 0.2870446 0.1133444 0.9510101
1403636649.463556 1.1448021 -0.6558497 1.8340776 0.0056746 0.3256608 0.1168787 0.9382176
1403636649.663556 1.1627228 -0.6719890 1.8283566 0.0174011 0.3217126 0.1180387 0.9392896
1403636650.163556 1.2011950 -0.6936352 1.8094525 0.0242909 0.3572392 0.1247653 0.9253236
1403636650.613555 1.2267877 -0.6799506 1.7915492 0.0048910 0.4477268 0.1648095 0.8788371
1403636651.313555 1.2495025 -0.6694918 1.7532871 0.0077416 0.4768884 0.1689145 0.8625458
1403636652.713556 1.2449353 -0.6047524 1.6458609 -0.0262838 0.6292119 0.2542237 0.7340108
1403636652.963556 1.2496434 -0.5983890 1.6200449 -0.0243154 0.6358214 0.2520394 0.7291200
1403636654.063555 1.2835860 -0.5723884 1.5287499 0.0071613 0.6247785 0.2183131 0.7496265
1403636654.813555 1.2730324 -0.5592164 1.4718142 -0.0077425 0.6920906 0.2556496 0.6749769
1403636655.113555 1.2651639 -0.5511059 1.4528778 0.0027845 0.7078056 0.2468644 0.6618621
1403636655.213556 1.2621770 -0.5475369 1.4472338 0.0078671 0.7099618 0.2439371 0.6605960
1403636655.463556 1.2496321 -0.5378043 1.4348029 0.0162941 0.7216762 0.2471879 0.6463870
1403636656.013556 1.2087823 -0.5078686 1.4050140 0.0019639 0.7615463 0.2969313 0.5760860
1403636656.313555 1.1872306 -0.4921150 1.3813447 -0.0080319 0.7788870 0.3011433 0.5500757
1403636656.563555 1.1719066 -0.4903118 1.3555490 -0.0115669 0.7802085 0.3009508 0.5482423
1403636656.663556 1.1669250 -0.4898387 1.3447229 -0.0087608 0.7814596 0.2949278 0.5497833
1403636657.463556 1.1090950 -0.4592440 1.2747580 0.0107372 0.7754663 0.2905414 0.5604663
1403636657.613555 1.0937291 -0.4514516 1.2616591 0.0063244 0.7724401 0.2992001 0.5601568
1403636657.913555 1.0626303 -0.4309320 1.2340529 0.0121822 0.7728583 0.3099656 0.5535909
1403636658.363556 1.0183787 -0.4042283 1.1762396 -0.0141193 0.7821436 0.3004228 0.5457088
1403636658.513556 1.0054606 -0.3937069 1.1559607 -0.0224389 0.7839741 0.2971359 0.5446020
1403636658.663556 0.9938034 -0.3824677 1.1370866 -0.0306000 0.7865489 0.2907780 0.5439233
1403636658.763556 0.9872022 -0.3748147 1.1246967 -0.0323006 0.7884023 0.2858699 0.5437434
1403636659.013556 0.9746114 -0.3547658 1.0984650 -0.0195986 0.7926634 0.2755653 0.5434744
1403636659.313555 0.9594157 -0.3288678 1.0757971 -0.0087085 0.7933799 0.2733376 0.5438374
1403636659.413555 0.9533086 -0.3213698 1.0699247 -0.0140376 0.7912923 0.2787674 0.5440112
1403636659.613555 0.9420987 -0.3110505 1.0572550 -0.0187042 0.7902381 0.2822652 0.5435994
1403636659.713556 0.9372724 -0.3060501 1.0518132 -0.0176538 0.7921384 0.2791100 0.5424967
1403636660.113555 0.9173419 -0.2769182 1.0398389 -0.0275340 0.7905588 0.2924044 0.5373625
1403636660.313555 0.9101533 -0.2604118 1.0375510 -0.0354260 0.7877027 0.3012237 0.5362217
1403636660.563555 0.9078770 -0.2450113 1.0342964 -0.0444290 0.7839823 0.3105746 0.5356690
1403636661.313555 0.9322932 -0.1904583 1.0518463 -0.0137020 0.7981668 0.2699579 0.5383909
1403636661.463556 0.9356043 -0.1839517 1.0606304 -0.0125518 0.7977805 0.2705009 0.5387188
1403636662.613555 0.9278444 -0.2043847 1.1240469 -0.0217371 0.7904298 0.2916497 0.5382273
1403636662.763556 0.9250957 -0.2048651 1.1345588 -0.0004224 0.7873051 0.3029884 0.5369809
1403636663.663556 0.9219435 -0.1750663 1.1638176 -0.0552368 0.7836053 0.3136827 0.5333993
1403636663.813555 0.9311582 -0.1668311 1.1667994 -0.0654697 0.7872387 0.3000753 0.5347185
1403636663.963556 0.9449682 -0.1624186 1.1693765 -0.0684344 0.7924961 0.2793794 0.5377859
1403636664.313555 0.9890375 -0.1658560 1.1870749 -0.0331548 0.7940525 0.2631131 0.5469487
1403636664.463556 1.0087161 -0.1638225 1.2010199 -0.0237519 0.7912861 0.2627454 0.5516042
1403636664.913555 1.0617294 -0.1608045 1.2518915 -0.0127196 0.7792935 0.2675764 0.5665181
1403636665.313555 1.1035442 -0.1802837 1.2945654 -0.0053935 0.7681873 0.2864319 0.5725521
1403636665.513556 1.1242743 -0.1923731 1.3128297 -0.0153318 0.7709066 0.2796885 0.5720509
1403636666.363556 1.2052602 -0.2410443 1.4005598 0.0070955 0.7780485 0.2750522 0.5647445
1403636666.613555 1.2204714 -0.2500228 1.4259818 0.0014862 0.7725782 0.2838030 0.5679582
1403636668.363556 1.3301984 -0.2838188 1.5488275 -0.0246488 0.7699514 0.2908508 0.5674267
1403636669.063555 1.3945005 -0.2728185 1.6029048 -0.0219206 0.7858627 0.2644688 0.5585656
1403636669.263556 1.4133384 -0.2800082 1.6225380 -0.0108373 0.7859406 0.2672271 0.5574672
1403636669.863556 1.4526095 -0.2943231 1.6984704 0.0269465 0.7859305 0.2599594 0.5603644
1403636670.063555 1.4545170 -0.3059001 1.7244587 0.0460136 0.7717303 0.2948723 0.5615740
1403636670.313555 1.4472964 -0.3209350 1.7455382 0.0788421 0.7589696 0.3017317 0.5715830
1403636670.713556 1.4100536 -0.3314919 1.7481533 0.0880752 0.7145523 0.3063210 0.6227562
1403636672.413555 1.1439339 -0.2955471 1.3412365 -0.0914809 0.5705839 0.1944889 0.7926155
1403636673.363556 1.1406194 -0.2642602 1.2844824 -0.0620101 0.5101497 0.1958493 0.8351917
1403636673.763556 1.1598252 -0.2680280 1.2956810 -0.0316885 0.5072636 0.1718560 0.8438869
1403636676.263556 1.3427606 -0.2854795 1.5807421 -0.0078882 0.3352383 0.1119937 0.9354200
1403636676.563555 1.3609129 -0.2860690 1.6293714 -0.0182176 0.2735530 0.0725521 0.9589437
1403636676.863556 1.3737484 -0.3037686 1.6762410 -0.0037225 0.2260127 0.0884504 0.9700933
1403636679.263556 1.3969536 -0.3853044 1.9185597 0.0235809 -0.1532690 -0.0727296 0.9852223
1403636679.463556 1.3788928 -0.3832196 1.9312449 0.0289509 -0.2036496 -0.0728889 0.9758975
1403636680.463556 1.3729311 -0.4401616 1.9016074 0.0422831 -0.2397360 -0.1445360 0.9590871
1403636680.663556 1.3591629 -0.4384907 1.8839622 0.0360528 -0.2357837 -0.1393737 0.9610834
1403636681.163556 1.3109401 -0.4168925 1.8335145 -0.0185439 -0.2460331 -0.0968982 0.9642274
1403636681.413555 1.2845995 -0.4057349 1.8144631 0.0167872 -0.2456088 -0.1013885 0.9639060
1403636681.613555 1.2639959 -0.4017108 1.7977982 0.0221152 -0.2493827 -0.1001254 0.9629611
1403636682.763556 1.1433393 -0.3703218 1.6809036 0.0250128 -0.2530778 -0.0964042 0.9623057
1403636683.363556 1.0769485 -0.3468255 1.6101444 0.0267007 -0.2496143 -0.0967469 0.9631302
1403636684.113555 1.0160444 -0.3127331 1.5120281 0.0108155 -0.2650219 -0.0974272 0.9592468
1403636689.263556 0.7370436 -0.0310526 0.9786820 0.0022851 -0.2935456 -0.1111897 0.9494538
1403636689.613555 0.7153197 -0.0322122 0.9466358 -0.0038373 -0.3038666 -0.1124420 0.9460482
1403636689.863556 0.6981789 -0.0378514 0.9291616 -0.0226720 -0.3080615 -0.0973240 0.9461037
1403636690.113555 0.6832379 -0.0421551 0.9220217 -0.0189346 -0.3067270 -0.0910848 0.9472400
1403636690.413555 0.6664675 -0.0523958 0.9242338 -0.0135553 -0.2969337 -0.1085908 0.9486067
1403636690.863556 0.6420871 -0.0679765 0.9451523 -0.0075526 -0.3158662 -0.0532386 0.9472788
1403636691.013556 0.6396099 -0.0688831 0.9592702 0.0139948 -0.3219509 -0.0365416 0.9459474
1403636691.213556 0.6463190 -0.0735351 0.9787530 0.0452388 -0.3211712 -0.0434020 0.9449438
1403636693.313555 0.8885190 -0.2191729 1.0127578 0.0012252 -0.2967596 -0.1274520 0.9464080
1403636693.663556 0.9030510 -0.2294933 1.0132921 -0.0335306 -0.3006972 -0.1251341 0.9448801
1403636694.013556 0.9049735 -0.2398465 1.0281049 0.0097473 -0.3069953 -0.1130309 0.9449248
1403636695.063555 0.9060266 -0.2589689 1.0770606 0.0066012 -0.3094268 -0.0966797 0.9459727
1403636695.763556 0.9158395 -0.2752709 1.1078005 0.0194463 -0.2923380 -0.1141564 0.9492779
1403636696.463556 0.9169821 -0.2683426 1.1342969 0.0295633 -0.2893927 -0.1062008 0.9508413
1403636697.913555 0.8898950 -0.2721563 1.0914875 0.0114982 -0.2230700 -0.0974024 0.9698558
1403636700.413555 0.7735133 -0.1869307 1.0087436 0.0016530 0.2171084 0.1094353 0.9699923
1403636702.313555 0.8662724 -0.1218863 0.9778193 -0.0005477 0.3465708 0.1367939 0.9279956
1403636702.913555 0.9026187 -0.0760994 0.9909777 -0.0247912 0.3753168 0.1389787 0.9160827
1403636704.563555 1.0276812 -0.0488970 1.0314863 -0.0201874 0.3594532 0.1368908 0.9228471
1403636705.013556 1.0697359 -0.0467295 1.0520476 -0.0464540 0.3533483 0.1394455 0.9238734
1403636705.413555 1.1155864 -0.0483192 1.0914330 -0.0142195 0.3574594 0.1220982 0.9258038
1403636705.763556 1.1555251 -0.0539642 1.1337047 -0.0207342 0.3564166 0.1284702 0.9252203
1403636706.113555 1.1947932 -0.0649453 1.1810422 0.0137068 0.3463429 0.1507128 0.9258209
1403636706.913555 1.2863339 -0.0820182 1.2737676 -0.0220277 0.3544193 0.1232930 0.9266610
1403636707.313555 1.3267840 -0.1078199 1.3260524 -0.0168090 0.3667053 0.1223810 0.9220995
1403636707.863556 1.3792176 -0.1623970 1.4032408 -0.0142527 0.3612344 0.1454981 0.9209434
1403636709.163556 1.5208284 -0.1892732 1.6005348 0.0141119 0.3779171 0.1105853 0.9191031
1403636709.563555 1.5429455 -0.2065453 1.6428035 -0.0051156 0.3795044 0.1165629 0.9178035
1403636709.913555 1.5522707 -0.2148217 1.6882532 -0.0074268 0.3754254 0.1150819 0.9196504
1403636710.663556 1.5475329 -0.2347112 1.7947639 0.0139697 0.3197037 0.1368033 0.9374856
1403636711.363556 1.5342255 -0.2416953 1.8740348 0.0109295 0.2513954 0.0706741 0.9652389
1403636711.713556 1.5157775 -0.2569601 1.9011040 0.0375126 0.2582150 0.0649171 0.9631737
1403636712.063555 1.4841139 -0.2720807 1.9139289 0.0235420 0.2514254 0.1008361 0.9623218
1403636715.113555 1.1729203 -0.3302132 1.6886315 -0.0156101 0.0906563 0.0285017 0.9953519
1403636716.963556 1.1267000 -0.3044930 1.5677061 0.0130077 0.0350328 0.0142026 0.9992006
1403636717.763556 1.1079242 -0.2793120 1.4943982 0.0150751 -0.0339680 -0.0349600 0.9986975
1403636718.463556 1.0493749 -0.2479599 1.4302043 0.0109175 -0.1354645 -0.0505739 0.9894304
1403636721.163556 0.9220626 -0.1225326 1.2234058 0.0139110 -0.1266813 -0.0330978 0.9912935
1403636721.663556 0.9260545 -0.1127162 1.1967027 0.0143858 -0.0667432 -0.0180389 0.9975034
1403636722.463556 0.9348859 -0.0895838 1.1490935 0.0142434 -0.0558240 -0.0216674 0.9981039
1403636723.213556 0.9312521 -0.0717024 1.0995436 0.0132322 -0.0438966 -0.0152013 0.9988328
1403636725.913555 0.8864193 -0.0737166 0.9221312 0.0037143 0.0962691 0.0394011 0.9945683
1403636726.913555 0.8805690 -0.0739080 0.8882877 0.0181692 0.0810903 0.0377676 0.9958252
1403636727.763556 0.8805271 -0.1051194 0.8312699 0.0154210 0.0780228 0.0197367 0.9966369
1403636728.563555 0.8470660 -0.1241835 0.7734076 0.0169194 0.0715465 0.0415031 0.9964298
1403636729.363556 0.8083037 -0.1106102 0.7128218 0.0198135 0.0131587 -0.0025151 0.9997140
1403636730.163556 0.7619258 -0.0928547 0.6374654 0.0059172 0.0100248 0.0015164 0.9999311
1403636730.913555 0.7186045 -0.0771019 0.5837687 -0.0163838 0.0048443 0.0072352 0.9998279
1403636731.663556 0.6972904 -0.0766229 0.5630111 0.0115247 0.0045544 0.0208734 0.9997053
1403636733.363556 0.6769817 -0.0282419 0.4859588 0.0185564 0.0054678 -0.0092479 0.9997701
1403636737.163556 0.4740485 -0.0266760 0.2297966 0.0171129 -0.0536078 -0.0234974 0.9981389
1403636737.613555 0.4445235 -0.0158138 0.2121947 0.0030816 -0.0655958 -0.0203587 0.9976338
1403636738.563555 0.4130218 -0.0507559 0.1802825 -0.0014030 -0.0510268 -0.0080483 0.9986638
1403636739.113555 0.4161663 -0.0452080 0.1906189 0.0093212 0.0625783 0.0562200 0.9964117
1403636740.313555 0.4667506 -0.0037163 0.2122571 0.0061955 0.2236311 0.0733310 0.9718916
1403636740.863556 0.4827295 0.0263506 0.2210781 0.0074913 0.2074741 0.0832949 0.9746591
1403636741.363556 0.4943597 0.0649506 0.2279911 0.0130277 0.2271687 0.0851549 0.9700378
1403636741.963556 0.5037813 0.1026517 0.2322070 -0.0031590 0.2347913 0.0797747 0.9687616
1403636742.463556 0.5109600 0.1212474 0.2443534 -0.0021732 0.2180900 0.0847172 0.9722423
1403636743.113555 0.5230335 0.1375958 0.2639011 -0.0024572 0.2190299 0.0903799 0.9715201
1403636744.263556 0.5779452 0.1849056 0.3503819 0.0144822 0.2689494 0.1010554 0.9577287
1403636745.463556 0.6343205 0.2979333 0.4352832 0.0123718 0.2561179 0.0941772 0.9619673
1403636746.013556 0.6550121 0.2968528 0.4469341 0.0130383 0.2866975 0.0885440 0.9538315
1403636746.663556 0.6416909 0.2717294 0.4478153 -0.0018698 0.2880346 0.1069273 0.9516298
1403636747.413555 0.6231978 0.2492033 0.4643348 0.0040462 0.2831458 0.0971174 0.9541385
1403636748.213556 0.6084464 0.1922435 0.4854139 0.0116366 0.2878155 0.1387733 0.9475066
1403636749.563555 0.6236645 0.1246229 0.5050074 0.0095870 0.3156494 0.1078801 0.9426746
1403636750.263556 0.6268376 0.1047243 0.4973118 0.0229868 0.3004578 0.1030755 0.9479305
1403636751.913555 0.5732682 -0.0182762 0.4189795 -0.0111054 0.2605302 0.1194728 0.9579806
1403636752.663556 0.5778447 -0.0681098 0.4029708 0.0095118 0.1901178 0.0689293 0.9792923
1403636755.463556 0.4367066 -0.0738509 0.3119830 0.0003542 -0.0767055 -0.0415218 0.9961888
1403636757.163556 0.2486835 -0.0508366 0.1767546 0.0219870 -0.0826234 -0.0340573 0.9957560
1403636757.663556 0.1939673 -0.0302456 0.1252022 -0.0008534 -0.0916540 -0.0499347 0.9945378
1403636758.113555 0.1383159 -0.0359402 0.0812303 0.0056207 -0.1177219 -0.0472680 0.9919051
1403636758.563555 0.0831800 -0.0321487 0.0502072 -0.0215929 -0.1285673 -0.0259603 0.9911258
1403636759.013556 0.0405838 -0.0218635 0.0408887 0.0136634 -0.1222625 -0.0337579 0.9918294
1403636759.713556 0.0134600 0.0089211 0.0401066 0.0211856 -0.1242750 -0.0403829 0.9911993
1403636760.113555 0.0125460 0.0182302 0.0316695 -0.0025528 -0.1238406 -0.0427932 0.9913757
1403636761.163556 0.0071017 0.0524876 0.0197721 -0.0103020 -0.1234487 -0.0527230 0.9908958
1403636761.513556 -0.0030320 0.0571712 0.0203302 0.0021776 -0.1239794 -0.0510449 0.9909686
1403636761.863556 -0.0142628 0.0536188 0.0219666 0.0140522 -0.1314084 -0.0231248 0.9909589
1403636762.663556 -0.0338339 0.0539585 0.0254375 0.0005714 -0.1348158 -0.0023381 0.9908678
1403636763.313555 -0.0297547 0.0655555 0.0297561 0.0260131 -0.0878333 0.0094252 0.9957508
1403636763.763556 -0.0296425 0.0654104 0.0296877 0.0252208 -0.0876811 0.0089259 0.9957893
