1413393886.005760 -0.0000206 0.0003858 -0.0000459 0.0000677 -0.0000060 0.0000050 1.0000000
1413393889.305761 0.0000279 -0.0006772 -0.0004595 0.0015780 -0.0004155 0.0006272 0.9999985
1413393889.355760 0.0001817 -0.0005536 -0.0004458 -0.0000955 -0.0002477 0.0005399 0.9999998
1413393889.655760 0.0029750 -0.0021634 -0.0045574 -0.0250246 0.0038216 -0.0006971 0.9996793
1413393889.705760 0.0042599 -0.0049968 -0.0059694 -0.0291201 0.0061782 -0.0050955 0.9995438
1413393889.755760 0.0056667 -0.0100247 -0.0077956 -0.0347310 0.0085029 -0.0092289 0.9993179
1413393892.905761 -0.6309726 0.0954000 -1.1692226 -0.1061134 0.0269627 -0.0129876 0.9939035
1413393893.105761 -0.6952823 0.1354213 -1.2589451 -0.1305494 0.0244206 -0.0154345 0.9910208
1413393893.355760 -0.7846733 0.1237264 -1.2710848 -0.1053781 0.0199236 -0.0061274 0.9942138
1413393893.455760 -0.8239545 0.1046874 -1.2496917 -0.0975380 0.0179011 0.0055471 0.9950553
1413393893.605761 -0.8762985 0.0661518 -1.1934838 -0.0917444 0.0125552 0.0188668 0.9955246
1413393893.755760 -0.9199089 0.0189317 -1.1107203 -0.0875440 0.0079924 0.0314416 0.9956323
1413393893.905761 -0.9493683 -0.0411918 -1.0042760 -0.0646769 0.0084987 0.0310194 0.9973878
1413393894.055760 -0.9654823 -0.1061609 -0.8831975 -0.0378139 0.0095497 0.0266554 0.9988836
1413393894.355760 -0.9681165 -0.2385716 -0.6206149 -0.0289443 0.0071571 0.0313145 0.9990647
1413393894.555760 -0.9483275 -0.2895835 -0.4251708 -0.0243994 0.0097908 0.0221938 0.9994079
1413393894.755760 -0.9159357 -0.3161897 -0.2194943 -0.0175031 0.0121445 0.0129459 0.9996892
1413393894.905761 -0.8860438 -0.3435866 -0.0652291 -0.0122522 0.0104031 0.0114300 0.9998055
1413393895.105761 -0.8419471 -0.3884849 0.1310957 0.0067090 0.0091558 0.0064084 0.9999151
1413393895.305761 -0.7944437 -0.4350244 0.3138052 0.0014223 0.0077475 0.0035663 0.9999626
1413393895.505760 -0.7467026 -0.4630589 0.4909492 0.0101514 0.0107428 0.0024898 0.9998876
1413393895.705760 -0.6936833 -0.4808858 0.6558813 0.0125794 0.0335634 0.0080252 0.9993252
1413393895.855760 -0.6541417 -0.4999336 0.7680680 0.0188989 0.0663690 0.0161228 0.9974859
1413393896.055760 -0.5961731 -0.5273226 0.8984446 0.0145567 0.1348617 0.0326681 0.9902188
1413393896.255760 -0.5442833 -0.5494707 1.0040026 0.0243222 0.2199569 0.0502682 0.9739099
1413393899.505760 0.1728614 -1.1193880 1.7516863 0.1192688 0.6667294 0.0922716 0.7298855
1413393899.605761 0.1716705 -1.1665497 1.7609122 0.1642154 0.6595967 0.0829415 0.7287565
1413393899.755760 0.1051445 -1.2093705 1.7461212 0.1537908 0.6328732 0.1401132 0.7457802
1413393900.105761 -0.1693044 -1.1994928 1.6745462 -0.0424140 0.5670812 0.3487608 0.7449737
1413393900.305761 -0.2369281 -1.1514080 1.5858688 -0.1110681 0.5876567 0.3244031 0.7328616
1413393900.905761 -0.1587923 -0.9660159 1.3620330 0.0961385 0.6606691 0.1181496 0.7350608
1413393901.155760 -0.2706963 -0.8631369 1.2941494 0.0145505 0.6251701 0.2342540 0.7443626
1413393901.305761 -0.3332814 -0.8210309 1.2255795 -0.0702286 0.6139011 0.2638478 0.7406603
1413393901.505760 -0.3759522 -0.7745715 1.1483481 -0.1186637 0.6101772 0.2745513 0.7336378
1413393901.705760 -0.3310150 -0.7517179 1.0956837 -0.1201742 0.6251160 0.2322197 0.7354333
1413393902.455760 0.0833255 -0.8142880 1.1543136 -0.0401845 0.6485569 0.1813023 0.7381657
1413393902.855760 0.3005030 -0.9046293 1.3331048 -0.0326805 0.6455014 0.2009262 0.7361308
1413393903.955760 1.0528409 -1.1632124 1.7235887 0.0566839 0.7431713 0.2741109 0.6077389
1413393904.105761 1.1275377 -1.1645620 1.7327726 0.0576877 0.7494467 0.2810941 0.5966471
1413393904.255760 1.1934109 -1.1504399 1.7283368 0.0372089 0.7547762 0.2783521 0.5928309
1413393904.855760 1.3869497 -1.1742061 1.5178108 -0.0634002 0.8017268 0.2913837 0.5179867
1413393905.155760 1.5358344 -1.1451064 1.4103097 -0.0426482 0.8589376 0.2610130 0.4384969
1413393905.455760 1.7007227 -1.0755885 1.3586464 -0.0057111 0.8948517 0.2740649 0.3522730
1413393905.755760 1.8522118 -1.0265799 1.3213694 0.0337426 0.9150574 0.3066263 0.2598301
1413393907.255760 1.9940599 -0.5833626 0.9392911 -0.0184846 0.9572805 0.2868006 0.0319044
1413393907.555760 1.9869847 -0.5205399 0.9434834 -0.0360125 0.9531019 0.2991700 0.0282363
1413393908.955760 2.1104558 -0.3552822 1.2253087 0.0361855 0.9574286 0.2860905 0.0131630
1413393909.555760 2.0384507 -0.4800713 1.4327555 -0.0280879 0.9527504 0.3023951 -0.0059122
1413393909.905761 2.0478501 -0.4447522 1.6006067 -0.0285047 0.9302964 0.3649745 -0.0230144
1413393910.055760 2.0653057 -0.4028114 1.6508514 -0.0283528 0.9238093 0.3805356 -0.0310651
1413393910.205760 2.0918250 -0.3697120 1.6687241 -0.0215717 0.9192070 0.3913099 -0.0383370
1413393910.355760 2.1241601 -0.3535317 1.6443955 -0.0140180 0.9135520 0.4041100 -0.0438318
1413393910.555760 2.1689937 -0.3431721 1.5475161 0.0181714 0.9053334 0.4219012 -0.0451735
1413393910.705760 2.1912539 -0.3130559 1.4363081 0.0251112 0.9125495 0.4065032 -0.0371210
1413393911.155760 2.2027957 -0.0943426 1.0082281 0.0082432 0.9455726 0.3250243 0.0135572
1413393911.305761 2.1978419 -0.0033474 0.8591329 0.0031241 0.9491934 0.3135852 0.0262019
1413393911.455760 2.1882038 0.0796957 0.7133376 -0.0065939 0.9584547 0.2836671 0.0292247
1413393911.755760 2.1810753 0.1760952 0.4580120 -0.0190830 0.9635422 0.2661736 0.0193372
1413393911.905761 2.1880660 0.1818627 0.3528689 -0.0114224 0.9527972 0.3031149 0.0129774
1413393912.055760 2.1983809 0.1571340 0.2456808 0.0245902 0.9324133 0.3604864 0.0070854
1413393912.205760 2.2012932 0.1242346 0.1189081 0.0382929 0.9170211 0.3969962 -0.0001290
1413393912.355760 2.1910908 0.0961123 -0.0349003 0.0389341 0.9137241 0.4044149 -0.0064135
1413393912.505760 2.1686530 0.0707740 -0.2246148 0.0342024 0.9291907 0.3678594 -0.0106903
1413393912.655760 2.1347606 0.0649518 -0.4209677 0.0296576 0.9422529 0.3334308 -0.0101856
1413393912.805761 2.0912206 0.0814219 -0.6161169 0.0166524 0.9515147 0.3070351 -0.0084773
1413393912.955760 2.0439646 0.1144919 -0.7962694 0.0071320 0.9546918 0.2966635 -0.0224379
1413393913.155760 1.9721212 0.1776198 -1.0203466 0.0305837 0.9551334 0.2867568 -0.0674934
1413393913.305761 1.9114648 0.2316353 -1.1711748 0.0521898 0.9525877 0.2764666 -0.1158414
1413393913.605761 1.7293543 0.3392081 -1.3996222 0.0706498 0.9358742 0.2551266 -0.2325048
1413393913.755760 1.6125124 0.3686837 -1.4831082 0.0562571 0.9251931 0.2312227 -0.2956161
1413393913.905761 1.4886119 0.3760669 -1.5389409 0.0487189 0.9080979 0.2168411 -0.3549148
1413393914.055760 1.3589952 0.3672315 -1.5578432 0.0255839 0.8873827 0.2073341 -0.4109865
1413393914.455760 1.0646212 0.2841429 -1.5021770 0.0048136 -0.7927867 -0.2521602 0.5548705
1413393914.555760 1.0035560 0.2542182 -1.4855953 -0.0054276 -0.7729068 -0.2476627 0.5841650
1413393914.855760 0.8335454 0.1626399 -1.4178209 -0.0378332 -0.7187197 -0.2182973 0.6590576
1413393914.955760 0.7759586 0.1345206 -1.3901889 -0.0365881 -0.6987712 -0.2260945 0.6776883
1413393915.055760 0.7185117 0.1016132 -1.3549211 -0.0340875 -0.6820427 -0.2410757 0.6895928
1413393915.655760 0.2989618 -0.0294044 -1.1821828 0.0253306 -0.6975600 -0.2591448 0.6675420
1413393915.755760 0.2265709 -0.0438603 -1.1706475 0.0285611 -0.7047184 -0.2586386 0.6600472
1413393916.855760 -0.3573217 -0.1225911 -1.3946302 -0.0102065 -0.5748253 -0.2116528 0.7903637
1413393917.105761 -0.4651671 -0.1480000 -1.4776149 -0.0166946 -0.4935594 -0.1418582 0.8579025
1413393917.205760 -0.5037059 -0.1592909 -1.5059323 -0.0170556 -0.4572672 -0.1171931 0.8814089
1413393917.505760 -0.5841828 -0.1944641 -1.5580869 -0.0457461 -0.3338452 -0.0742766 0.9385828
1413393917.655760 -0.6054828 -0.1962316 -1.5528221 -0.0554111 -0.2592659 -0.0595982 0.9623715
1413393917.755760 -0.6156771 -0.1939189 -1.5405626 -0.0491328 -0.2055095 -0.0540913 0.9759231
1413393918.455760 -0.5733419 -0.2335530 -1.3796525 -0.0318262 0.1112449 0.0873632 0.9894338
1413393918.555760 -0.5384205 -0.2482585 -1.3557661 -0.0333325 0.1575595 0.1061323 0.9812236
1413393918.655760 -0.4925849 -0.2634625 -1.3285085 -0.0262765 0.2076593 0.1200973 0.9704452
1413393918.855760 -0.3710791 -0.2972515 -1.2802570 0.0030250 0.3129509 0.1689134 0.9346234
1413393919.005760 -0.2564449 -0.3169126 -1.2581598 0.0337689 0.4062202 0.1823445 0.8947600
1413393919.055760 -0.2169911 -0.3214063 -1.2545412 0.0406151 0.4383446 0.1837265 0.8788908
1413393919.155760 -0.1360578 -0.3328938 -1.2629659 0.0485691 0.4961550 0.1900566 0.8457835
1413393919.255760 -0.0625323 -0.3367362 -1.2756040 0.0627467 0.5494091 0.1962270 0.8097576
1413393919.855760 0.1882391 -0.1920381 -1.5208355 0.0892693 0.7222511 0.2074958 0.6537046
1413393919.955760 0.1904343 -0.1359878 -1.5821295 0.0691093 0.7349321 0.1874647 0.6480399
1413393920.355760 0.0856434 0.1402120 -1.7959509 0.0252508 0.7308587 0.1897203 0.6551444
1413393921.355760 -0.3739050 0.6664353 -2.1294982 -0.0765293 0.6952270 0.2489505 0.6699449
1413393921.555760 -0.3854529 0.7225760 -2.1538002 -0.0469521 0.7020321 0.2327610 0.6713930
1413393921.755760 -0.3742608 0.7791475 -2.1636758 -0.0267880 0.7094563 0.2169558 0.6699883
1413393922.255760 -0.3606625 0.9864727 -2.0986164 -0.0389060 0.7118587 0.2302971 0.6623495
1413393922.405761 -0.3560393 1.0435541 -2.0645576 -0.0653868 0.7022828 0.2638650 0.6579503
1413393922.555760 -0.3251522 1.0893497 -2.0334685 -0.0460082 0.6981092 0.2831559 0.6560103
1413393922.705760 -0.2707249 1.1269455 -2.0109601 -0.0093500 0.6999194 0.2828684 0.6557522
1413393922.855760 -0.2045710 1.1686692 -1.9995739 -0.0093563 0.7000808 0.2803847 0.6566459
1413393923.005760 -0.1259996 1.2028025 -2.0071814 -0.0430036 0.7012076 0.2748637 0.6564363
1413393923.155760 -0.0275020 1.2134218 -2.0267136 -0.0691222 0.7040012 0.2680972 0.6540095
1413393923.305761 0.0995972 1.2066209 -2.0487692 -0.0652767 0.7063046 0.2656129 0.6529338
1413393923.455760 0.2461935 1.1924980 -2.0682096 -0.0178983 0.6954134 0.2781505 0.6623535
1413393923.755760 0.5513139 1.1689639 -2.1342309 0.0009333 0.6305410 0.2358846 0.7394427
1413393923.905761 0.7088070 1.1687346 -2.1864607 -0.0244733 0.5789748 0.2051548 0.7887336
1413393924.055760 0.8639597 1.1641331 -2.2414608 -0.0396954 0.5251167 0.1868124 0.8293237
1413393924.205760 1.0244526 1.1629585 -2.2909832 -0.0606423 0.4841242 0.1455925 0.8606678
1413393924.505760 1.3427633 1.1379170 -2.3337660 -0.0924201 0.4412051 0.0282720 0.8921868
1413393924.655760 1.4698277 1.0927349 -2.3021891 -0.0869466 0.4375078 -0.0122723 0.8949171
1413393924.805761 1.5555557 1.0149347 -2.2301130 -0.0689221 0.4423637 -0.0386295 0.8933487
1413393924.955760 1.5817293 0.8896261 -2.1192691 -0.0554222 0.4373948 0.0164048 0.8974102
1413393925.405761 1.5312297 0.3885967 -1.7005326 -0.0434228 0.3328100 0.1546255 0.9292163
1413393925.755760 1.5767492 0.0250436 -1.3546429 -0.0288231 0.3040809 0.1214371 0.9444348
1413393925.905761 1.6161122 -0.0643873 -1.1900004 -0.0182829 0.3026597 0.1106437 0.9464781
1413393926.455760 1.7588617 -0.2457698 -0.6198718 0.0159227 0.2998905 0.1131065 0.9471109
1413393926.655760 1.8092433 -0.2846590 -0.4576761 0.0272107 0.2831734 0.0926683 0.9541934
1413393927.055760 1.8807592 -0.3714669 -0.2175983 -0.0114334 0.1997768 0.0721118 0.9771174
1413393927.405761 1.9751782 -0.5361300 -0.0686694 -0.0514892 0.1484846 0.0870999 0.9837250
1413393927.505760 2.0165694 -0.5893259 -0.0210775 -0.0515154 0.1466419 0.0540036 0.9863701
1413393927.605761 2.0680215 -0.6430978 0.0317387 -0.0472294 0.1431663 0.0186681 0.9883948
1413393927.905761 2.1700623 -0.8219393 0.2126256 -0.0042004 0.1242197 -0.0647895 0.9901283
1413393928.005760 2.1712222 -0.8913257 0.2713072 0.0037341 0.1216122 -0.0708213 0.9900408
1413393928.255760 2.1237583 -1.0263044 0.4248320 0.0095203 0.1208003 -0.0715436 0.9900496
1413393928.505760 2.0002275 -1.1232570 0.5709973 0.0179312 0.0985277 0.0073641 0.9949455
1413393929.005760 1.7240807 -1.2230688 0.7766908 0.0406775 0.1320864 -0.0054540 0.9903882
1413393929.105761 1.6633350 -1.2382537 0.7904677 0.0357212 0.1546529 -0.0074535 0.9872947
1413393929.205760 1.6005912 -1.2540454 0.7984895 0.0297728 0.1797018 -0.0035587 0.9832640
1413393929.905761 1.0009040 -1.3783083 0.7920020 0.0010140 0.4087756 0.1376922 0.9021875
1413393930.205760 0.7757378 -1.4159249 0.7452171 0.0193548 0.4718065 0.2029903 0.8577989
1413393930.355760 0.6752756 -1.4207544 0.7241780 0.0088488 0.4953160 0.1934491 0.8468537
1413393935.255760 -0.3298975 0.4553841 -1.2198751 -0.0685394 0.3430892 0.1275621 0.9280733
1413393935.455760 -0.2900977 0.5216181 -1.3068975 -0.0716449 0.2680295 0.0864812 0.9568428
1413393935.955760 -0.1965603 0.5128986 -1.3831420 -0.0632800 0.1417650 -0.0486338 0.9866778
1413393936.155760 -0.2308484 0.4706274 -1.3508297 -0.0425703 0.0539660 -0.0089737 0.9975945
1413393936.455760 -0.2994441 0.3948376 -1.2698430 -0.0364792 -0.0972814 0.0064262 0.9945674
1413393939.555760 0.2042555 0.2401076 -1.8642967 -0.0982496 -0.6447544 -0.2783927 0.7050790
1413393939.955760 0.1616581 0.3410628 -1.9708604 -0.0291182 -0.6543404 -0.2328396 0.7188717
1413393940.555760 0.1819312 0.4023495 -2.0372295 -0.0556585 -0.6515621 -0.2244797 0.7224804
1413393940.755760 0.2514380 0.3995169 -2.0320761 -0.1534058 -0.6240916 -0.2552388 0.7223777
1413393940.955760 0.2267877 0.3421654 -1.9870067 -0.0924078 -0.6345397 -0.2203083 0.7350405
1413393941.905761 0.1946759 0.0457350 -1.5239731 -0.0901644 -0.6192367 -0.2867605 0.7253859
1413393942.555760 0.0273485 -0.1278738 -1.1888664 0.0464766 -0.6390939 -0.1858882 0.7448789
1413393943.355760 -0.0473867 -0.1734155 -0.8974832 0.0683400 -0.6533130 -0.1645507 0.7358225
1413393943.705760 -0.0472405 -0.1715950 -0.8209272 0.0104097 -0.6326495 -0.2232664 0.7414839
1413393944.355760 -0.1284632 -0.2440491 -0.7591369 0.0295085 -0.5779995 -0.1199445 0.8066345
1413393944.905761 -0.0860230 -0.3227876 -0.7051806 -0.0691358 -0.4860846 -0.2238520 0.8419217
1413393945.205760 -0.1389489 -0.4080476 -0.6690792 0.0086577 -0.4777652 -0.1695137 0.8619342
1413393945.555760 -0.1703697 -0.4096887 -0.6167955 0.0542972 -0.4202339 -0.1065725 0.8994985
1413393946.105761 -0.1252060 -0.3378530 -0.6071221 -0.0014446 -0.2682813 -0.1142344 0.9565425
1413393946.605761 -0.1134225 -0.2976831 -0.6663625 -0.0190274 -0.1288671 -0.0328016 0.9909366
1413393948.805761 -0.1168666 0.0733274 -0.8780671 -0.0398778 0.4896920 0.1591178 0.8563253
1413393949.705760 -0.3067284 0.0147634 -0.9537046 0.0516540 0.6348485 0.2255439 0.7371765
1413393950.105761 -0.4908129 0.0247817 -1.1285572 0.0349891 0.6379340 0.3031614 0.7070425
1413393950.505760 -0.5660459 0.0898949 -1.4656138 -0.0647165 0.6609735 0.2587443 0.7014109
1413393951.005760 -0.4786270 0.2675143 -1.8167912 -0.0310441 0.6892600 0.2018982 0.6951216
1413393951.455760 -0.3785115 0.4238017 -2.0193334 -0.0291407 0.6912274 0.2209857 0.6874014
1413393951.805761 -0.2706493 0.5327892 -2.1170077 -0.0393702 0.6997133 0.2206270 0.6783620
1413393952.805761 0.1248591 0.5935384 -2.1882880 -0.0215769 0.6610237 0.1989707 0.7231824
1413393953.205760 0.2765252 0.5545873 -2.1675501 0.0023607 0.6207360 0.2247528 0.7511108
1413393954.005760 0.5562487 0.5836081 -2.2790740 0.0008406 0.6303317 0.1693794 0.7576225
1413393954.405761 0.6080384 0.5999262 -2.3197708 -0.0639955 0.5529815 0.2048334 0.8050834
1413393954.755760 0.7335647 0.5671394 -2.3038473 -0.0800897 0.4764956 0.1811925 0.8565670
1413393955.155760 1.0045704 0.4884370 -2.2012329 -0.0514551 0.4514212 0.1434564 0.8791994
1413393955.755760 1.4511777 0.3622394 -1.9440447 0.0046957 0.3369946 0.0461551 0.9403628
1413393956.255760 1.6475378 0.3182981 -1.6904141 -0.0245733 0.2312491 0.0691226 0.9701248
1413393956.755760 1.7460876 0.2328531 -1.4411699 -0.0099735 0.0671938 0.0132123 0.9976026
1413393957.255760 1.8044826 0.1483885 -1.2215203 -0.0262412 -0.1196441 -0.0386528 0.9917170
1413393957.605761 1.8606393 0.0954576 -1.0480292 -0.0086212 -0.2541848 -0.0865286 0.9632386
1413393957.905761 1.9115241 0.1149666 -0.8878751 0.0283374 -0.3555636 -0.1328294 0.9247313
1413393958.405761 1.9678900 0.0828553 -0.7697910 -0.0092920 -0.4246676 -0.1624768 0.8906023
1413393959.455760 1.8429112 0.1903093 -0.5006166 0.0007549 -0.4125948 -0.1315587 0.9013641
1413393959.655760 1.8347404 0.2113102 -0.4485517 0.0341604 -0.4123946 -0.1253207 0.9016976
1413393960.155760 1.8932692 0.2559266 -0.4222190 -0.0231785 -0.3986765 -0.1568050 0.9032896
1413393960.755760 1.8675809 0.3295783 -0.4065705 -0.0075446 -0.4665535 -0.1733873 0.8672991
1413393960.955760 1.8355461 0.4273919 -0.3816941 -0.0336653 -0.5088562 -0.1973808 0.8372412
1413393961.055760 1.8114069 0.4644878 -0.3699058 -0.0453232 -0.5208589 -0.2021885 0.8281133
1413393961.205760 1.7629244 0.4919331 -0.3524424 -0.0234185 -0.5343615 -0.1916525 0.8229086
1413393961.405761 1.6949401 0.4772311 -0.3428302 0.0452925 -0.5604809 -0.1084029 0.8197918
1413393962.155760 1.8169177 0.0938337 -0.4850163 -0.0189886 -0.5277621 -0.2026545 0.8246440
1413393962.405761 1.8446151 -0.1389809 -0.5870451 -0.0448345 -0.5226706 -0.2203698 0.8223396
1413393962.605761 1.8342855 -0.2751791 -0.6433069 -0.0791571 -0.4964378 -0.2428546 0.8296416
1413393962.855760 1.7481066 -0.3918082 -0.6717920 -0.0321239 -0.4329233 -0.2338752 0.8699700
1413393963.155760 1.5615617 -0.4761259 -0.7111405 0.0294201 -0.3207104 -0.1874315 0.9279810
1413393963.655760 1.1680799 -0.4106161 -0.8556898 0.0313123 -0.1531437 -0.0728069 0.9850206
1413393964.155760 0.7579937 -0.1283230 -1.0742486 0.0156650 0.0001222 -0.0349377 0.9992667
1413393965.205760 0.0532839 0.4585511 -1.7011038 -0.0696732 0.2126896 0.1996414 0.9539665
1413393965.605761 0.2022762 0.5439256 -1.8892429 -0.1317970 0.2945851 0.0608020 0.9445382
1413393968.805761 -0.4750046 -0.0560664 -0.7909755 -0.0543922 0.5117850 0.1576334 0.8427747
1413393969.305761 -0.4818522 -0.0071014 -0.5879607 0.0128832 0.6125236 0.1831518 0.7688331
1413393969.755760 -0.5413439 0.0286956 -0.4749489 0.0369255 0.6782401 0.2725031 0.6814463
1413393970.205760 -0.6011757 -0.0384788 -0.5925800 -0.0326133 0.7165353 0.2414877 0.6536033
1413393971.755760 -0.7068134 -0.2289061 -0.2821017 0.0776046 0.6934247 0.2532149 0.6700910
1413393972.305761 -1.0706784 -0.2726071 -0.1916337 0.0159882 0.7012328 0.2903652 0.6509263
1413393972.805761 -1.3288465 -0.1944528 -0.2455074 -0.0586008 0.7205470 0.2373961 0.6488614
1413393973.705760 -1.5532926 -0.1916320 0.0001872 0.0445113 0.7387540 0.1564377 0.6540554
1413393974.305761 -1.9432024 -0.2352983 0.1294618 -0.0991615 0.6394376 0.3891923 0.6556035
1413393974.455760 -1.9380288 -0.2439039 0.0519069 -0.1666941 0.6472268 0.3504494 0.6561218
1413393974.805761 -1.6387042 -0.3302951 -0.0537445 -0.1371823 0.6956689 0.1856289 0.6802704
1413393975.355760 -1.0206902 -0.4191939 0.1053226 0.0110449 0.7030706 0.1934252 0.6842195
1413393976.005760 -0.6033707 -0.5342861 0.4182220 0.0428234 0.7050451 0.2085837 0.6764395
1413393979.955760 -0.3412817 -0.7292399 0.6561162 0.0302677 0.9226133 0.3207000 0.2121793
1413393980.505760 -0.5960582 -0.5957806 0.3733070 -0.0399299 0.9311212 0.3506085 0.0921553
1413393982.155760 -0.6538766 -0.2290774 -1.0608810 -0.0425168 0.9352500 0.3082214 0.1688172
1413393982.605761 -0.4924993 -0.0934409 -1.4575185 -0.0430799 0.8815017 0.2910664 0.3692957
1413393983.305761 -0.0979862 0.0432341 -1.8601576 -0.0836188 0.6641985 0.1655811 0.7241762
1413393985.305761 -0.3216622 -0.4262733 -0.6383466 -0.0044856 0.2158949 0.0728543 0.9736845
1413393985.855760 -0.5983484 -0.4410727 -0.1872142 -0.0325863 0.4004518 0.1583445 0.9019443
1413393986.455760 -0.7097811 -0.5310688 0.2023848 0.0070885 0.5552384 0.2752985 0.7847744
1413393987.205760 -0.5524077 -0.6269965 0.3852201 -0.0194570 0.7289326 0.2162492 0.6492418
1413393988.055760 -0.3973675 -0.7550436 0.7534202 -0.0113088 0.7516852 0.2410743 0.6137789
1413393989.905761 0.0927006 -1.0436748 1.6264411 -0.0004066 0.8374735 0.2432649 0.4893467
1413393990.405761 0.1851401 -1.0177677 1.7838876 0.0424479 0.8958448 0.2961225 0.3285905
1413393990.855760 0.1180794 -0.9561512 1.8462005 -0.0264864 0.8879380 0.4201745 0.1852508
1413393991.155760 0.1180966 -0.9210678 1.7182690 -0.0709665 0.9331017 0.3061559 0.1747956
1413393991.455760 0.2007855 -0.9121292 1.6041801 0.0069130 0.9622202 0.1948492 0.1900481
1413393993.055760 0.0436686 -1.0374508 1.5377761 -0.0299493 0.9426082 0.2732929 0.1894833
1413393993.455760 0.0031344 -1.0713444 1.5927204 -0.0443398 0.8905323 0.4138440 0.1836283
1413393993.805761 0.0580330 -1.0998344 1.4768822 -0.0243487 0.9529590 0.2363131 0.1882349
1413393994.255760 0.1304727 -1.0979668 1.5516348 0.0393319 0.9623218 0.1902601 0.1902390
1413393994.705760 0.0495968 -1.2087396 1.8942971 -0.0072581 0.8698803 0.4587545 0.1811077
1413393997.355760 -0.5688512 -0.5557092 1.5643995 -0.0277282 0.7587245 0.2437908 0.6034355
1413393998.005760 -0.6546580 -0.3843917 1.5642810 -0.0264203 0.7573881 0.2375855 0.6076335
1413393998.455760 -0.6767460 -0.3552834 1.6176990 -0.0269557 0.7639665 0.2495494 0.5944356
1413393998.905761 -0.6593678 -0.3702436 1.6833452 0.0166179 0.7604290 0.2705325 0.5901557
1413393999.305761 -0.6489046 -0.3315541 1.7105505 -0.0264515 0.7664244 0.2528747 0.5898715
1413393999.605761 -0.6214465 -0.3095439 1.7369320 0.0042359 0.7593390 0.2782187 0.5882013
1413393999.905761 -0.5845560 -0.2646657 1.7350572 0.0185476 0.7581625 0.2796427 0.5887662
1413394000.105761 -0.5760031 -0.2301988 1.7287195 0.0020192 0.7685511 0.2515323 0.5882658
1413394000.355760 -0.5766926 -0.2299412 1.7297091 0.0109942 0.7792506 0.2463772 0.5761474
1413394001.155760 -0.5780524 -0.2296430 1.7279916 0.0024251 0.7806506 0.2402879 0.5769234
1413394003.305761 -0.5778327 -0.2291065 1.7281597 0.0029094 0.7805920 0.2404628 0.5769276
