1403715278.862143 0.0000000 0.0000000 0.0000000 0.0000000 0.0000000 0.0000000 1.0000000
1403715279.162143 -0.0049439 -0.0334971 0.0091873 0.0013018 0.0010031 -0.0029037 0.9999944
1403715279.212143 -0.0054386 -0.0331710 0.0120011 0.0002203 0.0012513 -0.0036160 0.9999927
1403715285.812143 0.0535317 -0.2275445 0.5087470 -0.0023994 0.7053041 0.2719536 0.6546614
1403715286.012143 0.0626841 -0.2500032 0.4845061 -0.0192793 0.7107964 0.2599791 0.6533051
1403715286.312143 0.0842563 -0.2740977 0.4495167 -0.0221531 0.7111623 0.2623440 0.6518689
1403715287.662143 0.2588676 -0.3340841 0.3509708 0.0006956 0.7635981 0.2723309 0.5854514
1403715288.362143 0.3221455 -0.3545413 0.2936302 -0.0014880 0.8422588 0.2871220 0.4562444
1403715288.912143 0.3314256 -0.3487000 0.2551433 -0.0092305 0.8462847 0.2893130 0.4472303
1403715289.262143 0.3275068 -0.3108760 0.2395226 -0.0212546 0.8595858 0.2954803 0.4163556
1403715290.862143 0.4778943 -0.2176600 0.1725496 -0.0104266 0.8761572 0.3126797 0.3667034
1403715291.012143 0.5056446 -0.2161599 0.1602850 -0.0012016 0.8776791 0.3139700 0.3620785
1403715291.812143 0.5971065 -0.1643949 0.0714690 0.0134804 0.8936403 0.3345044 0.2988846
1403715292.062143 0.6090370 -0.1354340 0.0289407 -0.0136194 0.8982490 0.3298043 0.2901591
1403715292.262143 0.6231243 -0.1101280 -0.0045870 -0.0174367 0.8930789 0.3279536 0.3074940
1403715292.412143 0.6364473 -0.0929769 -0.0314665 -0.0231949 0.8832356 0.3243533 0.3378634
1403715300.962143 1.0027539 0.0212447 -0.2763422 0.0198307 -0.3339783 -0.1133021 0.9355361
1403715301.612143 1.0500371 0.0383074 -0.2942666 0.0115505 -0.3232159 -0.1181058 0.9388552
1403715306.112143 0.9748921 0.1640837 -0.7054946 -0.0150428 -0.5434024 -0.1958080 0.8161782
1403715306.412143 0.9747148 0.1255174 -0.7134948 -0.0189300 -0.5419664 -0.1535883 0.8260295
1403715308.062143 1.2210131 0.1435337 -0.6759984 -0.0271842 -0.1445730 -0.0777396 0.9860610
1403715308.312143 1.2390127 0.1714071 -0.6714175 -0.0265232 -0.0917998 -0.0632255 0.9934142
1403715308.562143 1.2430025 0.1938673 -0.6612150 -0.0271852 -0.0653971 -0.0407631 0.9966557
1403715314.212143 1.8284446 -0.0810828 -0.3878434 -0.0158294 0.0499741 -0.0086768 0.9985874
1403715317.462143 1.5369664 -0.0267585 -0.2592416 -0.0206552 0.5178465 0.1739938 0.8373377
1403715317.662143 1.5227436 -0.0232353 -0.2320885 -0.0157294 0.5617102 0.1934390 0.8042484
1403715318.112143 1.4971464 -0.0169137 -0.1864081 0.0028651 0.6347849 0.2440312 0.7331362
1403715318.662143 1.4808819 0.0142381 -0.1921265 -0.0349096 0.6838105 0.2510311 0.6842279
1403715319.862143 1.6688238 0.0488172 -0.2211876 -0.0304787 0.8093810 0.2740063 0.5185499
1403715320.662143 1.8721963 -0.0515375 -0.1893209 0.0159021 0.8848549 0.2978323 0.3578756
1403715320.862143 1.9075446 -0.0749177 -0.1738137 0.0434258 0.8962461 0.3142205 0.3100365
1403715321.162143 1.9314075 -0.0986159 -0.1561341 0.0351467 0.9009207 0.3299781 0.2796801
1403715321.662143 1.9082506 -0.1138658 -0.1634008 0.0238131 0.9007623 0.3291312 0.2823700
1403715322.512143 1.7103776 -0.1042327 -0.2601703 -0.0196353 0.9197034 0.3371090 0.2002940
1403715322.712143 1.6578864 -0.0762841 -0.2850965 -0.0251705 0.9209115 0.3453659 0.1789158
1403715322.912143 1.6152936 -0.0492542 -0.3170973 -0.0294505 0.9227680 0.3436796 0.1718029
1403715323.312143 1.5626829 -0.0198039 -0.4053775 -0.0389001 0.9247698 0.3364040 0.1735514
1403715324.112143 1.5892118 0.0058187 -0.5951260 -0.0080659 0.9518498 0.2528251 0.1731944
1403715325.262143 1.5844055 -0.0568415 -0.5864339 -0.0066320 0.9366034 0.2978530 0.1844281
1403715326.612143 1.4532452 -0.0512708 -0.5443388 -0.0104726 0.9410841 0.2905507 0.1727174
1403715326.812143 1.4271348 -0.0444821 -0.5330109 -0.0064110 0.9391366 0.2991301 0.1688271
1403715327.412143 1.3340070 -0.0376180 -0.4852171 0.0201184 0.9267458 0.3400325 0.1584781
1403715327.712143 1.2662787 -0.0288334 -0.4809660 0.0037134 0.9241542 0.3375071 0.1789249
1403715328.512143 1.0925518 0.0034131 -0.5109010 -0.0220549 0.9221669 0.2925080 0.2521129
1403715328.762143 1.0503252 0.0057543 -0.5037451 -0.0266019 0.9136522 0.3126517 0.2584200
1403715329.012143 1.0228249 0.0054132 -0.4861963 -0.0187213 0.8962811 0.3102980 0.3162987
1403715329.262143 1.0027921 0.0063426 -0.4656331 -0.0139991 0.8646181 0.3039357 0.3998282
1403715330.262143 0.9697377 0.0563069 -0.4092177 -0.0144698 0.8339562 0.2967281 0.4650377
1403715330.612143 0.9709834 0.0711926 -0.4013442 -0.0120665 0.8337771 0.2955539 0.4661738
1403715331.362143 0.9547899 0.0079353 -0.4367886 -0.0033550 0.7733687 0.2790668 0.5692199
1403715332.912143 0.9205309 -0.0283360 -0.6585772 -0.0034076 0.7542983 0.2744832 0.5963903
1403715334.662143 0.8441327 0.0940672 -0.9957266 -0.0149580 0.6974498 0.2514886 0.6708902
1403715335.012143 0.8457947 0.1188406 -1.0674669 -0.0189133 0.6997662 0.2463384 0.6702887
1403715335.712143 0.8759528 0.1662140 -1.1877455 -0.0161295 0.6713027 0.2412183 0.7006470
1403715336.412143 0.9342530 0.2122768 -1.2910402 -0.0102366 0.6422327 0.2198450 0.7342347
1403715336.762143 0.9619447 0.2307317 -1.3393506 -0.0152426 0.6410575 0.2212498 0.7347527
1403715337.162143 0.9990492 0.2369313 -1.3879563 -0.0204471 0.6363177 0.2160827 0.7402635
1403715337.512143 1.0347811 0.2328117 -1.4199296 -0.0131707 0.5961607 0.2256170 0.7703998
1403715337.862143 1.0867655 0.2340545 -1.4556035 -0.0097028 0.5889449 0.2110935 0.7800573
1403715338.162143 1.1366646 0.2358701 -1.4880403 -0.0072694 0.5966008 0.2098049 0.7745945
1403715339.262143 1.3131689 0.2568285 -1.6244622 -0.0252767 0.5059481 0.1700996 0.8452477
1403715339.662143 1.3830503 0.2786245 -1.6630104 -0.0176054 0.5087008 0.1749851 0.8427893
1403715340.062143 1.4476621 0.3093566 -1.6813960 -0.0390332 0.5176967 0.1363280 0.8437305
1403715340.412143 1.4783700 0.2949213 -1.6617378 -0.0229690 0.4420709 0.1351984 0.8864351
1403715340.762143 1.5007210 0.2634620 -1.6301738 -0.0250317 0.3780268 0.1359996 0.9154088
1403715341.162143 1.5468774 0.2330361 -1.5896654 -0.0210794 0.3780156 0.1440978 0.9142733
1403715341.912143 1.6552513 0.1869917 -1.5306042 -0.0161749 0.4241960 0.1065888 0.8991301
1403715342.262143 1.6719161 0.1665227 -1.4945151 -0.0236582 0.4022139 0.1455954 0.9035852
1403715342.662143 1.6981623 0.1510872 -1.4463922 -0.0360853 0.3601826 0.1084734 0.9258509
1403715343.062143 1.7284302 0.1267984 -1.3774447 -0.0181132 0.3103672 0.0981954 0.9453580
1403715343.462143 1.7570434 0.1106931 -1.2986749 -0.0276867 0.3012720 0.0964306 0.9482456
1403715343.912143 1.7938306 0.0896903 -1.1973060 -0.0212701 0.3134504 0.0859351 0.9454690
1403715344.312143 1.8083168 0.0602462 -1.0997236 -0.0069011 0.2744172 0.0605450 0.9596780
1403715344.712143 1.7852252 0.0392556 -1.0050848 -0.0076406 0.2477580 0.0297038 0.9683363
1403715349.012143 0.9079461 -0.0941356 -0.3674016 -0.0098521 -0.0335092 0.0188578 0.9992119
1403715350.062143 1.0456748 -0.0017294 -0.3018610 -0.0050464 -0.1262481 -0.0419473 0.9910986
1403715350.762143 1.1308092 0.0486314 -0.2725201 -0.0410053 -0.1356255 -0.0797367 0.9866947
1403715351.112143 1.1222744 0.0531061 -0.2315693 -0.0277438 -0.1351181 -0.0860525 0.9866957
1403715353.612143 0.7105082 -0.0912937 -0.0344203 -0.0023008 -0.2541949 -0.0927102 0.9626965
1403715353.962143 0.6855320 -0.0713907 -0.0213447 0.0015063 -0.2610777 -0.1013625 0.9599801
1403715355.712143 0.6171913 -0.1399312 0.0398466 -0.0087012 -0.3784655 -0.1363579 0.9154751
1403715356.012143 0.6127902 -0.1658533 0.0557389 -0.0085063 -0.3992965 -0.1562417 0.9033706
1403715356.662143 0.5614835 -0.2002933 0.0811628 -0.0255099 -0.3775288 -0.1476013 0.9138025
1403715357.212143 0.4778518 -0.2217074 0.1117926 -0.0185514 -0.4768194 -0.1671417 0.8627646
1403715358.012143 0.3408871 -0.2797350 0.1725305 0.0094331 -0.4987878 -0.2176148 0.8389073
1403715358.262143 0.2821632 -0.2788895 0.1763731 -0.0055618 -0.5008929 -0.2073864 0.8402774
1403715358.512143 0.2117615 -0.2757389 0.1729517 -0.0007741 -0.5086473 -0.2161352 0.8334044
1403715359.012143 0.0552809 -0.2607673 0.1434925 0.0066079 -0.5638268 -0.1896602 0.8037940
1403715359.262143 -0.0092849 -0.2448796 0.1307619 0.0090561 -0.5710307 -0.1915564 0.7982155
1403715359.512143 -0.0613561 -0.2299294 0.1163158 0.0198776 -0.5635196 -0.2052115 0.7999617
1403715360.012143 -0.1345043 -0.2108506 0.0548628 0.0010950 -0.5624796 -0.1962653 0.8031783
1403715360.212143 -0.1564399 -0.2041623 0.0239587 -0.0019495 -0.5613823 -0.2011895 0.8027259
1403715360.612143 -0.1908321 -0.1957874 -0.0259558 -0.0239497 -0.5360068 -0.1612058 0.8283331
1403715361.312143 -0.2185371 -0.2171044 -0.0421947 -0.0105127 -0.3570484 -0.1385158 0.9236987
1403715362.012143 -0.2677551 -0.2129811 -0.0471378 -0.0245003 -0.2237888 -0.0970974 0.9694794
1403715362.262143 -0.2935275 -0.2053283 -0.0379360 -0.0218177 -0.1614459 -0.0783970 0.9835208
1403715363.112143 -0.4599040 -0.2004968 0.0159908 -0.0027486 0.0540520 0.0689209 0.9961529
1403715363.862143 -0.4565164 -0.2306929 0.0264556 -0.0064075 0.2234688 0.0888842 0.9706288
1403715364.262143 -0.4123511 -0.2427175 0.0106698 0.0006088 0.3252619 0.1174058 0.9383071
1403715364.612143 -0.3794138 -0.2519124 -0.0182052 -0.0019847 0.3385968 0.1394091 0.9305447
1403715365.012143 -0.3294137 -0.2670052 -0.0680365 -0.0186413 0.3788774 0.1216771 0.9172236
1403715365.462143 -0.2861107 -0.2821049 -0.1150637 -0.0099353 0.4365796 0.1344683 0.8895043
1403715366.062143 -0.2586800 -0.2892805 -0.1755080 0.0097826 0.5283861 0.1999358 0.8250685
1403715367.412143 -0.1967403 -0.2248418 -0.4370593 -0.0268964 0.5210197 0.2043389 0.8282878
1403715368.862143 0.1266336 -0.1502293 -0.7139961 -0.0043654 0.5311841 0.1808637 0.8277154
1403715369.662143 0.2888527 -0.0829069 -0.8942389 -0.0292721 0.4024729 0.1402106 0.9041569
1403715370.362143 0.4500975 -0.0460923 -0.9762996 -0.0224475 0.3607472 0.1148403 0.9252942
1403715372.562143 1.0649291 -0.0298779 -0.9449371 -0.0132684 0.3283935 0.1098018 0.9380433
1403715373.862143 1.4616504 -0.0805921 -0.9002433 -0.0141929 0.2749060 0.0695009 0.9588508
1403715375.162143 1.6418492 -0.1320567 -0.7713058 -0.0222364 0.1065113 0.0127213 0.9939814
1403715375.662143 1.6575775 -0.1621938 -0.6638588 -0.0193673 0.1258509 0.0329921 0.9913113
1403715376.162143 1.6514142 -0.1875080 -0.5474100 -0.0089078 0.1322820 0.0331911 0.9906162
1403715376.512143 1.6383758 -0.1941274 -0.4765954 0.0103100 0.1288922 0.0264233 0.9912529
1403715377.212143 1.5592798 -0.1896809 -0.3850912 0.0045311 0.1126027 0.0106411 0.9935728
1403715377.562143 1.4915859 -0.1829827 -0.3702990 0.0047866 0.1013909 0.0140900 0.9947354
1403715380.212143 0.9144798 -0.1909554 -0.3353510 -0.0088334 0.1000921 0.0120540 0.9948660
1403715388.462143 0.2371083 -0.2015722 -0.2618818 -0.0146715 0.6313004 0.2246102 0.7421554
1403715389.112143 0.3253169 -0.0893421 -0.4484872 -0.0124432 0.6299318 0.2141407 0.7464415
1403715389.862143 0.4223341 -0.0500103 -0.6493805 -0.0112377 0.6041733 0.2088916 0.7689036
1403715390.612143 0.5404193 0.0161640 -0.7806014 -0.0451308 0.4893429 0.1502772 0.8578598
1403715392.062143 0.9663696 0.0182377 -0.7938854 -0.0307424 0.3509026 0.1275786 0.9271709
1403715392.762143 1.2538947 -0.0598705 -0.7767829 0.0059370 0.2568810 0.0724240 0.9637073
1403715393.412143 1.4490441 -0.0861783 -0.7539865 -0.0108024 0.0967360 -0.0046686 0.9952405
1403715394.012143 1.5251299 -0.0905372 -0.7305045 -0.0126811 -0.0889191 -0.0462367 0.9948843
1403715394.562143 1.5418608 -0.0876065 -0.7207969 0.0078720 -0.2559211 -0.1092431 0.9604730
1403715395.112143 1.5365701 -0.0723955 -0.7490986 -0.0056477 -0.4381511 -0.1706054 0.8825449
1403715395.562143 1.5134592 -0.0484786 -0.7824435 -0.0100512 -0.5518991 -0.2119315 0.8064685
1403715396.012143 1.4699705 -0.0077168 -0.8122831 -0.0164822 -0.6122382 -0.2225319 0.7585329
1403715396.362143 1.4248562 0.0146913 -0.8231537 -0.0122663 -0.6162685 -0.2127716 0.7581497
1403715396.662143 1.3879328 0.0290353 -0.8233125 0.0061254 -0.6188922 -0.2279432 0.7516494
1403715396.962143 1.3535662 0.0515242 -0.8287149 -0.0071829 -0.6373089 -0.2377512 0.7329803
1403715397.212143 1.3208758 0.0750595 -0.8319514 -0.0292346 -0.6431898 -0.2458376 0.7245799
1403715397.512143 1.2624291 0.0971230 -0.8282658 -0.0473336 -0.6513304 -0.2296331 0.7216626
1403715397.762143 1.1994433 0.1023519 -0.8110920 -0.0335038 -0.6552672 -0.2203501 0.7217674
1403715398.762143 0.9916210 0.0943635 -0.6852415 0.0333816 -0.6362777 -0.2199328 0.7386920
1403715400.112143 1.0363357 0.1403092 -0.7996147 -0.0097356 -0.6125162 -0.2503604 0.7496991
1403715400.912143 0.9648721 0.1868219 -0.9967965 -0.0340142 -0.4589367 -0.1787529 0.8696365
1403715401.212143 0.9050795 0.2109299 -1.0663000 -0.0487766 -0.4150642 -0.1635276 0.8936449
1403715401.512143 0.8249721 0.2207493 -1.1148112 -0.0365001 -0.4025472 -0.1632070 0.8999928
1403715401.812143 0.7284105 0.2148559 -1.1475592 -0.0217812 -0.4031966 -0.1253396 0.9062274
1403715402.162143 0.6285289 0.2053427 -1.1638266 0.0034146 -0.3881443 -0.1338908 0.9118145
1403715402.462143 0.5561518 0.2040194 -1.1711326 0.0152168 -0.3590558 -0.1418328 0.9223507
1403715402.812143 0.4802156 0.2107088 -1.1986716 0.0185493 -0.3246137 -0.1312686 0.9365097
1403715403.212143 0.3963522 0.2263803 -1.2537316 -0.0403285 -0.3187351 -0.1050602 0.9411397
1403715403.512143 0.3371073 0.2242634 -1.2695087 -0.0345286 -0.3046639 -0.1143792 0.9449366
1403715403.862143 0.2637951 0.2131058 -1.2560060 -0.0464721 -0.2439311 -0.0863962 0.9648179
1403715404.212143 0.1912875 0.1874284 -1.2068617 -0.0290032 -0.1635870 -0.0687269 0.9837046
1403715404.612143 0.0986356 0.1590922 -1.1357933 -0.0106609 -0.1143724 -0.0732873 0.9906737
1403715405.062143 -0.0288129 0.1446737 -1.0596887 -0.0026195 -0.0918476 -0.0272074 0.9953979
1403715405.462143 -0.1164936 0.1402774 -1.0016190 -0.0148777 0.0179116 0.0260739 0.9993888
1403715405.862143 -0.1689115 0.1391245 -0.9450589 -0.0350906 0.1443693 0.0477487 0.9877481
1403715406.212143 -0.2040724 0.1360448 -0.8841638 -0.0173967 0.2464583 0.0860544 0.9651685
1403715406.712143 -0.2390292 0.1466437 -0.7925496 -0.0215782 0.3670864 0.1515087 0.9175113
1403715407.212143 -0.2290946 0.1611756 -0.7138329 -0.0281420 0.4757484 0.1851821 0.8594062
1403715407.662143 -0.1797274 0.1556194 -0.6461749 -0.0389763 0.5057815 0.1886989 0.8408678
1403715408.062143 -0.1053822 0.1231170 -0.5755055 -0.0295906 0.5073292 0.1700200 0.8442953
1403715410.662143 0.1315107 -0.1028531 -0.2885369 -0.0213903 0.3496867 0.0981987 0.9314605
1403715411.262143 0.1366729 -0.1118085 -0.2227814 -0.0080944 0.3225113 0.1109065 0.9400110
1403715412.112143 0.1150108 -0.0987324 -0.1965059 -0.0045486 0.3097340 0.1053926 0.9449532
1403715415.112143 0.0421359 0.0403513 -0.1638492 -0.0003792 0.3150895 0.1392450 0.9387914
1403715415.462143 0.0525721 0.0660580 -0.1546032 -0.0086036 0.3361332 0.1113531 0.9351689
1403715415.762143 0.0580252 0.0811033 -0.1535974 -0.0127343 0.3453087 0.0992121 0.9331434
1403715416.712143 0.0547406 0.0807576 -0.1512427 -0.0137160 0.3459812 0.0997062 0.9328277
1403715417.812143 0.0547695 0.0811845 -0.1511069 -0.0131069 0.3457677 0.1001645 0.9328666
