1403638130.395097 0.0000000 0.0000000 0.0000000 0.0000000 0.0000000 0.0000000 1.0000000
1403638136.945097 0.0152058 -0.0013198 -0.0041979 0.0247526 0.1212607 0.0643665 0.9902223
1403638149.695097 -0.0069923 -0.0237473 0.0253443 0.0087695 0.1017165 -0.0180092 0.9946117
1403638151.595097 -0.0668976 -0.0382894 0.0869119 -0.0053931 -0.0823378 -0.0933073 0.9922122
1403638152.095097 -0.0973173 -0.0539186 0.1043924 -0.0090192 -0.1146172 -0.1086969 0.9874039
1403638152.695097 -0.1398115 -0.0622145 0.1296582 -0.0115530 -0.1101682 -0.1119724 0.9875180
1403638153.295097 -0.1924260 -0.0759974 0.1523463 -0.0178474 -0.1755503 -0.1265813 0.9761356
1403638153.445097 -0.2057776 -0.0791920 0.1592355 -0.0201463 -0.1925310 -0.1361430 0.9715920
1403638153.545097 -0.2150186 -0.0816126 0.1635126 -0.0203754 -0.2036737 -0.1510810 0.9670969
1403638154.095097 -0.2730331 -0.0946948 0.1884468 -0.0063652 -0.2772687 -0.1672355 0.9461046
1403638154.245097 -0.2899448 -0.0957115 0.1965017 0.0045143 -0.2808580 -0.1682205 0.9448811
1403638154.445097 -0.3121625 -0.0956674 0.2055923 0.0199044 -0.2827170 -0.1631498 0.9450169
1403638154.745097 -0.3446061 -0.0940159 0.2145351 0.0090952 -0.2915999 -0.1655132 0.9420680
1403638155.445097 -0.4217273 -0.0993648 0.2147053 0.0224913 -0.3498109 -0.1955946 0.9158980
1403638155.745097 -0.4535746 -0.0929618 0.2083303 0.0246605 -0.4010912 -0.1914513 0.8954687
1403638155.945097 -0.4723695 -0.0864817 0.2025772 0.0100710 -0.4422368 -0.2032295 0.8735119
1403638156.045097 -0.4810722 -0.0830179 0.1987419 -0.0031867 -0.4630060 -0.2156358 0.8597188
1403638156.145097 -0.4899016 -0.0808199 0.1943480 -0.0136912 -0.4835187 -0.2249593 0.8458225
1403638157.045097 -0.5709544 -0.0614504 0.1696185 -0.0396241 -0.5315620 -0.2480082 0.8089275
1403638157.195097 -0.5865382 -0.0593974 0.1674314 -0.0445972 -0.5262493 -0.2509249 0.8112395
1403638157.295097 -0.5974035 -0.0591631 0.1666683 -0.0446228 -0.5264327 -0.2497426 0.8114839
1403638157.845097 -0.6631166 -0.0551896 0.1632235 -0.0102389 -0.5740596 -0.2652885 0.7745790
1403638157.995097 -0.6816055 -0.0553856 0.1603434 -0.0113140 -0.5985956 -0.2696815 0.7542063
1403638158.345097 -0.7224934 -0.0536091 0.1570194 -0.0242679 -0.6280618 -0.2714269 0.7288874
1403638158.495097 -0.7401841 -0.0513054 0.1561247 -0.0172772 -0.6288113 -0.2768218 0.7264073
1403638159.045097 -0.8021835 -0.0435130 0.1514002 -0.0396884 -0.6220781 -0.2771583 0.7311819
1403638159.195097 -0.8194032 -0.0436445 0.1494756 -0.0559920 -0.6145149 -0.2899742 0.7315404
1403638160.295097 -0.9339201 -0.0755972 0.1570548 -0.0207497 -0.6271712 -0.2654097 0.7319723
1403638160.495097 -0.9472230 -0.0910571 0.1587766 -0.0321395 -0.6226771 -0.2780369 0.7307091
1403638160.645097 -0.9575235 -0.1012775 0.1605124 -0.0350407 -0.6218458 -0.2789423 0.7309385
1403638160.795097 -0.9687489 -0.1110914 0.1627200 -0.0320768 -0.6251429 -0.2683498 0.7322266
1403638161.095097 -0.9903576 -0.1296920 0.1700210 -0.0145491 -0.6073898 -0.2297068 0.7603294
1403638161.395097 -1.0057868 -0.1472710 0.1815334 -0.0191709 -0.5466906 -0.2261995 0.8059750
1403638161.745097 -1.0230497 -0.1632741 0.1956438 -0.0345671 -0.5071454 -0.2233196 0.8317073
1403638161.895097 -1.0296823 -0.1690940 0.2037700 -0.0278032 -0.4999085 -0.2141813 0.8387161
1403638162.095097 -1.0385466 -0.1764890 0.2155381 -0.0243695 -0.4864854 -0.2078285 0.8482602
1403638163.345097 -1.0809200 -0.2472564 0.3094045 -0.0126883 -0.4395112 -0.1861563 0.8786437
1403638164.145097 -1.0860215 -0.2953955 0.3815083 -0.0159033 -0.3965401 -0.1658577 0.9027703
1403638164.545097 -1.0797091 -0.3263193 0.4160322 -0.0141507 -0.4067768 -0.1561870 0.8999655
1403638164.945097 -1.0655972 -0.3513912 0.4542001 0.0105859 -0.3810036 -0.1738680 0.9080166
1403638165.345097 -1.0426011 -0.3681383 0.4928551 -0.0146901 -0.3615436 -0.1523565 0.9197053
1403638165.545097 -1.0286715 -0.3744325 0.5130299 -0.0035695 -0.3555809 -0.1470554 0.9229974
1403638165.695097 -1.0173486 -0.3784273 0.5282834 0.0215324 -0.3528551 -0.1459543 0.9239734
1403638165.895097 -0.9996676 -0.3811444 0.5474325 0.0182863 -0.3486757 -0.1560409 0.9239817
1403638166.645097 -0.9341903 -0.4211096 0.5931098 -0.0074129 -0.3493831 -0.1849569 0.9185137
1403638166.795097 -0.9231457 -0.4298440 0.6005982 -0.0169072 -0.3545016 -0.1749247 0.9183921
1403638166.945097 -0.9122527 -0.4367600 0.6085781 -0.0450520 -0.3571028 -0.1669080 0.9179268
1403638167.095097 -0.9018955 -0.4434614 0.6184610 -0.0576883 -0.3537935 -0.1745294 0.9170833
1403638167.245097 -0.8926072 -0.4515065 0.6298727 -0.0518940 -0.3505700 -0.1848310 0.9166489
1403638167.695097 -0.8733343 -0.4818441 0.6685508 -0.0324050 -0.3525368 -0.1620490 0.9210905
1403638167.945097 -0.8634803 -0.4956810 0.6953160 -0.0306970 -0.3306009 -0.1341802 0.9336789
1403638168.095097 -0.8567296 -0.5033342 0.7129214 -0.0273571 -0.3108266 -0.1243602 0.9418986
1403638168.195097 -0.8514265 -0.5102826 0.7248835 -0.0252005 -0.2979430 -0.1210456 0.9465426
1403638168.495097 -0.8342008 -0.5337808 0.7614137 -0.0184062 -0.2465716 -0.1247235 0.9608890
1403638168.745097 -0.8202308 -0.5514501 0.7929418 -0.0273871 -0.2161261 -0.1487797 0.9645746
1403638168.995097 -0.8082748 -0.5664646 0.8257666 -0.0306340 -0.2121471 -0.1539040 0.9645562
1403638169.095097 -0.8048351 -0.5715645 0.8396424 -0.0212002 -0.2171064 -0.1492855 0.9644321
1403638169.645097 -0.7864609 -0.5944877 0.9184830 0.0100681 -0.1987370 -0.0743625 0.9771758
1403638169.795097 -0.7786067 -0.6021374 0.9386528 0.0119972 -0.1597543 -0.0823017 0.9836468
1403638169.945097 -0.7682964 -0.6114845 0.9571589 0.0208525 -0.1158845 -0.0937561 0.9886080
1403638170.195097 -0.7521256 -0.6270082 0.9854259 0.0402779 -0.0571929 -0.0691165 0.9951531
1403638170.395097 -0.7393185 -0.6352396 1.0042416 0.0343467 -0.0135263 -0.0368217 0.9986398
1403638170.545097 -0.7303892 -0.6392384 1.0178341 0.0320633 0.0173398 -0.0122666 0.9992601
1403638171.145097 -0.6779288 -0.6593947 1.0493426 0.0506587 0.1351581 0.0370830 0.9888331
1403638171.345097 -0.6573808 -0.6629885 1.0534121 0.0550234 0.1524233 0.0470282 0.9856611
1403638171.445097 -0.6467842 -0.6637141 1.0547394 0.0580377 0.1592450 0.0502615 0.9842492
1403638171.895097 -0.5935216 -0.6622040 1.0467573 0.0761273 0.1900382 0.0785448 0.9756643
1403638172.245097 -0.5447575 -0.6582567 1.0212890 0.0789061 0.2114391 0.0716338 0.9715636
1403638172.395097 -0.5236574 -0.6529936 1.0065264 0.0779158 0.2134894 0.0694802 0.9713516
1403638172.545097 -0.5014836 -0.6445026 0.9902658 0.0833275 0.2109425 0.0708703 0.9713584
1403638172.895097 -0.4482600 -0.6154060 0.9446013 0.0859041 0.1995049 0.0751837 0.9732243
1403638172.995097 -0.4325664 -0.6050692 0.9294644 0.0821022 0.1940557 0.0800078 0.9742692
1403638173.095097 -0.4161487 -0.5938545 0.9132564 0.0743083 0.1884896 0.0847898 0.9755822
1403638173.195097 -0.3994035 -0.5812328 0.8964986 0.0670325 0.1865519 0.0841354 0.9765379
1403638173.345097 -0.3725262 -0.5619596 0.8704278 0.0566022 0.1892332 0.0713554 0.9776990
1403638173.645097 -0.3179431 -0.5172868 0.8164333 0.0447642 0.2039142 0.0375927 0.9772420
1403638173.845097 -0.2819992 -0.4849177 0.7799460 0.0422406 0.2051110 0.0388655 0.9770541
1403638173.945097 -0.2642833 -0.4686263 0.7618516 0.0431230 0.2057746 0.0380141 0.9769095
1403638174.145097 -0.2311035 -0.4390203 0.7243789 0.0393097 0.2069161 0.0372071 0.9768603
1403638174.245097 -0.2141054 -0.4240510 0.7050704 0.0320733 0.2064442 0.0371601 0.9772263
1403638174.495097 -0.1758763 -0.3856498 0.6596082 0.0151477 0.2052772 0.0405154 0.9777476
1403638174.895097 -0.1126789 -0.3304194 0.5903916 -0.0095203 0.2064546 0.0322504 0.9778782
1403638175.045097 -0.0898882 -0.3143449 0.5665396 -0.0102474 0.2076106 0.0311469 0.9776618
1403638175.195097 -0.0686371 -0.2992464 0.5447923 -0.0096154 0.2108641 0.0299758 0.9770083
1403638175.345097 -0.0474270 -0.2866391 0.5235170 -0.0181427 0.2135125 0.0294393 0.9763281
1403638175.645097 -0.0064948 -0.2704932 0.4867015 -0.0576168 0.2171287 0.0272643 0.9740596
1403638175.795097 0.0135173 -0.2658550 0.4728655 -0.0720055 0.2154595 0.0301052 0.9733890
1403638175.945097 0.0341835 -0.2606960 0.4623981 -0.0758426 0.2157564 0.0236700 0.9732096
1403638176.095097 0.0539060 -0.2560801 0.4571023 -0.0575627 0.2196042 0.0057309 0.9738725
1403638176.445097 0.0955084 -0.2519136 0.4526363 0.0039244 0.2196542 0.0008637 0.9755695
1403638177.145097 0.1512083 -0.2603210 0.4518852 -0.0033487 0.2219072 0.0016547 0.9750606
1403638177.645097 0.1729224 -0.2602570 0.4651517 0.0003785 0.2167556 0.0241058 0.9759282
1403638178.945097 0.2289491 -0.2546313 0.4770388 0.0240454 0.3799752 0.1220620 0.9165923
1403638179.145097 0.2402523 -0.2498690 0.4730947 0.0056707 0.3999715 0.1279470 0.9075353
1403638179.445097 0.2606798 -0.2411285 0.4692621 0.0002489 0.4379784 0.1322560 0.8892037
1403638179.595097 0.2725812 -0.2364886 0.4675102 0.0186827 0.4648512 0.1407844 0.8739246
1403638180.045097 0.3084908 -0.2275688 0.4593093 0.0192210 0.5422851 0.1778879 0.8209223
1403638180.195097 0.3200229 -0.2267384 0.4559875 0.0176219 0.5538837 0.1855518 0.8114634
1403638180.345097 0.3325758 -0.2250655 0.4521002 0.0157243 0.5581722 0.1900945 0.8075027
1403638180.645097 0.3599043 -0.2187336 0.4457581 0.0058963 0.5617357 0.1813756 0.8071686
1403638180.995097 0.3950285 -0.2163881 0.4382109 0.0002526 0.5515848 0.1850783 0.8133266
1403638181.145097 0.4118790 -0.2152911 0.4359221 0.0063412 0.5473048 0.1863108 0.8159078
1403638181.695097 0.4786286 -0.2048711 0.4241647 0.0657291 0.6022584 0.1997711 0.7701013
1403638181.895097 0.5014125 -0.2004568 0.4142724 0.0460571 0.6404381 0.2056628 0.7385260
1403638182.095097 0.5218944 -0.1989539 0.4019954 0.0306361 0.6609600 0.2235496 0.7156947
1403638182.345097 0.5473321 -0.1979944 0.3859202 0.0275136 0.6664452 0.2454524 0.7034536
1403638182.545097 0.5690872 -0.1973005 0.3720389 0.0126292 0.6685560 0.2435568 0.7025337
1403638182.645097 0.5804343 -0.1976608 0.3644968 0.0046281 0.6693062 0.2382323 0.7037422
1403638182.795097 0.5984424 -0.1997229 0.3528938 0.0041361 0.6669986 0.2357958 0.7067504
1403638182.945097 0.6171188 -0.2012018 0.3420482 0.0111014 0.6658667 0.2311576 0.7092704
1403638183.245097 0.6562628 -0.2016220 0.3214994 0.0169042 0.6686257 0.2116793 0.7126330
1403638183.395097 0.6760203 -0.1998650 0.3127206 0.0065350 0.6652499 0.2193932 0.7136291
1403638183.545097 0.6963735 -0.1982685 0.3046772 -0.0063281 0.6636454 0.2234610 0.7138627
1403638183.845097 0.7398518 -0.1962532 0.2908343 0.0113047 0.6711758 0.2024231 0.7130359
1403638184.145097 0.7817274 -0.2017240 0.2783308 0.0072393 0.6705763 0.2074710 0.7122014
1403638184.445097 0.8237979 -0.2069987 0.2695083 0.0067273 0.6704456 0.2120272 0.7109866
1403638184.745097 0.8665192 -0.2114198 0.2643663 0.0134233 0.6727467 0.2079969 0.7099078
1403638184.895097 0.8877887 -0.2141013 0.2629552 0.0121875 0.6738057 0.2068585 0.7092580
1403638185.195097 0.9288409 -0.2209946 0.2614656 0.0112381 0.6746227 0.2051602 0.7089903
1403638185.645097 0.9875662 -0.2347804 0.2655290 0.0089662 0.6624581 0.1728911 0.7288193
1403638186.095097 1.0402242 -0.2495916 0.2787817 0.0284616 0.6235710 0.2062786 0.7535239
1403638186.245097 1.0569723 -0.2526579 0.2822953 0.0203513 0.6251686 0.1991452 0.7543814
1403638190.545097 1.1453261 -0.3812124 0.4317159 0.0243313 0.3938308 0.0488480 0.9175615
1403638190.745097 1.1317868 -0.3805227 0.4393417 0.0225368 0.3813837 0.0514242 0.9227102
1403638191.145097 1.0987504 -0.3826435 0.4537689 0.0319468 0.3658281 0.0708923 0.9274284
1403638191.345097 1.0801102 -0.3869948 0.4581147 0.0107334 0.3640133 0.0792191 0.9279566
1403638192.145097 1.0132519 -0.3984357 0.4866006 -0.0004107 0.3724643 0.0692012 0.9254628
1403638192.345097 0.9961646 -0.4053337 0.4961224 0.0152296 0.3704958 0.0710952 0.9259840
1403638193.195097 0.9136117 -0.4434926 0.5252111 0.0781493 0.3504628 0.0773016 0.9301037
1403638193.345097 0.8966940 -0.4469483 0.5229721 0.0614087 0.3432090 0.0682016 0.9347647
1403638193.495097 0.8787717 -0.4512662 0.5184696 0.0584207 0.3399001 0.0572859 0.9368955
1403638193.795097 0.8413337 -0.4562798 0.5055677 0.0327354 0.3322381 0.0647303 0.9404022
1403638194.395097 0.7661083 -0.4481335 0.4813229 0.0336545 0.3347252 0.0671306 0.9393188
1403638194.545097 0.7473572 -0.4453829 0.4744351 0.0235666 0.3344159 0.0717659 0.9393936
1403638194.845097 0.7115057 -0.4411576 0.4599084 0.0005332 0.3350381 0.0786573 0.9389155
1403638195.295097 0.6639838 -0.4310862 0.4462138 -0.0277222 0.3336900 0.0882691 0.9381316
1403638196.295097 0.5995802 -0.4195423 0.4499677 0.0031663 0.3346586 0.0767353 0.9392046
1403638196.545097 0.5896613 -0.4227703 0.4540042 0.0040881 0.3341321 0.0795187 0.9391569
1403638196.745097 0.5829055 -0.4233518 0.4590299 -0.0140881 0.3327688 0.0879441 0.9387930
1403638197.245097 0.5745491 -0.4277052 0.4777927 0.0076711 0.3376946 0.0744423 0.9382760
1403638198.545097 0.5388157 -0.4471627 0.5255231 0.0205352 0.3428795 0.0501951 0.9378126
1403638198.795097 0.5266023 -0.4400128 0.5362682 0.0179874 0.3578617 0.0054390 0.9335855
1403638199.045097 0.5057617 -0.4362328 0.5484728 0.0166973 0.3574317 0.0059764 0.9337709
1403638199.295097 0.4781149 -0.4385051 0.5602198 0.0248424 0.3548380 0.0129113 0.9345085
1403638199.545097 0.4420339 -0.4450333 0.5713940 0.0172504 0.3586716 0.0055289 0.9332880
1403638199.795097 0.3986223 -0.4550413 0.5823810 0.0163214 0.3329200 0.0200189 0.9426013
1403638200.045097 0.3506585 -0.4645260 0.5959332 0.0169261 0.3091473 0.0362073 0.9501739
1403638200.245097 0.3124596 -0.4693604 0.6057972 0.0253043 0.2869401 0.0135281 0.9575187
1403638200.445097 0.2702745 -0.4764843 0.6174309 0.0349438 0.2589254 -0.0087076 0.9652258
1403638200.695097 0.2155376 -0.4881019 0.6287873 0.0271817 0.2328783 -0.0410785 0.9712576
1403638200.945097 0.1556852 -0.5012490 0.6395341 0.0162502 0.2080038 -0.0398096 0.9771824
1403638201.195097 0.0913709 -0.5098737 0.6522613 0.0209517 0.1945342 -0.0160233 0.9805411
1403638201.395097 0.0390128 -0.5126159 0.6625120 0.0209697 0.1973341 -0.0139299 0.9800130
1403638201.645097 -0.0253726 -0.5107480 0.6765530 0.0272371 0.2024425 -0.0139534 0.9788159
1403638201.845097 -0.0765486 -0.5071599 0.6872597 0.0289738 0.2033408 -0.0102619 0.9786254
1403638202.045097 -0.1282331 -0.5017627 0.6966400 0.0261845 0.1927777 -0.0117033 0.9808232
1403638202.245097 -0.1807769 -0.4977322 0.7050053 0.0168596 0.1735732 0.0024361 0.9846736
1403638202.745097 -0.3050773 -0.4891891 0.7243914 0.0054145 0.1617663 0.0097217 0.9867663
1403638202.995097 -0.3622005 -0.4809065 0.7363400 0.0096834 0.1636402 0.0089995 0.9864315
1403638203.245097 -0.4164068 -0.4749663 0.7467476 0.0182188 0.1665162 0.0033711 0.9858646
1403638203.495097 -0.4676591 -0.4717272 0.7550464 0.0229646 0.1643469 0.0076628 0.9861055
1403638203.745097 -0.5163433 -0.4663252 0.7614940 0.0216202 0.1628582 0.0116223 0.9863441
1403638203.995097 -0.5627179 -0.4644171 0.7654221 0.0211292 0.1620106 0.0097400 0.9865147
1403638204.245097 -0.6066126 -0.4660639 0.7655880 0.0109108 0.1562318 0.0204134 0.9874492
1403638204.495097 -0.6471539 -0.4699889 0.7643995 -0.0017674 0.1496139 0.0468814 0.9876308
1403638204.895097 -0.6952546 -0.4702532 0.7666384 0.0034014 0.1236654 0.0020776 0.9923159
1403638205.145097 -0.7204589 -0.4652432 0.7688860 0.0039042 0.0492746 -0.0471698 0.9976631
1403638205.395097 -0.7484890 -0.4635844 0.7707776 0.0102971 -0.0645540 -0.0909251 0.9937099
1403638205.645097 -0.7756036 -0.4663764 0.7705471 0.0286090 -0.1354937 -0.1443519 0.9797885
1403638205.895097 -0.8067136 -0.4701098 0.7655339 0.0378640 -0.1769151 -0.1702711 0.9686460
1403638207.095097 -0.9639742 -0.4608748 0.6742528 0.0367779 -0.3488500 -0.1667344 0.9214937
1403638207.295097 -0.9831604 -0.4494013 0.6555189 0.0385588 -0.3596466 -0.1667099 0.9172651
1403638207.495097 -0.9994419 -0.4354139 0.6349532 0.0432508 -0.3894211 -0.1732559 0.9035834
1403638207.745097 -1.0145802 -0.4198082 0.6057850 0.0168739 -0.4243717 -0.1875819 0.8856844
1403638207.995097 -1.0257759 -0.4088160 0.5755474 -0.0055738 -0.4349725 -0.1959781 0.8788404
1403638208.245097 -1.0343131 -0.3992537 0.5464812 0.0039504 -0.4370871 -0.1894112 0.8792398
1403638208.595097 -1.0409404 -0.3806902 0.5092506 -0.0063018 -0.4414413 -0.1994544 0.8748187
1403638209.295097 -1.0432758 -0.3527164 0.4417145 -0.0062385 -0.4808065 -0.2076184 0.8518690
1403638209.645097 -1.0383385 -0.3298431 0.4163853 -0.0043234 -0.4829214 -0.2014608 0.8521630
1403638210.345097 -1.0116382 -0.2506463 0.3839507 0.0218721 -0.4824003 -0.1968312 0.8532696
1403638210.645097 -0.9913235 -0.2177812 0.3689384 0.0215633 -0.4825810 -0.1936059 0.8539129
1403638210.995097 -0.9592600 -0.1805997 0.3499302 0.0091632 -0.4816031 -0.1943134 0.8545272
1403638211.395097 -0.9152704 -0.1493218 0.3264091 -0.0025979 -0.4752998 -0.1965082 0.8575943
1403638211.745097 -0.8735816 -0.1226505 0.3103794 -0.0055446 -0.4243846 -0.1699400 0.8893747
1403638212.095097 -0.8262210 -0.1000279 0.2973336 -0.0087693 -0.3406520 -0.1332206 0.9306619
1403638212.395097 -0.7830516 -0.0883317 0.2861374 0.0001294 -0.2641394 -0.1168296 0.9573825
1403638212.745097 -0.7294736 -0.0829814 0.2745566 0.0020502 -0.1778848 -0.0877050 0.9801329
1403638213.045097 -0.6800557 -0.0848477 0.2620862 0.0045357 -0.0950594 -0.0560229 0.9938836
1403638213.245097 -0.6470875 -0.0883066 0.2536063 -0.0053087 -0.0382073 -0.0252005 0.9989379
1403638213.445097 -0.6123549 -0.0901708 0.2462322 -0.0239193 0.0151276 0.0172293 0.9994509
1403638213.645097 -0.5739166 -0.0912018 0.2417662 -0.0105498 0.0663521 0.0295933 0.9973015
1403638214.245097 -0.4544089 -0.1037553 0.2289357 -0.0133972 0.1037215 0.0010397 0.9945156
1403638214.945097 -0.3214590 -0.1134330 0.2281045 0.0193348 0.0827324 -0.0152078 0.9962682
1403638216.195097 -0.1256155 -0.1042760 0.2291826 0.0188314 0.0996817 -0.0169047 0.9946975
1403638216.495097 -0.0895744 -0.1043401 0.2246959 0.0240515 0.1050400 -0.0185968 0.9940032
1403638217.345097 -0.0084696 -0.0877455 0.2076941 0.0173812 0.1657913 0.0049434 0.9859953
1403638217.695097 0.0152765 -0.0833934 0.1979884 0.0103197 0.1855751 -0.0060469 0.9825573
1403638218.895097 0.0361074 -0.0842828 0.1675367 0.0072582 0.1853628 0.0015033 0.9826422
1403638222.545097 -0.0080823 -0.0199764 0.0246742 -0.0078295 0.2088788 0.0250537 0.9775892
1403638223.245097 -0.0140198 -0.0056012 0.0128151 -0.0004133 0.2061988 0.0300347 0.9780490
1403638223.945097 -0.0143564 0.0048087 0.0018949 0.0073991 0.2119368 0.0152010 0.9771371
1403638224.295097 -0.0144562 0.0120000 -0.0008352 -0.0103337 0.2106566 0.0190511 0.9773198
1403638225.245097 -0.0180283 0.0176357 0.0019648 0.0068377 0.2042756 0.0281308 0.9784852
1403638225.545097 -0.0176587 0.0166879 0.0030419 0.0248842 0.2070498 0.0178212 0.9778515
1403638225.845097 -0.0183649 0.0229716 0.0047503 0.0190515 0.2074163 0.0161302 0.9779342
1403638226.295097 -0.0217112 0.0284141 0.0079337 -0.0072759 0.2040625 0.0328208 0.9783805
1403638226.445097 -0.0220196 0.0287817 0.0079630 -0.0152411 0.2036832 0.0222193 0.9786660
