1403636580.263556 0.0000000 0.0000000 0.0000000 0.0000000 0.0000000 0.0000000 1.0000000
1403636580.313555 -0.0005618 0.0221619 0.0060052 -0.0037749 0.0001401 -0.0024118 0.9999899
1403636580.413555 -0.0023625 0.0606890 0.0144615 -0.0167157 -0.0006824 -0.0046328 0.9998493
1403636586.563555 0.0156803 -0.1217318 -0.1295183 -0.1720852 0.0385266 0.0113787 0.9842626
1403636587.913555 0.2908894 -0.1663032 -0.0738810 -0.1567720 0.0465872 0.0254290 0.9862077
1403636588.013556 0.3291686 -0.1634807 -0.0698460 -0.1655857 0.0563114 0.0263449 0.9842339
1403636588.163556 0.3728002 -0.1583885 -0.0642986 -0.1761197 0.0619423 0.0296447 0.9819705
1403636589.013556 0.2372100 -0.1475397 -0.0913293 -0.1701440 0.0416664 0.0268729 0.9841711
1403636589.813555 -0.1819114 -0.1290298 -0.1361838 -0.1646826 0.0050907 0.0061424 0.9863144
1403636590.013556 -0.2593938 -0.1138866 -0.1417407 -0.1721454 -0.0124307 0.0043398 0.9849836
1403636590.163556 -0.2923035 -0.1120467 -0.1456662 -0.1626285 -0.0216534 0.0035371 0.9864434
1403636590.813555 -0.1169125 -0.1285110 -0.1573792 -0.1615230 0.0072972 0.0021974 0.9868395
1403636591.163556 0.0656550 -0.1331473 -0.1395905 -0.1668530 0.0105059 0.0097624 0.9858775
1403636591.363556 0.1492153 -0.1320208 -0.1262521 -0.1712826 0.0163071 0.0132653 0.9849976
1403636591.513556 0.1890771 -0.1248701 -0.1130124 -0.1710783 0.0221714 0.0165581 0.9848688
1403636593.613555 -0.1790363 -0.0988460 -0.0739795 -0.1550916 -0.1009239 -0.0094532 0.9826859
1403636593.913555 -0.0812836 -0.0399567 -0.1819758 -0.1614380 -0.0163472 0.0327442 0.9862040
1403636594.063555 0.0089705 -0.0309200 -0.2061627 -0.1454623 0.0443429 0.0536433 0.9869128
1403636596.213556 0.1699427 0.0115595 -0.1799126 -0.1442959 0.0566513 0.0215826 0.9876758
1403636596.463556 0.0866080 0.0246993 -0.2861953 -0.1334388 0.0623025 0.0265421 0.9887406
1403636596.663556 0.0094130 0.0337279 -0.3538209 -0.1296294 0.0590494 0.0174952 0.9896480
1403636598.313555 -0.0256740 -0.0239907 -0.0960204 -0.1518229 -0.0694189 -0.0593600 0.9841784
1403636598.463556 -0.0056732 0.0038717 -0.0973989 -0.1583380 -0.0584933 -0.0638660 0.9835796
1403636598.613555 0.0141021 0.0112952 -0.0554889 -0.1429529 -0.0642655 -0.0636152 0.9855899
1403636599.213556 0.0557689 0.0545084 0.1570820 -0.0168023 -0.1063823 -0.0481257 0.9930179
1403636599.713556 0.0617642 0.0823957 0.2207239 0.0212269 -0.0859568 -0.0369193 0.9953883
1403636600.513556 0.0684183 0.0845533 0.2196058 0.0493042 -0.0895485 -0.0237937 0.9944767
1403636624.363556 0.0718203 0.0849792 0.2188962 0.0407885 -0.0843459 -0.0237178 0.9953188
1403636624.813555 0.1187024 0.0964860 0.1943409 0.0262930 -0.0689194 -0.0427894 0.9963573
1403636624.963556 0.1469501 0.0950954 0.1696539 0.0103135 -0.0611497 -0.0654473 0.9959272
1403636625.163556 0.1694784 0.0606135 0.1264471 -0.0095134 -0.0604728 -0.0710610 0.9955917
1403636625.363556 0.1731344 0.0122537 0.0959318 0.0013749 -0.0671631 -0.0591096 0.9959886
1403636627.163556 0.1898677 -0.2566043 0.1042641 0.0121178 -0.0842087 -0.0600216 0.9945650
1403636628.463556 0.3467204 -0.4118608 0.0720231 0.0268630 -0.0288493 -0.0198500 0.9990256
1403636629.063555 0.5022902 -0.4771286 0.1154179 0.0027232 -0.0047503 -0.0257987 0.9996521
1403636629.413555 0.6115931 -0.5401226 0.1677056 0.0128083 0.0227127 -0.0091065 0.9996185
1403636629.863556 0.7979077 -0.5172337 0.2983570 -0.0048947 0.0979816 0.0217918 0.9949376
1403636630.013556 0.8742862 -0.5044983 0.3631749 -0.0068506 0.1247630 0.0304304 0.9916961
1403636630.713556 1.2179503 -0.6919771 0.6221901 0.0116592 0.1501399 0.0224247 0.9883416
1403636634.463556 2.3163917 -1.2932496 2.6646504 0.0165823 0.0301673 -0.0139488 0.9993100
1403636634.863556 2.4467137 -1.4046544 2.9768577 0.0184519 0.0110640 -0.0283372 0.9993669
1403636635.063555 2.5014138 -1.4767873 3.1099102 0.0121525 0.0001892 -0.0347178 0.9993232
1403636635.413555 2.5805786 -1.5700555 3.3658648 0.0027119 -0.0118340 -0.0279057 0.9995368
1403636636.163556 2.7942464 -1.9708403 3.9117486 -0.0004596 -0.0088266 -0.0209003 0.9997425
1403636636.563555 2.9508264 -2.2532945 4.1922307 0.0427775 -0.0026882 -0.0397303 0.9982907
1403636636.763556 3.0202293 -2.3361096 4.3252048 0.0430023 0.0034616 -0.0558698 0.9975056
1403636637.413555 3.0953741 -2.4118791 4.6794295 0.0119244 -0.0114494 -0.0367382 0.9991882
1403636638.263556 3.0957351 -2.6881897 5.0586944 0.0252978 -0.0190109 -0.0365093 0.9988322
1403636638.463556 3.0957365 -2.6882353 5.1604381 -0.0035085 -0.0248074 -0.0220545 0.9994428
1403636638.663556 3.1094880 -2.6939342 5.2807970 -0.0172355 -0.0246105 -0.0238088 0.9992650
1403636638.863556 3.1327968 -2.7501392 5.4119015 0.0004588 -0.0226713 -0.0316249 0.9992425
1403636639.513556 3.2862663 -2.9166186 5.9078393 0.0067495 -0.0234410 -0.0325159 0.9991735
1403636639.763556 3.3791518 -2.9261653 6.1312790 0.0224742 -0.0214138 -0.0427975 0.9986014
1403636640.313555 3.5303655 -3.0736921 6.5130620 0.0264705 -0.0457784 -0.0482326 0.9974353
1403636641.163556 3.7189171 -3.2137055 6.9474230 0.0226036 -0.0590287 -0.0566886 0.9963890
1403636642.763556 3.9846082 -3.3475811 7.3935471 0.0113239 -0.0006658 -0.0275475 0.9995561
1403636644.313555 4.2701578 -3.6072676 7.8384895 0.0025019 -0.0098252 -0.0165391 0.9998118
1403636644.513556 4.3203487 -3.6333811 7.9811382 0.0254353 -0.0157390 0.0009809 0.9995521
1403636645.413555 4.7253814 -3.5729933 8.5885973 -0.0205150 0.0018421 -0.0276811 0.9994045
1403636645.713556 4.8477159 -3.6360233 8.8592062 -0.0067649 0.0036720 -0.0291046 0.9995467
1403636645.913555 4.9253931 -3.7053807 9.0524664 -0.0068524 0.0020104 -0.0254878 0.9996496
1403636646.113555 5.0051217 -3.8257349 9.2444000 0.0087930 0.0142001 -0.0096801 0.9998137
1403636647.113555 5.5440054 -4.3638625 10.0164747 0.0276217 0.1537736 0.0348350 0.9871055
1403636647.363556 5.6766114 -4.4539924 10.1451511 0.0256852 0.1497155 0.0367950 0.9877103
1403636647.563555 5.7818484 -4.5062180 10.2473955 0.0374652 0.1434819 0.0400795 0.9881310
1403636647.813555 5.9242973 -4.5713487 10.3419819 0.0390057 0.1472989 0.0400800 0.9875096
1403636648.063555 6.0760884 -4.6049957 10.4139280 0.0354686 0.1780853 0.0484162 0.9821830
1403636650.363556 7.3064251 -4.8634691 10.2900562 0.0410274 0.4086107 0.1247675 0.9032094
1403636651.313555 7.5175648 -4.7499199 9.9895182 0.0300034 0.4884205 0.1557523 0.8580714
1403636651.663556 7.5308881 -4.7464986 9.8555880 0.0348783 0.4792375 0.1514237 0.8638205
1403636651.913555 7.5291786 -4.7008233 9.7668791 0.0503789 0.4872490 0.1662673 0.8558069
1403636652.513556 7.4926710 -4.4213572 9.4682989 0.0141214 0.6207277 0.2299478 0.7494143
1403636653.013556 7.5245662 -4.2978048 9.1694822 0.0030856 0.6446338 0.2412762 0.7254127
1403636653.213556 7.5734711 -4.2555537 9.0657864 0.0135993 0.6455232 0.2268352 0.7291507
1403636654.613555 7.6699219 -4.0694194 8.4197531 0.0222003 0.6845196 0.2335951 0.6901981
1403636654.763556 7.6464586 -4.0691576 8.3509197 0.0195312 0.6960314 0.2467866 0.6739846
1403636655.313555 7.5471234 -3.9600179 8.1599493 0.0380526 0.7203114 0.2371419 0.6507435
1403636655.813555 7.3480692 -3.8286433 8.0064430 0.0276361 0.7474639 0.2783320 0.6025490
1403636656.063555 7.2402754 -3.7031426 7.9324331 0.0296275 0.7714025 0.2931862 0.5640056
1403636656.213556 7.1762142 -3.6481349 7.8680511 0.0228826 0.7810183 0.2953335 0.5497863
1403636656.363556 7.1123538 -3.6199973 7.7886510 0.0192470 0.7843055 0.2988590 0.5433027
1403636656.713556 6.9919772 -3.5995789 7.5743628 0.0240499 0.7880618 0.2850759 0.5450798
1403636657.013556 6.8887200 -3.5356693 7.4087129 0.0353815 0.7909473 0.2639570 0.5508878
1403636657.163556 6.8279905 -3.4827416 7.3405128 0.0425831 0.7885591 0.2651888 0.5532054
1403636657.413555 6.6905885 -3.4143803 7.2316756 0.0406063 0.7822539 0.2815266 0.5542318
1403636657.963556 6.3558040 -3.1924551 6.9519072 0.0406058 0.7770393 0.3095870 0.5465501
1403636658.213556 6.2051711 -3.0935190 6.7685394 0.0235776 0.7837198 0.3017944 0.5423537
1403636658.463556 6.0689812 -2.9871395 6.5675864 0.0087092 0.7882567 0.2952364 0.5398250
1403636658.613555 5.9993544 -2.9175582 6.4540625 -0.0012113 0.7911794 0.2891552 0.5389091
1403636658.963556 5.8762245 -2.7459133 6.2284479 0.0033169 0.7981362 0.2721895 0.5374761
1403636659.213556 5.8086691 -2.6125140 6.1127191 0.0198540 0.7994818 0.2678106 0.5373194
1403636659.313555 5.7793012 -2.5604105 6.0733685 0.0188452 0.7985161 0.2701228 0.5376343
1403636659.563555 5.6929107 -2.4662657 5.9873700 0.0088702 0.7946410 0.2812499 0.5379271
1403636659.863556 5.6074104 -2.3593373 5.9026260 0.0116170 0.7989622 0.2751926 0.5345965
1403636659.963556 5.5797763 -2.3141730 5.8883638 0.0076881 0.7983992 0.2796500 0.5331938
1403636660.213556 5.5131726 -2.1900353 5.8684430 -0.0022206 0.7946153 0.2934987 0.5314509
1403636660.463556 5.4826527 -2.0801806 5.8583775 -0.0173632 0.7879528 0.3121062 0.5304890
1403636660.913555 5.5547481 -1.9078732 5.8452702 -0.0085858 0.8055155 0.2618116 0.5315315
1403636661.063555 5.5918589 -1.8404230 5.8757086 0.0008213 0.8048359 0.2635770 0.5317571
1403636662.613555 5.6332741 -1.8276511 6.3803554 0.0060845 0.7953702 0.2894539 0.5325089
1403636662.813555 5.6152248 -1.8330079 6.4649887 0.0319420 0.7914535 0.3021966 0.5303379
1403636662.963556 5.5985160 -1.8144953 6.5236340 0.0273063 0.7892907 0.3092692 0.5297425
1403636663.713556 5.6270070 -1.6421673 6.6268139 -0.0308795 0.7897252 0.3093524 0.5288494
1403636664.063555 5.8219724 -1.5884062 6.6689849 -0.0376346 0.8017195 0.2657117 0.5340663
1403636664.213556 5.9344831 -1.6117313 6.7101231 -0.0181894 0.8008834 0.2626303 0.5378479
1403636664.363556 6.0559735 -1.6275545 6.7721071 -0.0019638 0.7989196 0.2609459 0.5418771
1403636664.713556 6.3262491 -1.6047164 6.9877572 0.0223231 0.7886751 0.2651996 0.5542223
1403636664.913555 6.4567528 -1.6241869 7.1191268 0.0147253 0.7849118 0.2644240 0.5601576
1403636665.363556 6.7385077 -1.7756854 7.3881989 0.0244188 0.7736762 0.2821105 0.5667825
1403636666.363556 7.3069286 -2.1544847 7.9601469 0.0344152 0.7830852 0.2711060 0.5586544
1403636666.613555 7.3995881 -2.2155247 8.1079063 0.0289333 0.7778246 0.2799557 0.5619400
1403636666.813555 7.4558225 -2.2848756 8.2062149 0.0102913 0.7734604 0.2862544 0.5654303
1403636667.813555 7.8205509 -2.4378364 8.6312065 0.0167221 0.7674260 0.2929868 0.5700321
1403636668.613555 8.1860695 -2.4226418 8.9074087 0.0044046 0.7805637 0.2837537 0.5569423
1403636668.813555 8.2972603 -2.3993607 8.9924564 -0.0046826 0.7872869 0.2715916 0.5535300
1403636669.663556 8.7548790 -2.5144639 9.5090027 0.0293793 0.7961769 0.2480308 0.5511079
1403636669.863556 8.8120737 -2.5671535 9.6676617 0.0546730 0.7906570 0.2559062 0.5535200
1403636670.113555 8.8222380 -2.6531570 9.8528166 0.0761869 0.7729250 0.2946314 0.5567538
1403636670.313555 8.7837152 -2.7301862 9.9468079 0.1063645 0.7624603 0.2963787 0.5652438
1403636674.763556 7.3113379 -2.3272927 7.9077177 0.0269659 0.4754022 0.1743684 0.8618940
1403636675.513556 7.7119322 -2.3693128 8.3415260 -0.0072309 0.4679672 0.1348692 0.8733640
1403636676.563555 8.2558622 -2.5016546 9.2720881 -0.0010487 0.2874204 0.0555144 0.9561938
1403636677.013556 8.3675375 -2.6732113 9.6877737 0.0159494 0.2318462 0.0701184 0.9700909
1403636678.663556 8.5533304 -3.0679865 10.7513828 0.0175574 -0.0108938 -0.0336243 0.9992209
1403636678.963556 8.5773888 -3.1330807 10.8536501 0.0180756 -0.0648622 -0.1004803 0.9926580
1403636680.213556 8.3635521 -3.3843899 10.9555960 0.0482027 -0.2351899 -0.1528631 0.9586423
1403636680.913555 8.0934353 -3.3677192 10.6132107 0.0167648 -0.2308502 -0.1195734 0.9654685
1403636681.213556 7.9211545 -3.2634161 10.4524508 -0.0076533 -0.2278038 -0.1237051 0.9657866
1403636681.463556 7.7632890 -3.2006283 10.3434696 0.0233248 -0.2309115 -0.1221706 0.9649923
1403636682.263556 7.2569327 -3.0600662 9.9012098 0.0205962 -0.2433670 -0.1206754 0.9621776
1403636682.863556 6.8893166 -2.9265337 9.5517292 0.0325618 -0.2355285 -0.1195987 0.9639306
1403636683.663556 6.4118009 -2.6736784 8.9989853 0.0229012 -0.2411158 -0.1198810 0.9627914
1403636684.163556 6.1336923 -2.5147827 8.6439333 0.0173257 -0.2492034 -0.1201657 0.9608110
1403636686.863556 5.1238909 -1.6531845 6.7104998 0.0120994 -0.2453353 -0.1180369 0.9621494
1403636688.713556 4.6809106 -0.9661477 5.8585262 0.0240589 -0.2456415 -0.1378629 0.9592055
1403636689.613555 4.3781991 -0.7447430 5.3987041 -0.0016215 -0.2881693 -0.1349462 0.9480218
1403636689.863556 4.2731333 -0.7720298 5.2982669 -0.0202975 -0.2922988 -0.1196009 0.9486016
1403636690.113555 4.1811004 -0.7924319 5.2596025 -0.0165270 -0.2907959 -0.1134952 0.9498860
1403636690.363556 4.1015444 -0.8337562 5.2695255 -0.0114245 -0.2821389 -0.1299552 0.9504624
1403636690.613555 4.0128465 -0.9031776 5.3068562 -0.0105036 -0.2866400 -0.1154335 0.9510007
1403636690.863556 3.9394362 -0.9373372 5.4002748 -0.0047188 -0.3011444 -0.0756394 0.9505622
1403636691.013556 3.9271641 -0.9419329 5.4843292 0.0174244 -0.3079093 -0.0589747 0.9494263
1403636692.263556 4.7288523 -1.3762895 5.8362184 0.0288911 -0.2917126 -0.1365328 0.9462705
1403636692.663556 5.0294218 -1.6019598 5.8172755 0.0242109 -0.2863201 -0.1386579 0.9477387
1403636693.013556 5.2510509 -1.7872529 5.7721963 0.0147155 -0.2719619 -0.1677960 0.9474517
1403636693.413555 5.4020553 -1.9196533 5.7217941 -0.0056912 -0.2837240 -0.1467298 0.9475963
1403636693.963556 5.4684014 -2.0169210 5.7990360 0.0043281 -0.2901617 -0.1394809 0.9467484
1403636694.763556 5.4662328 -2.1497219 6.0072503 0.0149932 -0.2915254 -0.1362409 0.9466924
1403636695.163556 5.4844756 -2.1512890 6.1293077 0.0102977 -0.2909772 -0.1243452 0.9485592
1403636696.263556 5.5575900 -2.2317929 6.3901315 0.0097199 -0.2698438 -0.1445787 0.9519385
1403636697.713556 5.4379253 -2.2133825 6.2591467 0.0170690 -0.2458307 -0.1349031 0.9597276
1403636699.613555 4.7029886 -1.8572551 5.7974372 0.0102488 0.1474804 0.0651889 0.9868612
1403636700.413555 4.6985760 -1.6722467 5.7276802 0.0191438 0.2303839 0.0912360 0.9686242
1403636701.863556 5.0953884 -1.3916247 5.5501795 0.0211068 0.2840611 0.0853123 0.9547699
1403636703.113555 5.5666714 -0.9829590 5.6707702 0.0064489 0.3847721 0.1274069 0.9141533
1403636703.713556 5.8423405 -0.9649856 5.7522111 0.0151512 0.3832050 0.1201953 0.9156842
1403636704.163556 6.0469360 -0.9532045 5.7924552 0.0237744 0.3733466 0.1272453 0.9186162
1403636704.713556 6.3179622 -0.9330667 5.8552480 -0.0087688 0.3715813 0.1208113 0.9204646
1403636705.163556 6.5901737 -0.9231646 6.0244293 -0.0146204 0.3682606 0.1161652 0.9223210
1403636705.563555 6.8717232 -0.9783275 6.2747531 -0.0031462 0.3696539 0.1101395 0.9226133
1403636706.363556 7.4384022 -1.1235234 6.8529906 0.0217039 0.3641909 0.1094953 0.9246106
1403636706.763556 7.7043371 -1.1696781 7.1152973 0.0029067 0.3662368 0.1038234 0.9247069
1403636707.213556 7.9860506 -1.3418652 7.4367156 0.0052108 0.3763856 0.1065952 0.9202957
1403636709.113555 9.1872606 -1.9458656 9.0575933 0.0354053 0.3888963 0.0945152 0.9157363
1403636709.513556 9.3429956 -2.0560749 9.2993574 0.0166582 0.3923701 0.1002153 0.9141800
1403636710.863556 9.3879843 -2.2440639 10.3805351 0.0314576 0.3045282 0.0935531 0.9473757
1403636711.263556 9.3504324 -2.2861350 10.6352625 0.0244707 0.2693070 0.0498151 0.9614538
1403636712.413555 8.8305073 -2.5851848 10.9440813 0.0405132 0.2478749 0.0518176 0.9665566
1403636713.213556 8.2488165 -2.7520344 10.7436352 0.0430464 0.2021934 0.0424107 0.9774795
1403636714.563555 7.3440938 -2.7798145 9.9547653 0.0129381 0.2060439 0.0669528 0.9761639
1403636716.813555 6.8665042 -2.5967438 9.0256090 0.0261277 0.0779534 0.0032262 0.9966093
1403636717.463556 6.7999701 -2.4652450 8.6776428 0.0233754 -0.0121798 -0.0603941 0.9978265
1403636718.063555 6.6240773 -2.2983577 8.3571024 0.0226592 -0.0486080 -0.0744337 0.9957829
1403636718.763556 6.2394114 -2.0424383 7.9963427 0.0112468 -0.1635968 -0.0672123 0.9841708
1403636719.813555 5.8279676 -1.6805636 7.5262489 0.0204369 -0.1605011 -0.0805281 0.9835329
1403636720.263556 5.7150064 -1.5665331 7.2994199 0.0150716 -0.1538011 -0.0772120 0.9849651
1403636723.063555 5.6848207 -1.0489218 6.3214545 0.0234697 -0.0285508 -0.0385914 0.9985713
1403636728.213556 5.2117066 -1.3007504 4.4658446 0.0300213 0.0948563 -0.0025334 0.9950350
1403636729.213556 4.9181952 -1.2332238 4.0477543 0.0324306 0.0333579 -0.0247939 0.9986094
1403636730.163556 4.5851183 -1.0754906 3.5481162 0.0167746 0.0250790 -0.0194961 0.9993546
1403636731.063555 4.2763276 -0.9862395 3.1993752 0.0023472 0.0148142 0.0032304 0.9998823
1403636731.863556 4.1940880 -0.9148324 3.1050050 0.0217882 0.0221366 -0.0084322 0.9994819
1403636732.763556 4.2146711 -0.7044162 2.9790013 0.0463912 0.0275121 -0.0391578 0.9977763
1403636733.663556 3.9697509 -0.6734279 2.4779694 0.0181276 0.0169262 -0.0247988 0.9993848
1403636736.113555 3.1398783 -0.5528457 1.4098443 0.0176155 0.0142147 -0.0194453 0.9995546
1403636737.563555 2.6771655 -0.4858408 1.1025120 0.0134943 -0.0492786 -0.0443505 0.9977086
1403636738.263556 2.4833910 -0.6318839 0.9352452 0.0116480 -0.0482450 -0.0339895 0.9981891
1403636739.663556 2.6310852 -0.5326328 1.0408738 0.0219574 0.2205037 0.0613452 0.9732075
1403636740.263556 2.7769001 -0.4358407 1.0866967 0.0206170 0.2386990 0.0548238 0.9693256
1403636741.363556 2.9765954 -0.0187370 1.1854670 0.0297803 0.2403077 0.0668001 0.9679375
1403636742.063555 3.0461228 0.2392479 1.2322371 0.0087984 0.2479509 0.0556541 0.9671326
1403636743.363556 3.2113907 0.4718167 1.4608310 -0.0186595 0.2404219 0.0857043 0.9666975
1403636743.913555 3.3926656 0.5312321 1.7082239 0.0209743 0.2605009 0.0756902 0.9622735
1403636744.563555 3.6074121 0.8187665 2.0946996 0.0400326 0.2812993 0.1031574 0.9532191
1403636745.163556 3.7965317 1.2014421 2.3490708 0.0186065 0.2780820 0.0894187 0.9562052
1403636745.813555 3.9771976 1.3090081 2.4817567 0.0344141 0.2842906 0.0754508 0.9551448
1403636747.913555 3.7581139 0.8172065 2.6616149 0.0211262 0.3034622 0.0954545 0.9478148
1403636748.813555 3.7157581 0.4714730 2.7933378 0.0306753 0.3073711 0.1080948 0.9449326
1403636750.663556 3.7376571 0.0305923 2.6574197 0.0313362 0.3008215 0.0823231 0.9496038
1403636751.513556 3.5153651 -0.4015550 2.3774371 0.0205456 0.2935639 0.1006971 0.9503990
1403636752.563555 3.4664407 -0.8103608 2.2058876 0.0291209 0.2237688 0.0584793 0.9724504
1403636755.363556 2.6722245 -0.8452327 1.7247784 0.0174807 -0.0615844 -0.0628326 0.9959688
1403636756.563555 1.8885660 -0.7221073 1.2269899 0.0290332 -0.0608634 -0.0586053 0.9960011
1403636757.163556 1.4738650 -0.6401709 0.9175506 0.0303545 -0.0671177 -0.0563470 0.9956901
1403636757.663556 1.1474121 -0.5021304 0.6199555 0.0066851 -0.0755942 -0.0721416 0.9945031
1403636758.113555 0.8062846 -0.5153597 0.3686695 0.0128833 -0.1019072 -0.0697428 0.9922625
1403636758.513556 0.5102690 -0.4852576 0.2131750 -0.0025753 -0.1103782 -0.0540195 0.9924172
1403636759.313555 0.1080683 -0.3415959 0.1438615 0.0206804 -0.1235377 -0.0153434 0.9920057
1403636762.013556 -0.0951062 0.0506855 0.0572877 0.0222572 -0.1101796 -0.0592128 0.9918966
1403636762.313555 -0.1205927 0.0324539 0.0469475 0.0045873 -0.0962652 -0.0891021 0.9913490
1403636762.613555 -0.1878327 0.0568283 0.0671012 0.0023552 -0.1161563 -0.0325972 0.9926931
1403636762.913555 -0.2114140 0.0138050 0.2505319 0.0583952 -0.1102217 -0.0423859 0.9912843
1403636763.313555 -0.1649537 0.1289826 0.1034241 0.0342996 -0.0729562 -0.0137918 0.9966497
