1413393217.105761 0.0000000 0.0000000 0.0000000 0.0000000 0.0000000 0.0000000 1.0000000
1413393217.405761 -0.0049684 -0.0164397 -0.0152080 -0.0054901 0.0016627 -0.0013012 0.9999827
1413393217.505760 -0.0089879 -0.0189569 -0.0204595 -0.0070895 0.0019786 -0.0020318 0.9999709
1413393219.055760 -0.1203226 -0.0198246 -0.1426801 -0.0436378 -0.0037199 0.0205123 0.9988299
1413393219.305761 -0.1350883 -0.0231325 -0.1559626 -0.0376272 -0.0062598 0.0206586 0.9990587
1413393219.555760 -0.1462670 -0.0280297 -0.1605779 -0.0318462 -0.0089952 0.0212589 0.9992262
1413393220.205760 -0.1602508 -0.0665146 -0.1623634 -0.0065359 -0.0049766 0.0073435 0.9999393
1413393221.705760 -0.1794366 -0.1459291 -0.1861484 -0.0277986 0.0028214 0.0049836 0.9995971
1413393223.155760 -0.1958986 -0.1778802 -0.1174868 -0.0399965 -0.0193015 0.0050099 0.9990008
1413393223.655760 -0.2082105 -0.1931067 -0.0491296 -0.0161680 -0.0161931 -0.0026196 0.9997347
1413393224.305761 -0.2428375 -0.1938885 0.0411938 -0.0098288 0.0024472 0.0020717 0.9999465
1413393224.705760 -0.2738757 -0.1643967 0.0963020 -0.0082828 0.0343019 0.0321301 0.9988605
1413393224.805761 -0.2809568 -0.1559290 0.1090284 -0.0128444 0.0492050 0.0422310 0.9978128
1413393225.655760 -0.3075790 -0.1558737 0.1828707 -0.0283021 0.1433720 0.0866096 0.9854655
1413393225.755760 -0.3048170 -0.1611641 0.1898238 -0.0282032 0.1718482 0.0929686 0.9803212
1413393225.855760 -0.3005307 -0.1654079 0.1975276 -0.0269129 0.2047690 0.0936153 0.9739515
1413393228.605761 -0.1431924 -0.1875204 0.4361127 -0.0275863 0.5161580 0.1820901 0.8364587
1413393228.755760 -0.1284213 -0.1894474 0.4442073 -0.0298664 0.5310101 0.1886377 0.8255616
1413393230.105761 0.0373145 -0.1845362 0.5450397 -0.0491529 0.5267516 0.1901913 0.8270091
1413393230.255760 0.0626664 -0.1864671 0.5595989 -0.0478647 0.5290323 0.1769313 0.8285705
1413393230.705760 0.1419927 -0.1924819 0.6038640 -0.0296017 0.5439464 0.2061282 0.8128697
1413393230.855760 0.1722531 -0.1959489 0.6161014 -0.0267165 0.5678965 0.2175941 0.7933679
1413393231.305761 0.2668540 -0.2113921 0.6436899 -0.0463606 0.6315632 0.2052169 0.7462336
1413393231.455760 0.2989773 -0.2158929 0.6595439 -0.0336856 0.6350944 0.2131604 0.7416758
1413393231.755760 0.3581503 -0.2111409 0.6907928 0.0057947 0.6425231 0.2111115 0.7365884
1413393231.905761 0.3825539 -0.2075248 0.7021199 0.0019369 0.6483639 0.2298247 0.7258106
1413393232.055760 0.4056402 -0.2060086 0.7095993 -0.0031276 0.6607556 0.2484668 0.7082772
1413393232.405761 0.4557082 -0.1947825 0.7079971 -0.0137186 0.7121512 0.2557462 0.6536409
1413393232.705760 0.4982673 -0.1704634 0.6990036 -0.0144736 0.7408473 0.2679539 0.6157405
1413393233.155760 0.5637791 -0.1377079 0.6679175 -0.0345746 0.7499642 0.2610302 0.6068127
1413393233.305761 0.5885880 -0.1358621 0.6527313 -0.0341991 0.7560154 0.2521227 0.6030798
1413393233.605761 0.6392673 -0.1446932 0.6184089 -0.0236558 0.7854123 0.2451561 0.5678614
1413393233.755760 0.6604240 -0.1536562 0.6015339 -0.0341185 0.8025544 0.2518397 0.5397399
1413393233.905761 0.6828067 -0.1682849 0.5850722 -0.0268757 0.8187130 0.2488508 0.5167785
1413393234.055760 0.7033393 -0.1832059 0.5704479 -0.0158523 0.8314753 0.2548887 0.4933856
1413393234.205760 0.7223829 -0.1951926 0.5578666 -0.0110014 0.8412484 0.2684703 0.4691522
1413393234.805761 0.7360996 -0.2212574 0.5049444 -0.0269292 0.8971221 0.2514544 0.3622396
1413393234.905761 0.7271898 -0.2285832 0.4970736 -0.0388322 0.9003947 0.2674800 0.3409339
1413393236.305761 0.7080866 -0.1863392 0.4629654 -0.0172752 0.9457330 0.2983318 0.1276277
1413393236.755760 0.7243283 -0.1942165 0.4532895 -0.0095474 0.9428315 0.3320163 0.0272560
1413393237.555760 0.7428247 -0.1882821 0.4046614 -0.0316582 0.9546999 0.2958762 0.0017759
1413393238.155760 0.7634634 -0.1689661 0.3797976 -0.0322291 0.9458809 0.3226857 0.0120229
1413393238.805761 0.7932327 -0.1706411 0.3076234 0.0221811 0.9507631 0.3090793 -0.0052474
1413393239.205760 0.7901500 -0.1531646 0.2590262 -0.0338901 0.9508941 0.3074685 -0.0107268
1413393239.455760 0.7914844 -0.1454746 0.2266684 -0.0389404 0.9499099 0.3098257 -0.0127609
1413393240.055760 0.8085631 -0.1354248 0.1377198 -0.0086710 0.9500918 0.3117220 -0.0089270
1413393240.405761 0.8118868 -0.1203571 0.0841062 -0.0262690 0.9516855 0.3058869 -0.0061503
1413393247.355760 0.7890047 0.0457115 0.0154842 -0.0270355 0.9198851 0.3105283 0.2380182
1413393247.505760 0.7929128 0.0538266 0.0247747 -0.0182915 0.9133140 0.3272842 0.2416774
1413393247.655760 0.7968777 0.0623443 0.0291315 -0.0093953 0.9098222 0.3340516 0.2460584
1413393247.955760 0.8024461 0.0810095 0.0207909 0.0088541 0.9157504 0.3081824 0.2575781
1413393250.005760 0.7194898 0.1006328 -0.0205388 -0.0409343 0.9275228 0.2911468 0.2307798
1413393250.155760 0.7269973 0.1067526 -0.0156513 -0.0419770 0.9243406 0.3025019 0.2287465
1413393250.305761 0.7367476 0.1121453 -0.0118262 -0.0389281 0.9260597 0.3009748 0.2243036
1413393254.005760 0.7658911 0.0464726 -0.0130596 -0.0101433 0.9199397 0.2933237 -0.2599411
1413393254.305761 0.7588822 0.0356039 -0.0448501 -0.0092432 0.9075173 0.2853532 -0.3080593
1413393254.455760 0.7550045 0.0295947 -0.0602097 -0.0215033 0.8974632 0.2944352 -0.3277275
1413393254.755760 0.7520317 0.0194063 -0.0979565 -0.0153920 0.8927521 0.2910605 -0.3435703
1413393255.355760 0.7503446 0.0098889 -0.1754364 0.0082450 0.9042765 0.2661169 -0.3337631
1413393255.855760 0.7341422 0.0099234 -0.2077321 0.0039460 0.8951380 0.2801898 -0.3467077
1413393256.155760 0.7170842 0.0137109 -0.2200762 -0.0155426 0.8870863 0.2939951 -0.3555322
1413393256.605761 0.6893958 0.0212394 -0.2537526 0.0034835 0.8878657 0.2940860 -0.3538301
1413393256.755760 0.6777343 0.0219579 -0.2688134 -0.0103376 0.8890573 0.2956471 -0.3493752
1413393257.105761 0.6490254 0.0418562 -0.3048169 -0.0071819 0.8952312 0.2890474 -0.3390591
1413393257.705760 0.5958052 0.0824606 -0.3722785 -0.0004681 0.8947513 0.2838382 -0.3447546
1413393257.955760 0.5702503 0.0993738 -0.4007651 -0.0154899 0.8906781 0.2880039 -0.3514347
1413393260.555760 0.4749098 0.1634904 -0.6856935 -0.0445104 0.9199958 0.2280224 0.3156458
1413393260.855760 0.4670140 0.1739288 -0.6873386 -0.0696652 0.9079362 0.2455736 0.3324039
1413393261.155760 0.4711154 0.1698375 -0.6652291 -0.0382867 0.8920161 0.3043603 0.3319734
1413393261.505760 0.4895414 0.1637353 -0.6467031 -0.0331234 0.8875483 0.2973442 0.3503530
1413393263.055760 0.5914545 0.1801936 -0.6900544 -0.0235901 0.8259624 0.2763565 0.4907715
1413393265.155760 0.6973381 0.3018230 -0.7450167 -0.0295360 0.8047452 0.2554190 0.5350457
1413393265.305761 0.7070204 0.3053662 -0.7460631 -0.0141459 0.8117959 0.2346559 0.5345315
1413393265.755760 0.7150937 0.3089009 -0.7416147 -0.0251839 0.7926890 0.2515646 0.5547299
1413393269.555760 0.6734394 0.2529503 -0.7505615 -0.0028652 0.4553083 0.1476005 0.8780092
1413393269.705760 0.6677636 0.2628900 -0.7458454 -0.0067998 0.4454078 0.1549780 0.8817865
1413393270.155760 0.6534399 0.3034704 -0.7404078 -0.0384747 0.4399234 0.1480174 0.8849169
1413393270.455760 0.6498405 0.3227853 -0.7360724 -0.0354732 0.4397624 0.1559902 0.8837520
1413393272.405761 0.6544946 0.2864214 -0.6433269 -0.0192356 0.6202528 0.2018785 0.7577345
1413393272.605761 0.6486682 0.2749808 -0.6312990 -0.0270962 0.6496083 0.2019269 0.7324619
1413393272.805761 0.6420712 0.2639698 -0.6198678 -0.0361478 0.6798455 0.2060282 0.7028911
1413393273.405761 0.6225007 0.2248306 -0.5723541 -0.0348745 0.7695743 0.2556424 0.5841113
1413393273.605761 0.6192228 0.2121305 -0.5587665 -0.0315206 0.8012837 0.2567206 0.5394862
1413393275.005760 0.5925554 0.1462899 -0.4940059 -0.0209625 0.9292032 0.2825180 0.2373300
1413393275.355760 0.5801637 0.1450844 -0.4811589 -0.0154701 0.9437771 0.2890765 0.1596250
1413393278.105761 0.4397096 0.1470473 -0.5187305 -0.0010727 0.9577309 0.2854679 -0.0354723
1413393278.605761 0.3942178 0.1533994 -0.5267452 0.0367124 0.9398730 0.3147658 -0.1273318
1413393278.855760 0.3527038 0.1512760 -0.5341837 -0.0086961 0.9434354 0.3030892 -0.1341305
1413393279.505760 0.2534723 0.1532372 -0.5554026 -0.0333120 0.9385307 0.3228915 -0.1174370
1413393280.055760 0.2032698 0.1682649 -0.5943800 -0.0291794 0.9501120 0.2936941 -0.1008933
1413393280.355760 0.1858741 0.1718057 -0.6123627 -0.0039098 0.9536741 0.2874973 -0.0885192
1413393281.355760 0.0519905 0.1800339 -0.6312025 -0.0271808 0.9472314 0.3093343 -0.0795373
1413393281.855760 -0.0253805 0.1690272 -0.6564272 -0.0299811 0.9529890 0.2857406 -0.0962567
1413393282.405761 -0.0866698 0.1450147 -0.6803232 -0.0068165 0.9471506 0.3022175 -0.1073488
1413393282.655760 -0.1163885 0.1372573 -0.6902887 -0.0333998 0.9495482 0.2936771 -0.1048632
1413393282.905761 -0.1374109 0.1387432 -0.6954061 -0.0254535 0.9538913 0.2875288 -0.0822842
1413393283.755760 -0.1628606 0.1478430 -0.7075011 -0.0331643 0.9419666 0.3061609 0.1336584
1413393284.305761 -0.1461240 0.1814609 -0.7150850 -0.0392737 0.9086778 0.2921138 0.2956887
1413393284.605761 -0.1246132 0.1887111 -0.7171046 -0.0347424 0.8784849 0.2744626 0.3895222
1413393285.255760 -0.0720260 0.1948017 -0.7208001 -0.0145419 0.7607983 0.2657148 0.5919207
1413393285.605761 -0.0442054 0.2002337 -0.7384072 -0.0185540 0.6919227 0.2360058 0.6820557
1413393285.905761 -0.0228553 0.2024827 -0.7585078 -0.0279285 0.6380406 0.1971830 0.7438031
1413393286.605761 0.0215181 0.2196732 -0.8049431 -0.0217004 0.6237059 0.2058537 0.7537535
1413393287.555760 0.0618628 0.2172410 -0.8272355 -0.0280153 0.5266138 0.1791351 0.8305442
1413393287.955760 0.0762031 0.2010218 -0.8184837 -0.0192657 0.4179702 0.1540751 0.8950925
1413393288.105761 0.0831370 0.1985963 -0.8172392 -0.0176679 0.3842351 0.1424160 0.9120136
1413393289.855760 0.2191706 0.2272401 -0.8056287 -0.0237394 0.3402097 0.1145704 0.9330420
1413393292.055760 0.3426799 0.3110525 -0.7622797 -0.0236734 0.3095311 0.0929471 0.9460396
1413393292.705760 0.3486508 0.2741396 -0.7708154 -0.0146197 0.2839750 0.0773507 0.9555947
1413393293.105761 0.3229624 0.2505422 -0.7818441 -0.0116792 0.2626655 0.0768637 0.9617497
1413393293.305761 0.3036430 0.2390615 -0.7888390 -0.0128394 0.2520073 0.0854629 0.9638587
1413393293.855760 0.2473423 0.2463943 -0.8048583 -0.0254112 0.2495891 0.0733982 0.9652317
1413393294.055760 0.2232732 0.2461599 -0.8101074 -0.0278796 0.2486753 0.0684227 0.9657648
1413393294.255760 0.1963764 0.2414112 -0.8146353 -0.0118019 0.2475260 0.0712662 0.9661846
1413393295.305761 0.0231901 0.2207016 -0.8251091 -0.0297460 0.2575572 0.0905003 0.9615556
1413393295.505760 -0.0076910 0.2128495 -0.8229114 -0.0263059 0.2519670 0.1082309 0.9613047
1413393295.705760 -0.0346646 0.2103145 -0.8194985 -0.0233837 0.2478506 0.1177195 0.9613352
1413393296.105761 -0.0747490 0.2196810 -0.8091355 -0.0364325 0.2589636 0.0732365 0.9624172
1413393296.305761 -0.0960548 0.2162901 -0.8011978 -0.0407312 0.2601110 0.0713928 0.9620740
1413393296.505760 -0.1187005 0.2110436 -0.7885460 -0.0388748 0.2590578 0.0912468 0.9607559
1413393296.905761 -0.1576488 0.2190779 -0.7507375 -0.0314851 0.2896867 0.1192104 0.9491466
1413393297.105761 -0.1708854 0.2207946 -0.7310270 -0.0317733 0.3052760 0.1194623 0.9442064
1413393297.405761 -0.1830532 0.2224777 -0.7015314 -0.0264396 0.3172135 0.1278858 0.9393198
1413393298.255760 -0.1774937 0.2226754 -0.6300199 -0.0281472 0.3117561 0.1257136 0.9413883
1413393298.455760 -0.1663982 0.2253722 -0.6162688 -0.0407790 0.3152066 0.1008114 0.9427720
1413393299.055760 -0.1401378 0.2134760 -0.5566027 -0.0227112 0.3069107 0.1226971 0.9435229
1413393299.255760 -0.1293646 0.2071927 -0.5369117 -0.0169322 0.3192028 0.1047533 0.9417269
1413393300.255760 -0.1305986 0.1716810 -0.4806713 -0.0224566 0.3169926 0.1059197 0.9422274
1413393300.655760 -0.1469107 0.1521990 -0.4662145 -0.0143459 0.2350383 0.1145063 0.9651111
1413393300.855760 -0.1493103 0.1456570 -0.4619886 -0.0178427 0.1945421 0.0800802 0.9774570
1413393301.455760 -0.1620532 0.1730865 -0.4453924 0.0053639 0.1064909 0.0397897 0.9935027
1413393302.155760 -0.2085251 0.1989702 -0.4558183 -0.0180657 0.0118924 -0.0011294 0.9997655
1413393302.305761 -0.2239411 0.1990902 -0.4574798 -0.0165122 0.0117564 0.0045614 0.9997841
1413393302.455760 -0.2405760 0.1980348 -0.4589984 -0.0160574 0.0145903 0.0149451 0.9996529
1413393303.055760 -0.2976446 0.1755002 -0.4663450 -0.0217090 0.0274799 0.0351161 0.9987695
1413393303.305761 -0.3130393 0.1624834 -0.4673745 -0.0202109 0.0293838 0.0276546 0.9989811
1413393303.555760 -0.3264563 0.1470726 -0.4667969 -0.0211058 0.0382242 0.0102843 0.9989933
1413393303.955760 -0.3531228 0.1131946 -0.4669599 -0.0147663 0.0394639 0.0248577 0.9988026
1413393304.155760 -0.3665670 0.1031244 -0.4653256 -0.0219851 0.0376985 0.0340709 0.9984661
1413393304.355760 -0.3764928 0.1046161 -0.4598141 -0.0351741 0.0392452 0.0219445 0.9983692
1413393304.955760 -0.4045646 0.1041992 -0.4260624 -0.0252060 0.0275402 0.0076795 0.9992734
1413393305.355760 -0.4286095 0.0898738 -0.3975093 -0.0278938 0.0347696 0.0013420 0.9990051
1413393305.705760 -0.4561041 0.0690437 -0.3681158 -0.0295374 0.0534782 0.0146610 0.9980244
1413393305.905761 -0.4735346 0.0551895 -0.3495027 -0.0263845 0.0798313 0.0013394 0.9964582
1413393306.255760 -0.5200456 0.0264898 -0.3157822 -0.0227086 0.0892922 0.0201343 0.9955430
1413393306.605761 -0.5712866 0.0067703 -0.2772782 -0.0304320 0.1247432 0.0523851 0.9903377
1413393306.755760 -0.5905700 0.0042172 -0.2569136 -0.0233900 0.1529953 0.0763500 0.9849954
1413393307.005760 -0.6163943 -0.0023257 -0.2256031 -0.0186799 0.1883487 0.1063463 0.9761487
1413393307.205760 -0.6274393 -0.0068095 -0.2037917 -0.0228218 0.2311690 0.1056558 0.9668903
1413393307.605761 -0.6334653 -0.0224588 -0.1668555 -0.0349545 0.3303326 0.1247406 0.9349323
1413393308.005760 -0.6275033 -0.0478116 -0.1267782 -0.0344373 0.4329740 0.1418149 0.8895146
1413393308.255760 -0.6222868 -0.0652305 -0.0972008 -0.0344904 0.4901853 0.1536222 0.8572800
1413393308.505760 -0.6193295 -0.0840648 -0.0639653 -0.0282242 0.5415840 0.1824442 0.8201246
1413393308.805761 -0.6151518 -0.0905636 -0.0227601 -0.0184476 0.5989524 0.2239003 0.7686250
1413393309.055760 -0.6088869 -0.0805356 0.0083019 -0.0105373 0.6518651 0.2272237 0.7234157
1413393309.555760 -0.6040074 -0.0673177 0.0540239 -0.0289801 0.6981480 0.2256562 0.6788437
1413393310.105761 -0.5940223 -0.0723792 0.0942097 -0.0209554 0.6783436 0.2544691 0.6889531
1413393310.505760 -0.5720443 -0.0736254 0.1047713 -0.0338108 0.6870368 0.2206990 0.6914688
1413393311.055760 -0.5381166 -0.0716602 0.1127287 -0.0323443 0.6879364 0.2379656 0.6848867
1413393311.505760 -0.4988979 -0.0446167 0.1131924 -0.0420869 0.6950309 0.2376968 0.6772451
1413393311.905761 -0.4489367 -0.0307998 0.1126803 -0.0356635 0.6961291 0.2189429 0.6827857
1413393312.355760 -0.3951935 -0.0292430 0.1218931 -0.0168510 0.6804399 0.2127848 0.7010279
1413393312.805761 -0.3533191 -0.0304371 0.1295288 -0.0230923 0.6767049 0.2200331 0.7022269
1413393313.655760 -0.2943437 -0.0430355 0.1277163 0.0017910 0.6551877 0.2176721 0.7234257
1413393314.105761 -0.2854021 -0.0321246 0.1080488 -0.0267206 0.6859455 0.2309986 0.6894957
1413393314.505760 -0.2837302 -0.0277777 0.0861459 -0.0419379 0.6614684 0.2182169 0.7162975
1413393314.955760 -0.2729753 -0.0228831 0.0793874 -0.0515946 0.5752891 0.1990391 0.7916842
1413393315.405761 -0.2375752 -0.0143584 0.0927501 -0.0499741 0.5498368 0.1687159 0.8165274
1413393317.355760 -0.1400160 -0.1671518 0.2800394 -0.0154728 0.5391746 0.1648827 0.8257512
1413393317.805761 -0.1485153 -0.1653048 0.3430108 -0.0127436 0.5446547 0.1696712 0.8212189
1413393318.705760 -0.2071689 -0.1383576 0.4647993 -0.0113180 0.5570763 0.2063793 0.8043292
1413393319.155760 -0.2370305 -0.1279877 0.4953065 -0.0040294 0.5575518 0.1948214 0.8069476
1413393319.605761 -0.2714702 -0.1220879 0.5073110 -0.0335111 0.5429995 0.2248082 0.8083872
1413393320.005760 -0.2769797 -0.0887227 0.5150136 -0.0389820 0.5494653 0.1904277 0.8125919
1413393320.405761 -0.2720293 -0.0589986 0.5347497 -0.0257243 0.5572405 0.1833779 0.8094404
1413393320.655760 -0.2717139 -0.0565275 0.5387900 -0.0394370 0.5583053 0.1899054 0.8066448
