1403715530.162143 -0.0084312 0.0050252 0.0098600 -0.0027816 -0.0005242 -0.0008556 0.9999956
1403715530.562143 -0.0768476 -0.1063187 0.0075731 -0.0172513 -0.0100874 0.0020204 0.9997982
1403715531.412143 -0.2856908 -0.2878024 0.0334342 -0.0346097 -0.0955530 0.0211284 0.9945981
1403715531.662143 -0.3311942 -0.3220158 0.0750061 -0.0214565 -0.1002989 0.0238894 0.9944391
1403715532.312143 -0.4046185 -0.3554123 0.1803391 0.0139015 -0.0868778 -0.0044110 0.9961122
1403715533.012143 -0.4032632 -0.3457057 0.2114958 0.0056243 -0.1059057 0.0624416 0.9923978
1403715533.412143 -0.2899843 -0.2964150 0.2126407 0.0182580 -0.0046290 0.0713492 0.9972736
1403715533.512143 -0.2516939 -0.2944446 0.2010667 0.0076930 0.0100019 0.0763339 0.9970025
1403715533.612143 -0.2061245 -0.2951127 0.1834840 -0.0014115 0.0145928 0.0921596 0.9956363
1403715534.212143 0.1627627 -0.3223350 0.0513447 -0.0217103 0.0422835 0.0568247 0.9972521
1403715534.362143 0.2666991 -0.3032948 0.0271945 -0.0218133 0.0450359 0.0418204 0.9978712
1403715534.512143 0.3654536 -0.2785167 0.0115065 -0.0244512 0.0560844 0.0397820 0.9973335
1403715535.412143 0.9116708 -0.1162231 0.0110655 -0.0875613 0.2166491 0.1145851 0.9655395
1403715535.612143 1.0312414 -0.1021768 0.0524341 -0.0518157 0.2188765 0.1305926 0.9655847
1403715536.462143 1.5353600 -0.0714252 0.3004556 -0.0646723 0.1353325 0.0212036 0.9884599
1403715536.562143 1.5827332 -0.0795254 0.3433900 -0.0554188 0.1353940 0.0063103 0.9892206
1403715537.412143 1.6629447 -0.2084139 0.6511261 0.0958075 0.1245284 -0.0062577 0.9875599
1403715537.762143 1.5218859 -0.2437683 0.6238818 0.0122471 0.1059436 0.0737341 0.9915590
1403715537.912143 1.4645478 -0.2594540 0.5974767 0.0336143 0.1092726 0.0758962 0.9905399
1403715538.062143 1.4072679 -0.2668317 0.5636426 0.0216379 0.1102397 0.0801104 0.9904349
1403715538.362143 1.3131605 -0.2588445 0.4779502 0.0025235 0.1377586 0.1034389 0.9850465
1403715540.812143 0.9035601 0.0879686 -0.5169062 -0.0896912 0.5002506 0.2593643 0.8212399
1403715541.912143 1.4983820 0.1644664 -0.8272332 -0.0897558 0.5382116 0.1734759 0.8198647
1403715542.212143 1.6901999 0.1665261 -0.8423052 -0.0718144 0.5201240 0.1159536 0.8431302
1403715542.612143 1.8681668 0.1341259 -0.7903665 0.0167592 0.4276896 0.1218211 0.8955224
1403715543.312143 1.9920737 0.1371667 -0.7140111 0.0146263 0.3836962 0.1559146 0.9100845
1403715544.062143 1.9805548 0.2206541 -0.7539105 -0.0054749 0.4812641 0.0965808 0.8712216
1403715544.562143 1.8122102 0.3539067 -0.7632490 -0.0168260 0.6364977 0.2261162 0.7371967
1403715544.712143 1.7514911 0.3887617 -0.7636495 -0.0148169 0.6659762 0.2335300 0.7083219
1403715544.962143 1.6358031 0.3888873 -0.7796984 -0.0117541 0.6820982 0.2257055 0.6954573
1403715545.362143 1.4281961 0.3629614 -0.7971421 -0.0328842 0.7063440 0.2523557 0.6605402
1403715545.612143 1.2978257 0.3579042 -0.8031015 -0.0019516 0.7136948 0.2868663 0.6390177
1403715545.762143 1.2185670 0.3525385 -0.8153025 0.0045745 0.7122691 0.2933441 0.6376528
1403715545.962143 1.1128162 0.3518691 -0.8429449 -0.0110754 0.7003256 0.2750105 0.6586277
1403715546.112143 1.0324873 0.3502966 -0.8652194 -0.0256761 0.6755955 0.2518271 0.6924555
1403715546.262143 0.9502742 0.3480605 -0.8896927 -0.0287467 0.6322266 0.2336172 0.7381640
1403715546.412143 0.8686175 0.3422794 -0.9148883 -0.0291879 0.5778964 0.2187798 0.7856967
1403715546.612143 0.7601702 0.3305514 -0.9464714 -0.0329705 0.4988540 0.1947432 0.8438796
1403715546.862143 0.6320441 0.3224467 -0.9868385 -0.0702828 0.3850247 0.1714759 0.9041086
1403715547.112143 0.5240119 0.3086980 -1.0129228 -0.0854071 0.2825673 0.1231270 0.9474709
1403715547.362143 0.4310060 0.2885277 -1.0134914 -0.0866606 0.1858365 0.0710880 0.9761666
1403715547.612143 0.3484326 0.2661195 -0.9761601 -0.0991968 0.0954020 0.0403961 0.9896598
1403715547.912143 0.2449292 0.2215748 -0.8795875 -0.0953198 -0.0129765 -0.0068957 0.9953383
1403715548.212143 0.1388445 0.1571225 -0.7319878 -0.0334491 -0.0742286 -0.0250426 0.9963655
1403715548.412143 0.0556932 0.1175475 -0.6245496 -0.0162520 -0.0763871 -0.0332669 0.9963906
1403715548.762143 -0.1002207 0.0822927 -0.4305021 -0.0192169 -0.0690113 -0.0124359 0.9973533
1403715548.912143 -0.1669689 0.0680268 -0.3517707 -0.0182317 -0.0641408 -0.0063127 0.9977543
1403715549.262143 -0.3328225 0.0257930 -0.1754546 0.0151226 -0.0882428 -0.0096964 0.9959370
1403715549.412143 -0.4042657 0.0074031 -0.1109143 0.0260800 -0.1019945 0.0000152 0.9944431
1403715549.762143 -0.5314270 -0.0182741 0.0177474 -0.0108220 -0.1147094 0.0445077 0.9923425
1403715549.962143 -0.5737597 -0.0399324 0.0870299 -0.0109663 -0.0764554 0.0823674 0.9936045
1403715550.112143 -0.5824235 -0.0528038 0.1384890 -0.0194031 -0.0292422 0.1118826 0.9931015
1403715550.512143 -0.5078139 -0.1267856 0.2533769 -0.0285233 0.1315190 0.1163187 0.9840524
1403715550.712143 -0.4406301 -0.1637690 0.3062341 -0.0251389 0.2058120 0.1428894 0.9677768
1403715550.912143 -0.3662322 -0.1792255 0.3624858 -0.0183339 0.2695365 0.1930917 0.9432548
1403715551.212143 -0.2168673 -0.1850355 0.4225976 -0.0134919 0.3750601 0.2229706 0.8996844
1403715551.512143 -0.0222833 -0.2070274 0.4279790 0.0045787 0.4734755 0.2653045 0.8398890
1403715551.912143 0.2630887 -0.2053861 0.3517481 0.0364876 0.6198431 0.2428281 0.7453172
1403715552.212143 0.4340186 -0.1852182 0.2498320 0.0244862 0.7111903 0.2308768 0.6635546
1403715552.512143 0.5420619 -0.1651724 0.1388082 0.0217222 0.7942932 0.2235993 0.5644730
1403715552.762143 0.5746475 -0.1497081 0.0575620 0.0406655 0.8525292 0.2457666 0.4594988
1403715553.012143 0.5526969 -0.1333024 -0.0091540 0.0571673 0.8927806 0.2903780 0.3396400
1403715554.262143 -0.1777850 -0.0533915 -0.1005214 -0.0378609 0.9158286 0.3997644 -0.0035833
1403715554.362143 -0.2404718 -0.0488220 -0.0976629 -0.0566052 0.9101014 0.4105009 -0.0006109
1403715554.762143 -0.4189796 0.0274471 -0.1293703 -0.2872002 0.9136933 0.2828215 0.0518904
1403715556.262143 0.3661984 -0.1677218 -0.0050211 0.0820642 0.9319161 0.3491348 0.0538773
1403715556.912143 0.2209945 -0.2033785 -0.0571560 -0.0504188 0.9334275 0.3465965 0.0777301
1403715557.062143 0.1806524 -0.1891147 -0.0733554 -0.0544914 0.9289529 0.3575417 0.0790012
1403715557.212143 0.1461570 -0.1752076 -0.0957113 -0.0398703 0.9180184 0.3868282 0.0775659
1403715557.912143 0.0245341 -0.0618184 -0.3599915 -0.0484032 0.9365367 0.3419391 0.0602807
1403715558.962143 0.0052884 0.0388934 -0.8675249 -0.0581519 0.9565964 0.2749936 0.0769434
1403715559.112143 0.0168312 0.0541106 -0.9037725 -0.0681128 0.9537391 0.2716507 0.1093081
1403715559.412143 0.0495011 0.0648562 -0.9401258 -0.0775227 0.9411495 0.2683078 0.1903649
1403715560.512143 0.3567071 0.1349748 -0.8165287 -0.0634683 0.8505706 0.3129681 0.4177948
1403715561.012143 0.5911843 0.1193914 -0.7413440 -0.0732209 0.7871138 0.2804803 0.5444458
1403715561.612143 0.9155268 0.0905391 -0.6323070 -0.0352151 0.6971353 0.2655403 0.6650193
1403715561.862143 1.0486590 0.0827217 -0.5963045 -0.0341711 0.6708660 0.2197682 0.7074412
1403715562.112143 1.1626377 0.0655531 -0.5541590 -0.0063226 0.6375375 0.1754777 0.7501423
1403715563.862143 1.2021205 -0.1422443 0.0919041 0.0250881 0.2668648 0.0574772 0.9616913
1403715565.612143 0.6657224 -0.2301003 0.0738788 0.0494647 -0.5096592 -0.1316225 0.8488088
1403715565.812143 0.6375554 -0.2414791 0.0244392 0.0492403 -0.5906789 -0.1605145 0.7892457
1403715565.962143 0.6298040 -0.2496077 -0.0176972 0.0454031 -0.6564577 -0.1860803 0.7296410
1403715566.212143 0.6368489 -0.2622803 -0.0879112 0.0491916 -0.7549422 -0.2216700 0.6152275
1403715566.312143 0.6459368 -0.2651264 -0.1138718 0.0508486 -0.7890664 -0.2323866 0.5663790
1403715566.412143 0.6611319 -0.2679459 -0.1373856 0.0532618 -0.8180843 -0.2440502 0.5180161
1403715566.612143 0.6944287 -0.2630431 -0.1762229 -0.0576066 0.8671712 0.2548628 -0.4239582
1403715566.912143 0.7750411 -0.2380724 -0.2143175 -0.0592849 0.9221619 0.2729704 -0.2675627
1403715567.212143 0.8817933 -0.2230792 -0.2225369 -0.0381005 0.9527517 0.2940605 -0.0658861
1403715567.312143 0.9222282 -0.2157807 -0.2187607 -0.0351099 0.9511247 0.3067033 0.0078932
1403715567.412143 0.9641794 -0.2122144 -0.2102129 -0.0413740 0.9441248 0.3166687 0.0814710
1403715567.562143 1.0237296 -0.1928669 -0.1932064 -0.0520101 0.9261640 0.3229502 0.1876655
1403715567.662143 1.0596663 -0.1777705 -0.1789766 -0.0537799 0.9114209 0.3193597 0.2538287
1403715568.262143 1.2767721 -0.0880169 -0.0557080 -0.0416275 0.7687844 0.2354464 0.5931295
1403715568.512143 1.3414888 -0.0718069 0.0178505 -0.0316550 0.6819259 0.2068038 0.7008618
1403715568.812143 1.3919901 -0.0728528 0.1081421 -0.0278126 0.5583423 0.1703192 0.8114627
1403715569.812143 1.3577875 -0.1401141 0.4395075 0.0001014 0.2354554 0.0702628 0.9693420
1403715571.762143 0.7576264 -0.0452813 0.3125177 -0.0548178 -0.4180090 -0.0691543 0.9041467
1403715572.262143 0.6694261 0.0179805 0.3529751 -0.1055430 -0.4015452 -0.1404349 0.8988327
1403715573.512143 0.2243240 -0.0535561 0.5062150 0.0048276 -0.7103550 -0.2183981 0.6690851
1403715573.912143 0.1025845 -0.0965963 0.4908163 0.0069511 -0.7743495 -0.2904908 0.5620940
1403715574.112143 0.0326549 -0.1157808 0.4778913 -0.0002773 0.8107827 0.3200979 -0.4900700
1403715574.262143 -0.0276319 -0.1317072 0.4637330 -0.0118649 0.8434331 0.3232130 -0.4289676
1403715574.462143 -0.1166962 -0.1454197 0.4370810 -0.0648385 0.8726978 0.3232192 -0.3601720
1403715574.712143 -0.2112602 -0.1475826 0.3871242 -0.0885982 0.8836143 0.3378100 -0.3118663
1403715575.212143 -0.3332884 -0.1393134 0.2176873 -0.0610259 0.9130977 0.2875105 -0.2826059
1403715575.462143 -0.3658720 -0.1338145 0.1314414 -0.0660782 0.9059293 0.2923164 -0.2991267
1403715575.712143 -0.3714991 -0.1301305 0.0482874 -0.1115775 0.8937640 0.2960072 -0.3179876
1403715575.962143 -0.3323227 -0.1218427 -0.0454281 -0.1015252 0.8898265 0.2986453 -0.3297158
1403715577.312143 0.3076170 -0.0778995 -0.4521370 -0.0177243 0.8749273 0.2672023 -0.4034737
1403715578.112143 0.7787924 0.0270244 -0.4712608 0.0352739 0.8507093 0.2587666 -0.4561681
1403715578.612143 0.9501083 0.1159221 -0.3589541 -0.0402573 -0.7495208 -0.2885993 0.5943974
1403715578.862143 0.9750730 0.1601855 -0.2914051 -0.0539690 -0.7003522 -0.3352657 0.6278464
1403715579.012143 0.9562795 0.1830435 -0.2680542 -0.0193793 -0.6978732 -0.3266803 0.6370851
1403715579.312143 0.8810744 0.2014314 -0.2731439 0.0983989 -0.6989412 -0.3091184 0.6373732
1403715579.512143 0.8312700 0.2226898 -0.3291686 0.0864710 -0.7013451 -0.3027583 0.6395116
1403715579.812143 0.7677838 0.2655015 -0.4730555 0.0606838 -0.7180804 -0.2772236 0.6354723
1403715580.562143 0.6488639 0.4080505 -0.9594715 0.0027199 -0.6386468 -0.1756111 0.7491887
1403715580.812143 0.6288676 0.4592096 -1.0996124 -0.0497487 -0.6181256 -0.1414315 0.7716495
1403715581.062143 0.6113546 0.4902069 -1.1931983 -0.1002637 -0.6101156 -0.1253568 0.7758813
1403715581.312143 0.5832408 0.4911174 -1.2193592 -0.0767502 -0.5999283 -0.1530699 0.7815146
1403715581.562143 0.5403364 0.4775652 -1.2009186 -0.0271930 -0.6243117 -0.1854600 0.7583535
1403715582.412143 0.3899946 0.4712355 -1.1499662 0.0493559 -0.7697416 -0.2520425 0.5844111
1403715583.462143 0.1825132 0.5566934 -1.2838051 0.0413221 -0.7624529 -0.2021645 0.6132598
1403715583.712143 0.1334129 0.5963571 -1.3219539 0.0965692 -0.7818111 -0.1241690 0.6033472
1403715584.162143 0.2788430 0.5910223 -1.3116015 0.0632567 -0.7940211 -0.1157819 0.5934000
1403715584.412143 0.4767496 0.5362459 -1.2532284 -0.0228333 -0.7734876 -0.2107356 0.5973157
1403715584.712143 0.6955501 0.4925655 -1.1357791 -0.0279973 -0.7550891 -0.2697755 0.5968901
1403715585.362143 0.9703774 0.3938988 -0.9422607 -0.0153708 -0.7256942 -0.3313987 0.6027491
1403715585.662143 0.9912580 0.3619301 -0.9283433 0.0232194 -0.7430891 -0.3004314 0.5975118
1403715586.912143 0.9369206 0.3990624 -0.9479122 0.0232290 -0.7593838 -0.2453710 0.6021543
1403715587.262143 0.9697005 0.3916973 -0.9582173 0.0308793 -0.7580675 -0.2435689 0.6041972
1403715587.612143 1.0107708 0.3709225 -0.9730172 -0.0011731 -0.7684785 -0.2142894 0.6029258
1403715587.962143 1.0490946 0.3359894 -0.9430715 -0.0167138 -0.7093963 -0.1928980 0.6776931
1403715588.362143 1.0937337 0.3185001 -0.8406547 0.0325798 -0.5966972 -0.1391745 0.7896338
1403715588.712143 1.1813362 0.3508811 -0.7293941 0.0164426 -0.4947370 -0.1150592 0.8612353
1403715589.112143 1.3123852 0.3876892 -0.5978991 -0.0627660 -0.3636269 -0.1438501 0.9182282
1403715589.912143 1.2885228 0.1845810 -0.2186969 -0.0294363 -0.2494138 -0.0956839 0.9632086
1403715590.212143 1.1983379 0.0440172 -0.0399457 0.0054847 -0.2598512 -0.0883695 0.9615811
1403715590.562143 1.0686357 -0.0925597 0.1379757 0.0141452 -0.3088348 -0.1578108 0.9378256
1403715591.112143 0.7701796 -0.2687355 0.3206064 0.0091152 -0.5111417 -0.1910467 0.8379452
1403715591.512143 0.5235900 -0.3675236 0.3990003 0.0346222 -0.6410077 -0.2738318 0.7161889
1403715591.912143 0.2564920 -0.3857601 0.4293136 0.0495595 -0.7471991 -0.3035194 0.5891632
1403715592.262143 0.0292721 -0.3241362 0.4027537 -0.0997129 0.8145003 0.3248616 -0.4702250
1403715592.612143 -0.1349247 -0.2753237 0.2759684 -0.1366915 0.8721154 0.3350023 -0.3293989
1403715593.012143 -0.1808500 -0.2006977 0.0440096 -0.0708397 0.9250332 0.3370869 -0.1602118
1403715593.412143 -0.1633850 -0.1108552 -0.2055299 -0.0646126 0.9427223 0.3268235 0.0169181
1403715594.312143 0.0622005 0.0422148 -0.6132414 -0.0873274 0.8717079 0.2937396 0.3823825
1403715594.662143 0.2207125 0.0756708 -0.6792550 -0.1089140 0.8094738 0.2629083 0.5135847
1403715595.012143 0.4169034 0.0933170 -0.6842583 -0.0956312 0.7046669 0.2907424 0.6401313
1403715595.362143 0.6672853 0.1092087 -0.6742938 -0.0629246 0.6060367 0.2558284 0.7505410
1403715595.762143 0.9733371 0.1348199 -0.6603017 -0.0310472 0.4981578 0.1150128 0.8588637
1403715596.212143 1.1609821 0.1116207 -0.6191690 0.0760732 0.4007135 0.0095976 0.9129893
1403715596.612143 1.0793277 0.0477680 -0.6152349 -0.1000575 0.3093846 0.1145604 0.9386936
1403715597.012143 0.9982626 -0.0421333 -0.5228947 -0.1685074 0.2208438 0.1342119 0.9512205
1403715597.412143 1.0189617 -0.1770001 -0.2766374 -0.0614881 0.1830804 0.1246081 0.9732285
1403715597.812143 1.0818450 -0.2920729 0.0025374 -0.0047606 0.0995962 0.0690737 0.9926161
1403715598.162143 1.1468583 -0.3784001 0.2159707 0.0208639 0.0722507 0.0410935 0.9963211
1403715598.462143 1.1971586 -0.4096974 0.3660859 0.0917371 0.0741721 0.0437313 0.9920536
1403715598.862143 1.2438848 -0.3900726 0.4332249 0.0436674 0.0816021 0.0471600 0.9945905
1403715599.462143 1.2722784 -0.2640229 0.3956904 -0.0053365 0.0710846 0.0809435 0.9941663
1403715600.062143 1.3642553 -0.1036706 0.3064559 -0.0047034 0.0848966 0.0479707 0.9952232
1403715600.362143 1.4046338 -0.0161666 0.2430321 -0.0191709 0.0559728 -0.0396212 0.9974616
1403715600.662143 1.3819433 0.0554244 0.1832983 -0.0521605 -0.0683996 -0.0352783 0.9956687
1403715601.012143 1.3174474 0.0823300 0.1333640 -0.0341289 -0.1982660 -0.0730516 0.9768261
1403715601.812143 1.0682775 -0.0386928 0.0433571 -0.0018528 -0.2491499 -0.0865825 0.9645851
1403715602.212143 0.9096553 -0.0856265 -0.0102960 0.0568388 -0.2009807 -0.0419920 0.9770429
1403715603.062143 0.6449206 -0.0128738 -0.2096054 -0.0227253 0.0260246 0.0093350 0.9993594
1403715604.362143 0.2776262 0.1513475 -0.3415793 -0.0522562 0.1241484 0.0718987 0.9882748
1403715604.812143 0.2428643 0.1576834 -0.3073424 -0.0248906 0.1299666 0.0618020 0.9892774
1403715605.212143 0.2076779 0.1517160 -0.2652318 -0.0264213 0.1273086 0.0597426 0.9897097
1403715605.712143 0.1656332 0.1489901 -0.2003053 -0.0233607 0.1119602 0.0743358 0.9906530
1403715606.112143 0.1476836 0.1664976 -0.1397977 -0.0153997 0.1149147 0.0539634 0.9917890
1403715606.562143 0.1207241 0.1785325 -0.0775982 -0.0117793 0.0993125 0.0715545 0.9924103
1403715606.912143 0.1132330 0.1788937 -0.0427627 0.0054647 0.0885430 0.0781301 0.9929884
1403715607.262143 0.1171811 0.1991578 -0.0239970 -0.0067179 0.0953308 0.0475635 0.9942860
1403715607.612143 0.1086813 0.2108265 -0.0227910 -0.0086182 0.0977543 0.0467088 0.9940765
1403715608.712143 0.0904937 0.2244219 -0.0268370 -0.0153498 0.0979240 0.0415962 0.9942057
1403715609.112143 0.0904891 0.2244018 -0.0267715 -0.0154449 0.0981377 0.0415686 0.9941843
