1403636858.651666 0.0000000 0.0000000 0.0000000 0.0000000 0.0000000 0.0000000 1.0000000
1403636858.801666 0.0091088 -0.0078051 -0.0048131 -0.0038925 0.0061334 -0.0005445 0.9999735
1403636858.851666 0.0147464 -0.0147546 -0.0081128 -0.0053299 0.0079348 -0.0006828 0.9999541
1403636858.951666 0.0287090 -0.0349971 -0.0151986 -0.0068381 0.0130027 0.0000638 0.9998921
1403636859.051666 0.0444831 -0.0604524 -0.0227314 -0.0088208 0.0180169 -0.0002781 0.9997987
1403636859.151666 0.0608369 -0.0845002 -0.0325448 -0.0143874 0.0216671 -0.0017444 0.9996602
1403636860.751667 0.1388068 -0.1452769 -0.0672303 -0.0926274 0.0640076 0.0047111 0.9936302
1403636866.401667 0.1043685 -0.7332159 -0.2098124 0.0026318 0.0845601 -0.0076746 0.9963853
1403636867.751667 0.1200734 -0.2955926 -0.2289528 -0.2285635 0.0535438 0.0048641 0.9720433
1403636868.351666 0.1067160 -0.3028651 -0.2607898 -0.2688606 0.0606326 0.0231579 0.9609898
1403636868.851666 0.0599156 -0.3038051 -0.3077463 -0.2638184 0.0699456 0.0207209 0.9618098
1403636869.751667 0.0997367 -0.3032378 -0.3007584 -0.2577734 0.0608927 0.0181672 0.9641135
1403636870.151666 0.3564382 -0.3293504 -0.2665440 -0.2517205 0.0901295 0.0329613 0.9630301
1403636870.651666 0.7035202 -0.3480468 -0.2285265 -0.2550443 0.1207429 0.0407605 0.9584947
1403636871.901667 0.3708915 -0.3358626 -0.2164005 -0.2468894 0.0975426 0.0479407 0.9629292
1403636872.551666 -0.0654207 -0.2941014 -0.1847478 -0.2499926 0.0451662 0.0358325 0.9665297
1403636872.701667 -0.0644555 -0.2970443 -0.1873867 -0.2435880 0.0421950 0.0307447 0.9684726
1403636873.801666 0.6916953 -0.3011345 -0.1886123 -0.2625457 0.1146214 0.0552268 0.9564945
1403636873.951666 0.7277904 -0.2933385 -0.1918121 -0.2610832 0.1165875 0.0576835 0.9565122
1403636874.401667 0.6281084 -0.2934687 -0.1805830 -0.2668432 0.1078186 0.0544230 0.9561422
1403636875.951666 0.0546204 -0.1672181 -0.3724013 -0.2189106 0.1918766 0.1496883 0.9449100
1403636876.151666 0.1738510 -0.1580563 -0.4596008 -0.2069915 0.2505407 0.1623977 0.9316710
1403636876.301666 0.2891639 -0.1638237 -0.4821114 -0.2030892 0.2802707 0.1721641 0.9222595
1403636876.501667 0.4705566 -0.1790631 -0.4402976 -0.2078663 0.3060457 0.1756009 0.9123003
1403636876.651666 0.6008435 -0.2117638 -0.3602835 -0.1953537 0.3099068 0.1578285 0.9169977
1403636876.801666 0.6816333 -0.2591242 -0.2549186 -0.1874126 0.2905101 0.1369910 0.9282854
1403636877.101666 0.6247225 -0.3329608 -0.0115792 -0.1754052 0.2038499 0.0848384 0.9594169
1403636878.101666 -0.0618677 -0.2065303 -0.1922894 -0.2415056 0.0418112 0.0465262 0.9683812
1403636878.301666 0.0186810 -0.1540223 -0.3044768 -0.2326693 0.0930998 0.0708518 0.9654934
1403636878.501667 0.1715300 -0.1312510 -0.3810295 -0.2246217 0.1461849 0.0985504 0.9583647
1403636878.701667 0.3594971 -0.1541701 -0.3963610 -0.2161966 0.2021882 0.1098856 0.9488435
1403636879.201667 0.7027770 -0.2850683 -0.2034287 -0.1914514 0.2254920 0.1092728 0.9489779
1403636879.401667 0.6987735 -0.3464783 -0.0827968 -0.1705162 0.2013053 0.0877791 0.9605703
1403636880.451666 0.2298381 -0.3058404 -0.3085712 -0.1876924 0.1299910 0.0594075 0.9717740
1403636880.651666 0.2274258 -0.2879593 -0.4479329 -0.1887435 0.1746300 0.0701877 0.9638225
1403636880.851666 0.1424812 -0.2689234 -0.5446277 -0.2021253 0.1765727 0.0804138 0.9599485
1403636881.051666 0.0276811 -0.2658429 -0.5533186 -0.1878543 0.1509414 0.0709060 0.9679359
1403636881.251667 -0.0706317 -0.2853148 -0.4958512 -0.1708379 0.1042111 0.0517132 0.9784070
1403636881.451666 -0.0958205 -0.3245389 -0.3919075 -0.1665171 0.0674658 0.0285467 0.9833136
1403636882.401667 0.4489421 -0.3194007 -0.1063856 -0.1466940 0.1071807 0.0185773 0.9831826
1403636882.651666 0.4010279 -0.2599751 -0.1233601 -0.1281573 0.0782897 0.0197866 0.9884609
1403636883.251667 0.2805137 -0.1330069 0.0927147 -0.0402564 -0.0399223 -0.0252449 0.9980723
1403636883.701667 0.2576525 -0.0776837 0.1649077 -0.0101507 -0.0735260 -0.0378859 0.9965217
1403636883.901667 0.2565596 -0.0689376 0.1744081 -0.0090627 -0.0849177 -0.0357278 0.9957060
1403636884.801666 0.2584295 -0.0645827 0.1759260 0.0116124 -0.0929468 -0.0398847 0.9948041
1403636897.501667 0.2880567 -0.0538639 0.1458627 -0.0024678 -0.0844468 -0.0450969 0.9954039
1403636897.801666 0.3470506 -0.0579429 0.0757987 -0.0466355 -0.0646258 -0.0658961 0.9946388
1403636897.951666 0.3700187 -0.0955806 0.0423019 -0.0530835 -0.0641731 -0.0707129 0.9940139
1403636898.351666 0.3969651 -0.1887844 0.0232131 -0.0309076 -0.0778463 -0.0714065 0.9939244
1403636898.551666 0.3966692 -0.2547175 0.0235197 -0.0319379 -0.0855378 -0.0714047 0.9932596
1403636899.001667 0.3712223 -0.3952610 0.0729798 -0.0370985 -0.0954145 -0.0643993 0.9926593
1403636899.201667 0.3695909 -0.4474596 0.1312580 -0.0283579 -0.0783447 -0.0538037 0.9950694
1403636899.401667 0.3882367 -0.5019220 0.2003396 -0.0074815 -0.0351646 -0.0410101 0.9985117
1403636900.301666 0.6308826 -0.6647417 0.4290424 -0.0060645 0.0341573 -0.0277440 0.9990129
1403636900.601666 0.7253334 -0.7875159 0.4479452 -0.0249743 0.0247931 -0.0293058 0.9989508
1403636900.801666 0.7889874 -0.8411950 0.4715407 -0.0404415 0.0190784 -0.0263166 0.9986531
1403636901.001667 0.8609411 -0.8761438 0.5304083 -0.0322309 0.0123855 -0.0136777 0.9993101
1403636901.901667 1.4319885 -1.0333889 0.8956016 -0.0198727 0.0175898 -0.0270309 0.9992822
1403636902.051666 1.5420599 -1.0334458 0.9589509 -0.0196001 0.0174541 -0.0298443 0.9992099
1403636902.251667 1.6824105 -1.0560585 1.0395135 -0.0193004 0.0168926 -0.0299795 0.9992214
1403636902.451666 1.8305840 -1.0597942 1.1210818 -0.0214384 0.0184595 -0.0264142 0.9992507
1403636904.301666 2.9055235 -1.4625381 1.7184579 -0.0248774 0.0098189 -0.0162597 0.9995100
1403636905.551666 3.7613523 -1.8739640 2.1862543 -0.0288216 0.0315938 -0.0457709 0.9980361
1403636905.951666 3.9249601 -1.9624224 2.3699603 -0.0336476 0.0146412 -0.0431321 0.9983953
1403636906.201667 4.0015936 -1.9695097 2.5247498 -0.0384679 0.0112427 -0.0471972 0.9980813
1403636906.801666 4.1503205 -2.1312101 2.9028175 -0.0252678 0.0052196 -0.0338374 0.9990942
1403636907.451666 4.3323450 -2.2543879 3.3458357 -0.0414061 -0.0027962 -0.0374541 0.9984362
1403636907.801666 4.4279532 -2.4240105 3.6209459 -0.0402877 -0.0088143 -0.0227394 0.9988905
1403636907.951666 4.4837518 -2.4986746 3.7595279 -0.0345345 -0.0081854 -0.0257988 0.9990369
1403636908.151666 4.5812435 -2.5610316 3.9573801 -0.0245087 -0.0071668 -0.0400206 0.9988725
1403636908.901667 4.9023385 -2.8206024 4.6679492 -0.0386358 -0.0211816 -0.0434095 0.9980853
1403636909.051666 4.9570327 -2.9183540 4.8080263 -0.0400788 -0.0229503 -0.0402926 0.9981200
1403636909.251667 5.0375423 -3.0411289 5.0056047 -0.0416379 -0.0229655 -0.0377119 0.9981567
1403636909.601666 5.2069440 -3.1867859 5.4239731 -0.0315451 -0.0188956 -0.0387797 0.9985710
1403636909.801666 5.3060737 -3.2303784 5.6817150 -0.0190905 -0.0163336 -0.0393053 0.9989113
1403636910.001667 5.4153662 -3.2399383 5.9407806 -0.0052447 -0.0058905 -0.0676217 0.9976798
1403636910.201667 5.4949584 -3.2371485 6.1740775 -0.0114289 -0.0107881 -0.0566015 0.9982731
1403636910.801666 5.6418281 -3.3699162 6.7616577 -0.0262161 -0.0182396 -0.0496356 0.9982567
1403636911.201667 5.7227955 -3.4213338 7.1519771 -0.0101969 -0.0218317 -0.0424501 0.9988080
1403636911.401667 5.7701359 -3.4886358 7.3072457 -0.0224572 -0.0194627 -0.0482519 0.9983930
1403636911.601666 5.8069677 -3.5810444 7.4574881 -0.0240832 -0.0179233 -0.0498002 0.9983079
1403636912.851666 6.1687236 -3.8237820 8.4919348 -0.0242661 -0.0193414 -0.0206714 0.9993047
1403636913.251667 6.3933878 -3.8165901 8.8506317 -0.0087818 -0.0128691 -0.0404508 0.9990600
1403636913.651666 6.6368423 -3.8852079 9.1226597 -0.0213797 -0.0135410 -0.0360341 0.9990301
1403636913.801666 6.7358942 -3.8931928 9.2227402 -0.0205971 -0.0120537 -0.0389453 0.9989563
1403636915.001667 7.4854579 -4.2262535 9.8485498 -0.0207912 -0.0042916 -0.0464762 0.9986938
1403636915.201667 7.5986800 -4.2521257 9.9341269 -0.0277954 -0.0028532 -0.0471138 0.9984987
1403636915.401667 7.6971726 -4.2515545 10.0419197 -0.0429243 -0.0015128 -0.0477460 0.9979357
1403636916.001667 7.9871721 -4.4294181 10.3792629 -0.0170956 -0.0096971 -0.0319842 0.9992951
1403636916.201667 8.1104040 -4.4991732 10.4756079 -0.0178065 -0.0057420 -0.0477231 0.9986854
1403636919.851666 8.8630228 -5.1811123 11.4444456 0.0010552 0.1840267 0.0192278 0.9827326
1403636920.551666 9.0763083 -5.0392365 11.3116531 -0.0015036 0.1825090 0.0112821 0.9831383
1403636921.201667 9.1725969 -5.0573850 11.0251474 -0.0200976 0.1854859 0.0157568 0.9823150
1403636923.351666 9.4721508 -4.5618110 10.6065540 -0.0116330 0.2792164 0.0581855 0.9583931
1403636925.601666 10.4587812 -4.4154739 11.2296305 -0.0553479 0.3248350 0.0713311 0.9414514
1403636925.951666 10.7300920 -4.4746652 11.4490967 -0.0435662 0.3291292 0.0653219 0.9410149
1403636926.701667 11.2687654 -4.5604281 12.0026121 0.0058447 0.3159377 0.0728613 0.9459600
1403636930.051666 14.3709707 -5.0067368 13.2058039 0.0032175 0.4365530 0.1094293 0.8929929
1403636930.401667 14.5999908 -5.1189671 13.2150459 0.0013556 0.4355069 0.1153926 0.8927578
1403636930.751667 14.8153963 -5.1983376 13.1945419 0.0038740 0.4357854 0.1144957 0.8927300
1403636933.201667 14.7647724 -5.0617862 12.1462421 -0.0007227 0.5564812 0.1471077 0.8177332
1403636933.801666 14.3555107 -4.8889871 11.9875517 -0.0022034 0.5615534 0.1515107 0.8134478
1403636934.251667 14.0910063 -4.8532920 11.8725834 0.0075364 0.6011460 0.1668296 0.7814950
1403636934.751667 13.7731514 -4.6966109 11.6962042 0.0126576 0.6889202 0.2143373 0.6923065
1403636935.901667 13.0325241 -4.7241502 11.0764484 -0.0016016 0.6930951 0.2190426 0.6867583
1403636936.101666 12.9242973 -4.6266427 10.9834032 -0.0180353 0.6868691 0.2357133 0.6872590
1403636936.851666 12.8234482 -4.3900228 10.5661249 0.0014734 0.7039430 0.2085149 0.6789578
1403636937.551666 12.7815552 -4.2929277 10.1982374 0.0027281 0.7086692 0.2108070 0.6733059
1403636938.451666 12.6524401 -3.9047959 10.0529203 0.0452612 0.7225763 0.2211363 0.6534016
1403636939.001667 12.3139496 -3.7984872 9.8067980 0.0120322 0.7279312 0.2291594 0.6461093
1403636939.351666 12.0908756 -3.6772177 9.5707340 0.0119192 0.7281155 0.2196697 0.6491925
1403636940.201667 11.4207869 -3.4029522 8.9916115 0.0248998 0.7354866 0.2222866 0.6395530
1403636940.401667 11.2274246 -3.2782702 8.8511982 0.0258520 0.7410964 0.2266776 0.6314468
1403636940.601666 11.0191355 -3.1532657 8.7068672 0.0214450 0.7437646 0.2344573 0.6256070
1403636941.201667 10.4218626 -3.0216701 8.1712675 0.0030945 0.7480981 0.2309985 0.6220766
1403636941.751667 9.9629717 -2.9291551 7.6920009 0.0062391 0.7432399 0.2184977 0.6323087
1403636942.201667 9.5856304 -2.8790369 7.3302021 0.0121170 0.7379006 0.2266023 0.6356157
1403636942.401667 9.4181614 -2.8456912 7.1756644 0.0193803 0.7380526 0.2309349 0.6336970
1403636942.851666 9.0542583 -2.6377754 6.8067484 0.0082792 0.7411618 0.2377254 0.6277717
1403636943.251667 8.7644634 -2.5365450 6.4208941 0.0124164 0.7494546 0.2238018 0.6229578
1403636943.401667 8.6546087 -2.4885676 6.2882113 0.0127071 0.7526618 0.2208479 0.6201331
1403636943.551666 8.5441694 -2.4259942 6.1624441 0.0121435 0.7547383 0.2198128 0.6179846
1403636943.701667 8.4300079 -2.3443334 6.0464354 0.0123231 0.7567136 0.2166593 0.6166776
1403636944.951666 7.7564740 -1.9244987 5.3228035 0.0019220 0.7223437 0.1988329 0.6623302
1403636945.651666 7.4419060 -1.8842176 5.1928391 -0.0040606 0.7167070 0.2080531 0.6656039
1403636945.901667 7.3311167 -1.8414986 5.1990643 -0.0245831 0.7131360 0.2289159 0.6621407
1403636946.151666 7.2679963 -1.7676054 5.2347426 -0.0083466 0.7215845 0.2116990 0.6591128
1403636946.801666 7.1364021 -1.4217725 5.4785504 0.0200567 0.7236263 0.2284894 0.6509649
1403636947.201667 7.0277925 -1.2257549 5.5583782 0.0183118 0.7182267 0.2491716 0.6494063
1403636947.401667 6.9735165 -1.1321793 5.5249634 -0.0257265 0.7193873 0.2494818 0.6477491
1403636947.751667 7.0201182 -1.1011486 5.4154391 -0.0138180 0.7262177 0.2335131 0.6464429
1403636947.951666 7.0896759 -1.0771810 5.3550272 -0.0272136 0.7314097 0.2146875 0.6466904
1403636949.051666 7.8433619 -0.9362444 5.6313353 0.0142009 0.7178891 0.2077935 0.6642706
1403636949.551666 8.1566744 -0.9245239 5.9840746 0.0220818 0.7127236 0.2106623 0.6686994
1403636950.001667 8.3374834 -0.9441271 6.2146354 -0.0013338 0.7057163 0.2322933 0.6693299
1403636950.351666 8.5141697 -0.9902797 6.3220448 -0.0110830 0.7089791 0.2276317 0.6673902
1403636950.601666 8.6823845 -0.9771457 6.4062090 -0.0132420 0.7179466 0.2018670 0.6660533
1403636951.101666 9.0015430 -1.0848908 6.6119456 0.0108062 0.7121305 0.2099840 0.6698208
1403636951.851666 9.5029774 -1.1851828 6.9012899 -0.0129818 0.7125196 0.2134843 0.6682603
1403636952.101666 9.7187386 -1.2459376 6.9959745 -0.0128790 0.7168734 0.2011724 0.6674252
1403636953.101666 10.4624424 -1.2252873 7.5822859 0.0037726 0.7064621 0.2299360 0.6693478
1403636953.451666 10.6976318 -1.1604469 7.7694998 0.0001851 0.7082244 0.2237513 0.6695921
1403636953.801666 10.9665041 -1.1857258 7.8907762 -0.0221671 0.7107168 0.2072258 0.6718985
1403636955.501667 12.6557817 -1.6399957 9.0082493 -0.0045282 0.7365745 0.2085537 0.6433839
1403636956.101666 13.2052326 -1.8321182 9.5685520 0.0198933 0.7354712 0.2312784 0.6365505
1403636956.451666 13.4816551 -1.9630806 9.8322124 0.0058263 0.7423142 0.2219969 0.6321812
1403636956.801666 13.7225046 -2.0034807 10.1195536 0.0280116 0.7119240 0.2162567 0.6675423
1403636962.101666 14.2797470 -2.6742806 12.3658342 -0.0141594 0.1530929 0.0065352 0.9880887
1403636962.351666 14.1671495 -2.7831199 12.4338522 -0.0140569 0.0960247 -0.0144210 0.9951752
1403636962.601666 14.0433149 -2.9388504 12.4652433 -0.0159747 0.0379537 -0.0467654 0.9980568
1403636962.851666 13.9025660 -3.0641279 12.4911480 -0.0153520 -0.0007633 -0.0773252 0.9968874
1403636963.401667 13.4834995 -3.1441240 12.5232153 -0.0099980 -0.0153505 -0.0460450 0.9987714
1403636964.401667 12.6867361 -3.2861061 12.2659292 -0.0067877 0.0056258 -0.0533615 0.9985363
1403636964.701667 12.4000435 -3.2511842 12.1423950 -0.0052176 -0.0081762 -0.0742712 0.9971909
1403636965.001667 12.0469971 -3.1923468 11.9673824 0.0015110 -0.0686982 -0.0935437 0.9932411
1403636965.251667 11.7185688 -3.1764104 11.7660236 -0.0147824 -0.1168064 -0.1040691 0.9875765
1403636965.551666 11.2945023 -3.2411232 11.5219831 -0.0633377 -0.1341323 -0.1033537 0.9835216
1403636965.851666 10.8348713 -3.4206998 11.3425493 -0.0170507 -0.1400384 -0.0760152 0.9870766
1403636968.851666 8.1619272 -2.2276402 8.7147875 0.0011023 -0.1056185 -0.0909705 0.9902363
1403636969.151666 7.9647040 -2.0997081 8.2375793 -0.0051907 -0.1099271 -0.0778202 0.9908749
1403636969.451666 7.7576938 -2.0538754 7.7164869 -0.0314980 -0.1068569 -0.0802223 0.9905321
1403636969.801666 7.5059824 -1.9782193 7.1880031 -0.0357077 -0.1027330 -0.0814589 0.9907247
1403636970.101666 7.2819548 -1.8522354 6.8266478 -0.0211366 -0.1043731 -0.0788147 0.9911850
1403636970.401667 7.0564837 -1.6915576 6.4909005 -0.0181669 -0.1054019 -0.0795848 0.9910735
1403636970.701667 6.8246970 -1.5704627 6.1627235 -0.0440474 -0.1057735 -0.0838334 0.9898705
1403636971.401667 6.2493420 -1.4086907 5.7302737 -0.0367679 -0.1257950 -0.0347217 0.9907664
1403636971.801666 6.0890336 -1.2273489 5.7060938 -0.0121799 -0.1191361 -0.0644188 0.9907111
1403636972.151666 6.0171456 -1.0843927 5.6731224 -0.0103637 -0.1194199 -0.0678840 0.9904662
1403636974.301666 6.0633931 -0.8283444 5.4423618 -0.0238305 -0.0146108 -0.0439256 0.9986437
1403636974.801666 6.0989556 -0.6751175 5.4612021 -0.0198358 0.1286014 0.0046763 0.9914870
1403636977.051666 6.5579967 -0.4289829 5.6204987 -0.0160558 0.3951325 0.1139553 0.9113873
1403636977.601666 6.8566761 -0.3548297 5.5968075 -0.0010996 0.3852316 0.1015379 0.9172162
1403636978.201667 7.2405696 -0.1651605 5.5446773 -0.0047757 0.3990114 0.1052075 0.9108779
1403636978.751667 7.6128359 -0.1801106 5.4241114 -0.0436517 0.4026090 0.1131844 0.9072981
1403636979.251667 8.0362997 -0.1154395 5.5176420 -0.0113829 0.4072444 0.0987283 0.9078960
1403636979.751667 8.4517450 -0.1194944 5.6875830 -0.0411061 0.4065464 0.1087941 0.9061976
1403636980.501667 9.1302176 -0.2826773 6.1804872 -0.0009721 0.4179456 0.1030234 0.9026111
1403636981.551666 9.8409424 -0.3373469 6.8625669 -0.0021179 0.4152538 0.1129164 0.9026681
1403636982.051666 10.1464233 -0.4346988 7.1247110 -0.0455281 0.4266636 0.1141060 0.8960274
1403636982.551666 10.5613794 -0.5952039 7.5425763 -0.0116080 0.4228113 0.1227596 0.8977895
1403636983.651666 11.7720470 -0.8612968 8.4565582 -0.0188316 0.4270506 0.1021744 0.8982392
1403636984.351666 12.4807787 -1.2066803 9.1042862 -0.0229373 0.4362910 0.1055681 0.8932969
1403636984.901667 13.0038500 -1.3927720 9.7703800 -0.0098961 0.4357542 0.1085976 0.8934355
1403636985.751667 13.6216955 -1.7418792 10.7915983 -0.0155540 0.4153975 0.0794636 0.9060290
1403636986.251667 13.7567844 -1.9447318 11.4038076 0.0018801 0.4065612 0.0681526 0.9110761
1403636990.501667 11.6399317 -2.5052159 11.0599556 -0.0039644 0.3904663 0.0866245 0.9165242
1403636991.001667 11.1934900 -2.3136272 10.4437771 -0.0119245 0.3858338 0.0856094 0.9185103
1403636991.451666 10.8071737 -2.1010532 9.9841814 -0.0144588 0.3890882 0.0859045 0.9170724
1403636992.051666 10.3159695 -2.0742009 9.3744354 -0.0077824 0.3953888 0.1073784 0.9121825
1403636992.601666 9.9573298 -1.9366564 8.8735075 -0.0163548 0.4096192 0.0958785 0.9070567
1403636993.451666 9.3851147 -1.8462178 8.2789145 0.0003119 0.3747108 0.0875089 0.9230027
1403636997.301666 6.0470037 -1.1343801 4.4409671 -0.0277984 0.1471294 0.0145881 0.9886189
1403636998.001667 5.6780157 -1.1174949 3.9599941 -0.0334555 0.1470834 0.0093555 0.9885139
1403636998.651666 5.4218564 -1.3639834 3.7174287 -0.0181915 0.1561624 0.0112925 0.9874993
1403636999.401667 5.1218581 -1.5966126 3.4884644 -0.0085439 0.1635887 0.0012319 0.9864908
1403637000.201667 4.6278119 -1.4618969 3.2303631 -0.0051537 0.1660300 0.0001302 0.9861072
1403637001.151666 3.8340268 -1.3714889 2.7167571 -0.0024950 0.1661570 0.0072674 0.9860694
1403637001.851666 3.1955462 -1.3099399 2.2103267 -0.0117822 0.1683902 0.0166027 0.9855102
1403637002.651666 2.5447068 -1.0576203 1.6723924 -0.0158474 0.1726401 0.0075086 0.9848288
1403637003.301666 2.0030599 -0.9120187 1.3027148 -0.0130791 0.1777688 0.0163687 0.9838492
1403637003.901667 1.5145882 -0.8164490 0.9499106 -0.0130009 0.1782060 0.0199541 0.9837049
1403637004.451666 1.1108037 -0.6688998 0.6784522 -0.0185364 0.1724745 0.0190828 0.9846547
1403637008.151666 0.1676822 -0.1083254 -0.1056518 -0.0241361 0.0672162 -0.0167829 0.9973053
1403637008.701667 0.0888883 -0.1180049 -0.0892427 -0.0143611 0.0754365 -0.0057727 0.9970305
1403637009.151666 0.1033100 -0.0661929 -0.0254971 -0.0249273 0.0792879 -0.0003811 0.9965400
1403637009.551666 0.1723890 -0.0104662 0.0195417 0.0082514 0.0427044 -0.0117126 0.9989850
