1403638518.077829 0.0000000 0.0000000 0.0000000 0.0000000 0.0000000 0.0000000 1.0000000
1403638522.127830 -0.0021749 -0.0062263 -0.0014807 -0.0043622 -0.0060746 -0.0032907 0.9999666
1403638522.177829 -0.0037288 -0.0141338 -0.0046721 -0.0039174 -0.0083262 -0.0018156 0.9999560
1403638522.227829 -0.0044963 -0.0255333 -0.0087513 -0.0004398 -0.0104907 -0.0011648 0.9999442
1403638522.277829 -0.0053186 -0.0410736 -0.0140650 0.0044222 -0.0138089 0.0002041 0.9998949
1403638522.327830 -0.0056216 -0.0605027 -0.0206206 0.0098792 -0.0170728 0.0011817 0.9998047
1403638522.377829 -0.0055666 -0.0827033 -0.0281457 0.0130796 -0.0202183 0.0019581 0.9997081
1403638522.427830 -0.0051215 -0.1072506 -0.0370560 0.0131824 -0.0247563 0.0039078 0.9995990
1403638522.477829 -0.0051363 -0.1332896 -0.0459827 0.0110387 -0.0294755 0.0065579 0.9994830
1403638522.577829 -0.0046712 -0.1867472 -0.0653545 0.0046256 -0.0377290 0.0139062 0.9991806
1403638524.077829 0.0656069 -0.0912087 -0.0448160 -0.0032331 -0.0352100 -0.0276707 0.9989915
1403638526.327830 0.1875072 -0.1469354 -0.0503329 -0.0051458 -0.0133594 -0.0050472 0.9998848
1403638529.827830 0.0970682 -0.1177769 0.0034957 -0.0213006 0.0626516 0.0160230 0.9976795
1403638529.927830 0.0889485 -0.0980031 0.0091671 -0.0123157 0.0630462 0.0162397 0.9978025
1403638530.227829 0.0868943 -0.0769654 0.0609710 -0.0171214 0.0703164 0.0211841 0.9971528
1403638530.427830 0.0953079 -0.0691653 0.1011714 -0.0158413 0.0797166 0.0269835 0.9963263
1403638530.677829 0.1069308 -0.0615381 0.1286484 -0.0221447 0.0838036 0.0336503 0.9956677
1403638530.777829 0.1096442 -0.0564554 0.1349679 -0.0286159 0.0848437 0.0347697 0.9953762
1403638531.377829 0.1068262 -0.0457880 0.1457357 -0.0100994 0.0830695 0.0297444 0.9960486
1403638538.977829 0.1068290 -0.0519813 0.1497313 0.0034017 0.0818100 0.0287290 0.9962280
1403638542.177829 -0.5571814 -1.0893782 1.2302547 0.0220324 -0.1736818 -0.0825894 0.9810852
1403638542.777829 -1.0275427 -1.2790818 1.4829025 0.0487111 -0.2587774 -0.1366469 0.9549812
1403638543.127830 -1.3643930 -1.4289639 1.5093185 0.0252439 -0.2662492 -0.1195735 0.9561257
1403638543.577829 -1.8327097 -1.5430918 1.5506977 0.0222265 -0.2787025 -0.1252633 0.9519139
1403638544.027829 -2.3127770 -1.6313305 1.5843667 0.0267177 -0.3693826 -0.1683528 0.9135097
1403638544.177829 -2.4948900 -1.6897914 1.5865554 0.0218345 -0.3905234 -0.1682359 0.9048267
1403638544.527829 -2.9171381 -1.7741348 1.6238492 0.0209439 -0.4006659 -0.1691798 0.9002258
1403638544.827830 -3.2741833 -1.8557444 1.6704235 0.0312550 -0.4070100 -0.1666559 0.8975477
1403638545.827830 -4.4024391 -1.9261221 1.9006377 0.0255455 -0.4598194 -0.1897495 0.8671266
1403638545.927830 -4.5096993 -1.9451125 1.9145635 0.0255224 -0.4803828 -0.2015882 0.8531958
1403638546.427830 -5.0816312 -2.0416648 1.9753877 0.0219490 -0.5373378 -0.2268734 0.8119820
1403638546.627830 -5.3159070 -2.0427463 2.0041888 0.0222469 -0.5437366 -0.2306653 0.8066282
1403638546.777829 -5.4988699 -2.0645978 2.0195401 0.0240498 -0.5523314 -0.2355079 0.7993045
1403638547.577829 -6.5434246 -2.1126585 2.0314102 0.0222216 -0.5586832 -0.2406712 0.7933830
1403638547.977829 -7.1127791 -2.0042629 2.0262127 0.0276662 -0.5549747 -0.2445299 0.7946337
1403638548.127830 -7.3397951 -1.9694684 2.0081372 0.0244973 -0.5613555 -0.2456688 0.7898903
1403638548.577829 -8.0331335 -1.9912264 1.8568740 0.0208666 -0.6111003 -0.2634185 0.7461445
1403638548.727829 -8.2750530 -1.9920919 1.8170542 0.0209530 -0.6209714 -0.2664247 0.7368672
1403638549.527829 -9.6540442 -2.1833482 1.4596881 0.0156042 -0.6288576 -0.2594754 0.7327805
1403638549.677829 -9.9198446 -2.2261174 1.3989400 0.0180704 -0.6293465 -0.2558532 0.7335773
1403638549.827830 -10.1806087 -2.2718074 1.3524636 0.0169651 -0.6289559 -0.2567765 0.7336161
1403638550.277829 -10.9796572 -2.5063310 1.1482532 0.0132698 -0.6286359 -0.2577831 0.7336134
1403638550.427830 -11.2448044 -2.6126561 1.0920624 0.0138470 -0.6302804 -0.2564406 0.7326617
1403638550.727829 -11.7837086 -2.7910910 1.0036088 0.0141874 -0.6358876 -0.2443448 0.7319435
1403638550.877829 -12.0481091 -2.8591125 0.9708873 0.0220738 -0.6384532 -0.2361598 0.7322013
1403638551.327830 -12.7516870 -3.0712981 0.9494218 0.0272403 -0.6422083 -0.2199679 0.7337851
1403638551.477829 -12.9503260 -3.1634073 0.9655005 0.0180421 -0.6273615 -0.2154978 0.7480994
1403638551.677829 -13.1907959 -3.2709379 1.0223310 0.0063099 -0.5969792 -0.1934370 0.7785616
1403638552.277829 -13.7324953 -3.6510336 1.3937325 0.0187262 -0.5255587 -0.1794779 0.8313994
1403638552.627830 -13.9324331 -3.9312336 1.6754749 0.0314841 -0.5317005 -0.1614231 0.8308104
1403638552.777829 -13.9862747 -4.0315189 1.8248543 0.0315696 -0.5327852 -0.1651413 0.8293803
1403638552.927830 -14.0155401 -4.1239443 1.9863467 0.0320910 -0.5332774 -0.1738060 0.8272707
1403638554.377829 -13.2173681 -4.9863701 3.2813315 0.0364924 -0.5277932 -0.2137136 0.8212363
1403638554.577829 -13.0026426 -5.0599990 3.4119270 0.0319513 -0.5274146 -0.2159973 0.8210713
1403638554.977829 -12.6000490 -5.2606030 3.6456470 0.0255132 -0.5342078 -0.1976046 0.8215373
1403638555.377829 -12.1847773 -5.4149599 3.9340842 0.0264108 -0.5011231 -0.1906750 0.8436949
1403638555.777829 -11.7681217 -5.5387487 4.2395101 0.0257482 -0.4886801 -0.1898612 0.8511648
1403638556.677829 -10.9511404 -5.9980125 4.8915844 -0.0043553 -0.4878494 -0.1918502 0.8515736
1403638556.877829 -10.8204889 -6.1365709 5.0672641 0.0038663 -0.4931259 -0.1773459 0.8516809
1403638558.177829 -10.0025826 -7.0182662 6.5696249 0.0091949 -0.4826550 -0.2058552 0.8512245
1403638558.377829 -9.9166174 -7.1438828 6.8007131 0.0000769 -0.4779589 -0.2142640 0.8518487
1403638559.327830 -9.9671907 -7.9299836 7.9779034 0.0214972 -0.4825898 -0.1988724 0.8526985
1403638559.477829 -10.0000486 -8.0127258 8.1945896 0.0264472 -0.4812810 -0.2051439 0.8518128
1403638560.077829 -10.1983681 -8.2607412 8.9910698 0.0280833 -0.4668448 -0.1935585 0.8624398
1403638560.377829 -10.3105278 -8.3288584 9.3915710 0.0365475 -0.4030105 -0.1584661 0.9006305
1403638561.977829 -9.9777269 -8.6069527 10.9082184 0.0416607 -0.1760588 -0.0714511 0.9808988
1403638562.127830 -9.8812952 -8.6024809 10.9998302 0.0420561 -0.1592508 -0.0657820 0.9841459
1403638562.477829 -9.6709948 -8.6360273 11.1549864 0.0447538 -0.1159045 -0.0454245 0.9912113
1403638562.927830 -9.3688850 -8.7347231 11.2560558 0.0437530 -0.0174949 0.0169032 0.9987462
1403638563.377829 -8.9744501 -8.7026443 11.3208637 0.0592758 0.0624537 0.0565675 0.9946789
1403638563.727829 -8.5870390 -8.6000290 11.2914343 0.0592007 0.0696524 0.0588734 0.9940713
1403638564.477829 -7.5602279 -8.4108639 10.8167610 0.0674457 0.0458441 0.0458720 0.9956130
1403638564.627830 -7.3192554 -8.3687038 10.6606789 0.0634950 0.0420120 0.0489301 0.9958962
1403638564.777829 -7.0707808 -8.3146467 10.4983730 0.0604337 0.0390601 0.0570022 0.9957775
1403638565.477829 -5.7308335 -7.5989709 9.7459764 0.0574314 0.0424648 0.0575793 0.9957826
1403638565.777829 -5.0743093 -7.2438684 9.3683949 0.0577724 0.0585438 0.0320385 0.9960966
1403638565.977829 -4.6417017 -7.0382786 9.0611362 0.0500857 0.0648063 0.0245269 0.9963383
1403638566.227829 -4.1349239 -6.7379208 8.7065105 0.0490405 0.0660696 0.0254725 0.9962836
1403638566.377829 -3.8468227 -6.5230751 8.5036554 0.0478967 0.0655865 0.0246318 0.9963923
1403638566.527829 -3.5519631 -6.3002424 8.2822981 0.0474439 0.0622091 0.0260455 0.9965945
1403638566.777829 -3.1019180 -5.8867459 7.9489732 0.0056127 0.0573639 0.0236658 0.9980570
1403638566.977829 -2.7473671 -5.5395303 7.7118826 -0.0152677 0.0531720 0.0214115 0.9982390
1403638567.277829 -2.2186139 -5.0533228 7.4516263 0.0368520 0.0540549 0.0136607 0.9977642
1403638567.477829 -1.8919274 -4.7213044 7.3038931 0.0385362 0.0577788 0.0114983 0.9975191
1403638567.577829 -1.7480351 -4.5583553 7.2193809 0.0328152 0.0599915 0.0120275 0.9975868
1403638567.777829 -1.4485062 -4.2768312 7.0537481 0.0214521 0.0638988 0.0096482 0.9976791
1403638568.227829 -0.8931007 -3.8229907 6.6747370 0.0166108 0.0680469 0.0077434 0.9975138
1403638568.427830 -0.6837584 -3.6767406 6.5268574 0.0139216 0.0691776 0.0076907 0.9974776
1403638568.577829 -0.5508730 -3.5669563 6.4329295 0.0106859 0.0702543 0.0064838 0.9974508
1403638569.327830 -0.0704374 -3.2025394 6.1048737 0.0037909 0.0737533 0.0004275 0.9972692
1403638570.377829 0.0137225 -3.0519474 6.0601063 0.0205089 0.0668022 0.0239386 0.9972682
1403638570.877829 0.0359257 -2.8914917 6.1585326 0.0552147 0.1428927 0.1221345 0.9806203
1403638571.527829 0.4800636 -2.5584917 6.0045896 0.0424727 0.2608622 0.1284404 0.9558504
1403638572.527829 1.5507816 -2.1087561 5.2573142 0.0075200 0.4295870 0.1968220 0.8812829
1403638572.677829 1.7504870 -2.0388982 5.1278172 0.0044274 0.4436839 0.1979848 0.8740292
1403638572.777829 1.8893182 -2.0012619 5.0377789 -0.0009448 0.4498082 0.1936495 0.8718781
1403638573.027829 2.2437148 -1.9528360 4.8312879 -0.0113375 0.4520344 0.1894796 0.8715698
1403638573.127830 2.3929157 -1.9305756 4.7555256 -0.0135283 0.4500378 0.1888564 0.8727063
1403638573.477829 2.9303265 -1.8766699 4.5481129 -0.0164798 0.4484358 0.1862418 0.8740410
1403638573.577829 3.0893359 -1.8837212 4.4989991 -0.0174416 0.4500963 0.1856359 0.8732975
1403638573.727829 3.3392079 -1.9078996 4.4342546 -0.0198633 0.4557174 0.1843863 0.8705910
1403638573.877829 3.5999320 -1.9427892 4.3737497 -0.0099650 0.4748341 0.1807603 0.8612543
1403638574.027829 3.8639066 -1.9754088 4.3383031 0.0106690 0.5000473 0.1920366 0.8443700
1403638574.127830 4.0311136 -1.9969450 4.3238921 0.0280182 0.5178673 0.2081730 0.8292722
1403638574.377829 4.4471130 -1.9932152 4.2648840 0.0436203 0.5672272 0.2402333 0.7865358
1403638574.577829 4.7553868 -1.9661987 4.1985927 0.0367002 0.6040269 0.2537522 0.7545955
1403638574.727829 4.9783115 -1.9498686 4.1288519 0.0292215 0.6231516 0.2505756 0.7402973
1403638574.877829 5.1888609 -1.9487423 4.0481558 0.0143095 0.6306277 0.2520403 0.7338799
1403638574.977829 5.3278303 -1.9426894 3.9976339 0.0077615 0.6310054 0.2555221 0.7324482
1403638575.277829 5.7365890 -1.8962301 3.8526108 0.0191079 0.6225209 0.2727303 0.7332944
1403638575.477829 6.0167193 -1.8280109 3.7506404 0.0090919 0.6173651 0.2743550 0.7372293
1403638575.777829 6.4641557 -1.7377313 3.5770957 -0.0142347 0.6146624 0.2630650 0.7434946
1403638575.927830 6.7086301 -1.7246715 3.4819155 -0.0195066 0.6128057 0.2618627 0.7453299
1403638576.227829 7.2407074 -1.7673274 3.2929528 -0.0168016 0.6140509 0.2567802 0.7461388
1403638576.377829 7.5207705 -1.7871203 3.2104328 -0.0204400 0.6172788 0.2489391 0.7460418
1403638576.527829 7.8132372 -1.7949325 3.1492243 -0.0301270 0.6201991 0.2415394 0.7457238
1403638576.677829 8.1071692 -1.8040193 3.1073012 -0.0362626 0.6223623 0.2360514 0.7454059
1403638576.827830 8.4120655 -1.8076941 3.0926919 -0.0267345 0.6255719 0.2278809 0.7456644
1403638577.277829 9.3066578 -1.8515048 3.1573319 -0.0005324 0.6233358 0.2377651 0.7449294
1403638577.477829 9.6872149 -1.9196719 3.1896520 -0.0123597 0.6276963 0.2250989 0.7451007
1403638577.677829 10.0608215 -1.9939147 3.2582481 -0.0098821 0.6247944 0.2314759 0.7456226
1403638577.827830 10.3276672 -2.0375891 3.3241956 -0.0087368 0.6230552 0.2347738 0.7460611
1403638578.227829 11.0363207 -2.1692414 3.5504074 0.0057224 0.6173081 0.2432267 0.7481568
1403638578.377829 11.2953529 -2.2428486 3.6381774 0.0127676 0.6147769 0.2499711 0.7479310
1403638578.577829 11.6349230 -2.3140395 3.7501802 0.0132356 0.6153838 0.2508129 0.7471415
1403638579.027829 12.3765450 -2.3990583 4.0242109 0.0007717 0.6224295 0.2325395 0.7473328
1403638579.227829 12.6833220 -2.4744198 4.1415067 0.0013417 0.6219562 0.2314617 0.7480602
1403638580.877829 14.3323746 -2.6863296 5.1488385 0.0186914 0.3047071 0.1195808 0.9447246
1403638581.377829 14.6277552 -2.8056705 5.3012786 0.0178845 0.3030814 0.1123612 0.9461484
1403638582.377829 15.0229626 -3.1208506 5.5319524 0.0324536 0.3197080 0.1083490 0.9407412
1403638586.877829 12.3385429 -4.4505019 5.8503084 0.0315950 0.3220201 0.1103694 0.9397464
1403638587.277829 11.9115229 -4.4177556 5.9381194 0.0269780 0.3208976 0.1110368 0.9401956
1403638587.477829 11.6941471 -4.4319949 5.9540224 0.0239309 0.3198595 0.1138466 0.9402958
1403638587.927830 11.1835232 -4.4117131 6.0220332 0.0256806 0.3204453 0.1177959 0.9395635
1403638588.527829 10.5089445 -4.3025079 6.1372070 0.0241563 0.3233637 0.1081903 0.9397591
1403638589.227829 9.6604023 -4.3327055 6.1931396 0.0298188 0.3218072 0.1155336 0.9392566
1403638589.627830 9.1671028 -4.2927227 6.2176924 0.0305490 0.3216901 0.1159040 0.9392276
1403638589.877829 8.8616571 -4.3085413 6.2026038 0.0254177 0.3222302 0.1177732 0.9389628
1403638591.077829 7.4551430 -4.2179208 6.1534877 0.0156229 0.3214555 0.1261132 0.9383591
1403638591.327830 7.2015605 -4.2355080 6.1502562 -0.0079483 0.3193128 0.1335168 0.9381628
1403638591.577829 6.9882145 -4.2257571 6.1809554 -0.0216156 0.3164282 0.1418936 0.9376951
1403638591.827830 6.8310094 -4.2185092 6.2725048 -0.0165725 0.3173659 0.1417582 0.9375014
1403638592.827830 6.6579103 -4.7023139 6.6057959 0.0032152 0.2411874 0.1113176 0.9640678
1403638593.077829 6.7000918 -4.8633952 6.6808290 -0.0039625 0.2343551 0.1070428 0.9662318
1403638593.327830 6.7691655 -5.0339766 6.7833557 0.0072943 0.2402520 0.0944750 0.9660746
1403638593.677829 6.8823719 -5.2812462 6.9383373 0.0238635 0.2523610 0.0761108 0.9643400
1403638594.877829 6.8395452 -5.9818940 7.1922054 0.0397810 0.2203638 0.0779766 0.9714818
1403638595.927830 6.5338006 -6.1020112 7.1735644 0.0288861 0.2260198 0.0720776 0.9710229
1403638596.527829 6.2122283 -6.0494580 7.2058225 0.0175570 0.2461878 0.0130662 0.9689750
1403638596.677829 6.0614581 -6.0882745 7.2148428 0.0150797 0.2500611 -0.0002182 0.9681126
1403638597.127830 5.3169088 -6.3228216 7.2915263 0.0201988 0.2559988 -0.0146689 0.9663547
1403638597.277829 4.9782052 -6.3893552 7.3468466 0.0264972 0.2566426 -0.0114449 0.9660753
1403638597.427830 4.5948839 -6.4497824 7.4186673 0.0330205 0.2541705 -0.0005826 0.9665954
1403638597.627830 4.0372858 -6.5166249 7.5312829 0.0493883 0.2457433 0.0244709 0.9677666
1403638597.777829 3.5777762 -6.5560260 7.6225843 0.0475484 0.2462279 0.0197597 0.9678432
1403638597.927830 3.1119034 -6.5733662 7.7051411 0.0422483 0.2415227 0.0027362 0.9694712
1403638598.077829 2.6073370 -6.5931897 7.7944818 0.0445353 0.2318963 0.0013519 0.9717196
1403638598.227829 2.0735989 -6.6267986 7.8726954 0.0472080 0.2133798 0.0294834 0.9753826
1403638598.377829 1.5268990 -6.6658068 7.9355373 0.0430365 0.2029445 0.0479862 0.9770664
1403638598.577829 0.8132725 -6.6789341 8.0293341 0.0374478 0.1947582 0.0529725 0.9787036
1403638598.777829 0.1092153 -6.6727910 8.1064081 0.0349063 0.1730143 0.0435329 0.9833374
1403638599.027829 -0.7928948 -6.6922202 8.1851225 0.0356739 0.1312217 0.0263220 0.9903613
1403638599.277829 -1.6527067 -6.7347627 8.2318954 0.0355057 0.0833038 0.0032355 0.9958862
1403638599.527829 -2.5134006 -6.8026557 8.2658920 0.0266730 0.0444403 -0.0139162 0.9985589
1403638599.777829 -3.3380277 -6.8484864 8.3114042 0.0220891 0.0323630 -0.0168189 0.9990905
1403638600.077829 -4.3084760 -6.8637357 8.3881264 0.0174116 0.0304455 0.0036978 0.9993779
1403638600.327830 -5.0565610 -6.8496094 8.4825392 0.0076377 0.0223914 0.0402884 0.9989080
1403638600.527829 -5.6009154 -6.8524199 8.5721865 0.0035447 0.0205679 0.0544459 0.9982986
1403638600.777829 -6.1743226 -6.9178953 8.6908998 -0.0068068 0.0206739 0.0574247 0.9981126
1403638600.977829 -6.5500379 -7.0024490 8.8078098 -0.0161089 0.0310713 0.0233568 0.9991144
1403638601.177829 -6.8940759 -7.0845613 8.9640989 -0.0139362 0.0372741 0.0018565 0.9992062
1403638601.427830 -7.3261127 -7.1990156 9.1921835 0.0117041 0.0313290 -0.0089365 0.9994006
1403638601.627830 -7.6730590 -7.3097720 9.3953238 0.0247995 -0.0018403 -0.0189022 0.9995120
1403638601.827830 -8.0085707 -7.4434152 9.5754070 0.0319497 -0.0515357 -0.0470499 0.9970505
1403638602.077829 -8.4379530 -7.6236300 9.7689018 0.0342444 -0.1097501 -0.0755711 0.9904904
1403638602.327830 -8.8770361 -7.7592230 9.9556274 0.0512795 -0.1507072 -0.0977276 0.9823986
1403638602.827830 -9.7172346 -8.0332909 10.0818577 0.1165012 -0.2833241 -0.0816617 0.9484125
1403638603.077829 -9.9698095 -8.1466026 9.9596977 0.0976460 -0.3433067 -0.0900709 0.9297811
1403638603.377829 -10.1299829 -8.1680861 9.7704287 0.0552893 -0.3725975 -0.1256269 0.9177865
1403638604.177829 -10.2203875 -7.8989229 9.2757149 0.0947129 -0.3708968 -0.1664936 0.9087051
1403638604.677829 -10.1551208 -7.6401601 8.6662798 0.0491845 -0.3763452 -0.1557756 0.9119644
1403638605.177829 -10.0380640 -7.3951421 7.9931402 0.0105060 -0.3750480 -0.1595415 0.9131128
1403638605.427830 -10.0066919 -7.3163176 7.6920433 0.0243913 -0.3687991 -0.1753490 0.9124939
1403638605.977829 -10.0498266 -7.0894432 7.0196743 0.0601216 -0.3586307 -0.2002377 0.9097661
1403638606.277829 -10.1694841 -6.9306250 6.5555320 0.0595962 -0.3533533 -0.2065339 0.9104578
1403638606.527829 -10.3228331 -6.7367883 6.1382790 0.0210821 -0.3602981 -0.1846042 0.9141455
1403638606.777829 -10.5140419 -6.5036297 5.7568216 -0.0023289 -0.3774543 -0.1853565 0.9072849
1403638607.027829 -10.7604103 -6.2812901 5.4125385 -0.0095073 -0.4199523 -0.2006648 0.8850330
1403638607.377829 -11.1901426 -6.0678625 4.9904380 0.0180281 -0.4714056 -0.1884138 0.8613663
1403638608.077829 -12.0050087 -5.5250335 4.4735546 0.0189725 -0.4790290 -0.1771623 0.8595259
1403638608.977829 -12.7421169 -4.6481342 4.1622539 0.0352695 -0.4746067 -0.1761842 0.8616633
1403638609.277829 -12.8810291 -4.4452376 4.0599217 0.0289386 -0.4792652 -0.1656014 0.8614196
1403638610.477829 -12.9962730 -3.5597873 3.9493771 0.0477474 -0.4765068 -0.1656934 0.8620946
1403638610.777829 -12.9004517 -3.3411303 3.9577565 0.0547775 -0.4789767 -0.1609242 0.8612108
1403638611.077829 -12.7187786 -3.1552002 3.9420731 0.0469425 -0.4807396 -0.1630481 0.8602913
1403638611.677829 -12.1868668 -2.8384564 3.9108410 0.0581182 -0.4687330 -0.1951317 0.8595552
1403638611.977829 -11.8916159 -2.6815989 3.8241320 0.0340153 -0.4737073 -0.1777813 0.8618806
1403638612.427830 -11.4281578 -2.5028565 3.7220881 0.0314963 -0.4723857 -0.1764014 0.8629845
1403638613.127830 -10.6974115 -2.2003236 3.5975630 0.0440065 -0.4612080 -0.1805433 0.8676144
1403638613.477829 -10.3242226 -2.1194012 3.4650581 0.0426288 -0.4602857 -0.1802976 0.8682238
1403638613.827830 -9.9537439 -1.9830472 3.3332508 0.0522218 -0.4521153 -0.1586527 0.8761815
1403638614.177829 -9.5239038 -1.7676958 3.2445626 0.0481980 -0.4002177 -0.1459275 0.9034423
1403638614.477829 -9.1307650 -1.6130956 3.1238198 0.0395989 -0.3626681 -0.1322726 0.9216332
1403638614.827830 -8.6594210 -1.5586574 2.9371622 0.0216489 -0.3267879 -0.1007640 0.9394614
1403638615.177829 -8.1391354 -1.6232324 2.7824054 0.0195745 -0.2389527 -0.0727909 0.9681012
1403638615.477829 -7.6659760 -1.7130009 2.6883330 0.0357445 -0.1421983 -0.0487612 0.9879900
1403638615.627830 -7.4238338 -1.7385849 2.6567049 0.0372892 -0.1034981 -0.0343137 0.9933379
1403638615.927830 -6.9574528 -1.7933253 2.5545726 0.0374033 -0.0646844 -0.0149170 0.9970930
1403638616.177829 -6.5672188 -1.8307438 2.4660604 0.0342217 -0.0282867 -0.0011236 0.9990132
1403638616.777829 -5.6414461 -1.5443569 2.3873253 0.0041607 0.0581435 0.0476810 0.9971603
1403638617.077829 -5.1567097 -1.4000371 2.3981133 0.0041289 0.0630472 0.0437739 0.9970416
1403638618.677829 -2.8439879 -2.0072122 2.9796867 0.0031117 0.0527852 0.0097106 0.9985538
1403638619.127830 -2.3561683 -2.3019688 3.3634288 0.0204914 0.0992329 0.0233599 0.9945789
1403638619.777829 -1.8264983 -2.5345910 3.9884708 0.0327451 0.2069646 0.1019776 0.9724680
1403638622.777829 0.5994502 -2.4726727 4.9094667 0.0730931 0.2159689 0.0620600 0.9716807
1403638624.577829 0.4485850 -1.8970451 3.2659183 0.0494975 0.2185233 0.0929690 0.9701311
1403638625.177829 0.3427322 -1.5567816 2.5574806 0.0362032 0.1943040 0.0810182 0.9769193
1403638625.727829 0.2461989 -1.2875489 1.8729300 0.0293679 0.1895885 0.0803500 0.9781296
1403638626.127830 0.2205555 -1.1204387 1.3833500 0.0167598 0.1898944 0.0843874 0.9780276
1403638626.927830 0.2129889 -0.6740568 0.6260018 0.0037871 0.1935955 0.0721482 0.9784176
1403638627.477829 0.2191744 -0.4829287 0.2807828 0.0048376 0.1926441 0.0678750 0.9789065
1403638627.877829 0.2278948 -0.3456471 0.1452401 0.0159304 0.1962760 0.0629066 0.9783990
1403638628.627830 0.1768975 -0.2085768 0.0481296 0.0302073 0.1918300 0.0839514 0.9773643
1403638629.377829 0.1412416 -0.1244038 -0.0046810 0.0171395 0.1994539 0.0654835 0.9775665
1403638629.727829 0.1111566 -0.1283271 -0.0013320 0.0116031 0.1913494 0.0906195 0.9772609
1403638630.077829 0.1150071 -0.1096820 0.0315801 0.0432905 0.2002695 0.0741191 0.9759735
1403638630.477829 0.1173524 -0.0336236 0.0845355 0.0294284 0.1979599 0.0689382 0.9773400
1403638630.777829 0.1233990 -0.0206614 0.1265013 -0.0128523 0.1922115 0.0630520 0.9792415
