1403637130.538319 0.0000000 0.0000000 0.0000000 0.0000000 0.0000000 0.0000000 1.0000000
1403637133.338319 0.0008840 -0.0034568 -0.0027916 0.0001450 0.0050443 -0.0052137 0.9999737
1403637133.388319 0.0012325 -0.0056476 -0.0036423 -0.0016158 0.0086971 -0.0051844 0.9999474
1403637133.738319 0.0055069 -0.0189357 -0.0092117 -0.0239867 0.0224999 -0.0015362 0.9994579
1403637135.188319 0.0155740 -0.0269083 -0.0118145 -0.0806574 0.0615060 0.0068729 0.9948187
1403637135.338319 0.0157250 -0.0400317 -0.0165164 -0.0968711 0.0643291 0.0035007 0.9932097
1403637136.488319 0.0153816 -0.0538641 -0.0091783 -0.0960325 0.0777696 0.0049482 0.9923231
1403637136.938319 0.0122108 -0.1309060 -0.0319393 -0.0790372 0.0780105 0.0021009 0.9938124
1403637137.938319 0.0166656 -0.0397832 -0.0101291 -0.1028986 0.0810102 0.0016896 0.9913861
1403637138.038319 0.0175923 -0.0386122 -0.0121057 -0.1198319 0.0799176 0.0008979 0.9895720
1403637138.138319 0.0178674 -0.0596314 -0.0178109 -0.1201183 0.0754584 0.0041770 0.9898789
1403637138.238319 0.0191079 -0.0976756 -0.0253772 -0.1022053 0.0771364 -0.0119830 0.9916958
1403637149.788319 0.0243997 -0.0034324 0.0146658 -0.0231046 0.0382663 0.0067701 0.9989775
1403637150.088319 0.0365965 -0.0077704 0.0112786 -0.0754704 0.0449797 -0.0130315 0.9960478
1403637151.888319 0.1554003 -0.2430460 0.1323750 -0.0419439 0.0643547 -0.0191052 0.9968622
1403637152.138319 0.1721106 -0.2681002 0.1443830 -0.0442517 0.0627671 -0.0178814 0.9968863
1403637152.288319 0.1826585 -0.2847843 0.1519769 -0.0469400 0.0621907 -0.0158422 0.9968340
1403637154.088319 0.3452266 -0.3903889 0.2953626 -0.0407367 0.0631714 -0.0203282 0.9969637
1403637154.388319 0.3717631 -0.3842228 0.3275128 -0.0601731 0.0559757 0.0075012 0.9965890
1403637154.688319 0.4160143 -0.3732494 0.3693063 -0.0532403 0.0698286 -0.0197667 0.9959411
1403637155.788319 0.5695563 -0.4566832 0.5873466 -0.0284949 0.1880638 0.0393351 0.9809550
1403637156.838319 0.8353298 -0.4106008 0.7089003 -0.0174341 0.4298831 0.1198194 0.8947290
1403637157.288319 0.9853408 -0.3423191 0.7165656 -0.0326047 0.4484495 0.1292222 0.8838165
1403637160.438319 2.4516599 -0.1508697 -0.0659028 -0.0056062 0.6417579 0.1789108 0.7457254
1403637160.538319 2.4998143 -0.1308403 -0.1029387 -0.0106352 0.6668852 0.1846921 0.7218309
1403637161.088319 2.7651241 -0.0596447 -0.2820171 -0.0202418 0.7243543 0.2233340 0.6519379
1403637161.188319 2.8129466 -0.0594706 -0.3180873 -0.0053652 0.7222069 0.2317591 0.6516718
1403637161.288319 2.8629584 -0.0665852 -0.3550555 0.0136662 0.7192845 0.2387438 0.6522610
1403637162.988319 3.3527632 0.0324228 -1.1824536 0.0497141 0.7991026 0.1964702 0.5660062
1403637163.138319 3.3396900 0.0648622 -1.2631085 0.0416474 0.8270894 0.1988329 0.5240745
1403637163.238319 3.3251829 0.0895696 -1.3139341 0.0383268 0.8466629 0.2012001 0.4911329
1403637163.888319 3.1345942 0.2224991 -1.5893544 0.0619586 0.8821080 0.2860042 0.3691182
1403637164.038319 3.0699003 0.2347292 -1.6608156 0.0699479 0.8831950 0.2846494 0.3661264
1403637164.438319 2.8490858 0.2550015 -1.8896424 0.0439615 0.8863624 0.2667283 0.3758792
1403637164.738319 2.6624703 0.2946598 -2.0663347 0.0481910 0.8788950 0.2736746 0.3877156
1403637164.838319 2.5975900 0.3134054 -2.1267247 0.0370932 0.8841175 0.2615342 0.3854351
1403637165.338319 2.2568343 0.4342072 -2.4273710 0.0239576 0.9176894 0.2563022 0.3026242
1403637165.538319 2.1206152 0.4675307 -2.5356483 0.0156021 0.9223832 0.2775444 0.2682068
1403637165.638319 2.0539267 0.4768267 -2.5901132 0.0061050 0.9249588 0.2808085 0.2560478
1403637165.838319 1.9259460 0.5021561 -2.6950057 -0.0230741 0.9301996 0.2748910 0.2421388
1403637169.438319 2.3992970 0.5877686 -1.8272817 -0.0272497 0.8739385 0.2262739 0.4292891
1403637169.688319 2.5242717 0.5388604 -1.6740880 -0.0293420 0.8421762 0.1941500 0.5021793
1403637169.938319 2.6398482 0.4872666 -1.5029833 -0.0337235 0.8012595 0.1706077 0.5724849
1403637173.538319 1.8524865 0.1224445 0.6439210 -0.0134855 0.5918188 0.2306354 0.7722538
1403637173.738319 1.8246981 0.1473027 0.6472744 0.0033033 0.6214832 0.2596717 0.7391335
1403637173.988319 1.8215326 0.1960847 0.6167524 -0.0172929 0.6500152 0.2859223 0.7038676
1403637174.188319 1.8482444 0.2135059 0.5588338 -0.0105465 0.6849062 0.2211054 0.6941935
1403637174.488319 1.8990916 0.2081835 0.4474943 0.0390705 0.6891733 0.2117630 0.6918598
1403637176.488319 1.5785470 0.4228299 -0.7398946 0.0381114 0.8069689 0.2028196 0.5533651
1403637176.838319 1.3873705 0.4927144 -0.9664727 0.0254558 0.8191811 0.2357838 0.5222072
1403637177.138319 1.2208161 0.5709112 -1.1469098 -0.0049349 0.8133671 0.2783490 0.5108145
1403637180.338319 1.9532163 1.0155654 -1.9905932 -0.0090990 0.8830234 0.2385975 0.4040520
1403637180.638319 2.1085393 1.0106337 -1.8851467 -0.0250810 0.8741773 0.2685271 0.4038295
1403637180.938319 2.2770927 0.9680462 -1.7891698 -0.0390089 0.8878988 0.2327407 0.3948997
1403637183.538319 3.2690077 0.1122369 -0.2930157 0.0851134 0.8893232 0.2344109 0.3832903
1403637184.238319 2.9319706 0.0703886 0.1238719 0.0947991 0.8769591 0.2768443 0.3811996
1403637184.938319 2.3790364 0.1254987 0.3453533 0.0062486 0.8713455 0.3077374 0.3821199
1403637185.288319 2.1439295 0.1293843 0.3695514 -0.0014372 0.8681549 0.3180401 0.3809927
1403637185.788319 1.8932060 0.0865119 0.2872916 -0.0076104 0.8804576 0.2873388 0.3770581
1403637186.438319 1.6823238 0.0447331 0.1277467 0.0039481 0.8896918 0.2589446 0.3760061
1403637186.888319 1.5520840 -0.0193097 0.0199166 0.0346682 0.8821328 0.2834720 0.3745442
1403637187.338319 1.4034680 -0.0059254 -0.1045460 0.0304591 0.8841622 0.2919325 0.3634624
1403637187.788319 1.2526758 0.0645486 -0.2708713 0.0064957 0.8850206 0.3097622 0.3474821
1403637188.288319 1.1425804 0.1691904 -0.5113509 -0.0152931 0.8965388 0.2797300 0.3431259
1403637188.638319 1.1019999 0.2611969 -0.6822328 0.0105950 0.9061666 0.2635376 0.3306021
1403637189.088319 1.0393552 0.3947021 -0.8893731 0.0299602 0.9166876 0.2898511 0.2734457
1403637189.738319 0.9200143 0.5866305 -1.2122955 0.0213660 0.9232475 0.2754921 0.2669488
1403637190.388319 0.7749433 0.6563661 -1.5491066 0.0200880 0.9265561 0.2658983 0.2653081
1403637190.688319 0.7061449 0.6560791 -1.6840070 0.0079011 0.9277584 0.2605518 0.2670482
1403637190.988319 0.6392005 0.6723301 -1.7946144 0.0193964 0.9176656 0.2597910 0.3000370
1403637192.188319 0.3707180 0.7306913 -2.0820651 -0.0334823 0.9104780 0.2819413 0.3006956
1403637192.488319 0.3604597 0.6807858 -2.1347733 -0.0389383 0.9103398 0.2841746 0.2983456
1403637192.788319 0.3915755 0.6521007 -2.1791720 -0.0163160 0.9045154 0.3031504 0.2994753
1403637193.038319 0.4375623 0.6294745 -2.2270873 -0.0094815 0.9083977 0.2892268 0.3017806
1403637193.338319 0.5028473 0.5921325 -2.2968092 0.0204109 0.8995425 0.3138047 0.3032052
1403637193.638319 0.5718982 0.5903919 -2.3866405 -0.0110298 0.9092606 0.2861198 0.3020909
1403637193.888319 0.6409318 0.5718932 -2.4679744 -0.0199840 0.9098924 0.2830080 0.3026598
1403637194.138319 0.7241967 0.5641692 -2.5434470 -0.0124285 0.9144232 0.2692909 0.3019241
1403637194.388319 0.8157334 0.5766935 -2.6065326 -0.0114578 0.9123709 0.2768451 0.3013385
1403637194.888319 1.0235656 0.5560119 -2.7329960 -0.0148961 0.9081891 0.2934085 0.2981309
1403637195.188319 1.1661870 0.5529306 -2.8092873 -0.0030306 0.9164298 0.2687462 0.2965177
1403637195.438319 1.2919403 0.5652267 -2.8615873 0.0011961 0.9189769 0.2584749 0.2977764
1403637197.588319 2.4035985 0.3771255 -2.2465620 -0.0108909 0.8577306 0.2239631 0.4626231
1403637198.688319 2.7807958 -0.1087328 -1.2810278 -0.0426604 0.6852854 0.0951010 0.7207773
1403637199.938319 2.6454530 -0.4467751 0.1962239 0.0585994 0.4840499 0.0910252 0.8683181
1403637200.188319 2.5237627 -0.4448592 0.4597449 0.0933390 0.3911729 0.0687580 0.9129863
1403637205.238319 1.6212260 -0.2273248 0.4402980 -0.0395699 0.4241335 0.0914367 0.9001024
1403637205.738319 1.5903209 -0.2171867 0.4280034 -0.0318985 0.4011948 0.0751873 0.9123443
1403637209.438319 1.2307485 -0.2128152 0.2715212 -0.0466269 0.3754527 0.0739850 0.9227066
1403637210.038319 1.1833026 -0.2573089 0.3143802 -0.1118965 0.3463372 0.0906436 0.9269916
1403637211.638319 1.7537291 -0.2829778 1.2860706 -0.0337515 0.3547168 0.0879847 0.9302126
1403637211.888319 1.8860819 -0.2936903 1.4488865 -0.0492350 0.3472033 0.1122323 0.9297471
1403637212.138319 2.0321507 -0.3279467 1.5985048 -0.0336870 0.3550834 0.0910453 0.9297805
1403637212.388319 2.1805847 -0.3771134 1.7392615 -0.0156103 0.3609870 0.0787668 0.9291074
1403637212.638319 2.3161230 -0.4376206 1.8610679 -0.0317038 0.3640447 0.0829052 0.9271424
1403637212.888319 2.4461102 -0.5014383 1.9753001 -0.0459385 0.3660109 0.0808192 0.9259557
1403637213.138319 2.5742128 -0.5708752 2.0915616 -0.0481251 0.3632681 0.0790077 0.9270804
1403637213.388319 2.7055340 -0.6258321 2.2128506 -0.0441091 0.3596188 0.0810288 0.9285274
1403637213.888319 2.9545538 -0.6969830 2.4670539 -0.0516915 0.3679157 0.0481838 0.9271701
1403637214.088319 3.0407548 -0.7191907 2.5771215 -0.0418684 0.3611122 0.0455988 0.9304653
1403637214.338319 3.1271987 -0.7649529 2.7142923 -0.0219521 0.3259334 0.0419739 0.9442053
1403637214.538319 3.1782548 -0.8089542 2.8224885 -0.0175513 0.2864500 0.0024916 0.9579312
1403637214.788319 3.2103870 -0.8701277 2.9471350 -0.0126500 0.2514372 -0.0457176 0.9667105
1403637215.038319 3.1948576 -0.9389347 3.0635762 -0.0085359 0.2374108 -0.0507176 0.9700469
1403637215.338319 3.1215599 -0.9920008 3.1912689 0.0076258 0.2274891 -0.0398242 0.9729361
1403637215.838319 2.8708532 -1.0415853 3.3248320 0.0073983 0.1154035 -0.0401428 0.9924796
1403637216.038319 2.7424753 -1.0642788 3.3360262 -0.0107803 0.0664856 -0.0388637 0.9969720
1403637216.538319 2.4363506 -1.0991054 3.3161416 0.0054198 0.0106001 -0.0341900 0.9993445
1403637216.788319 2.2952983 -1.0928119 3.2802732 0.0249208 0.0108830 -0.0231355 0.9993624
1403637217.238319 2.0817640 -1.0660735 3.1213002 0.0134065 0.0159197 0.0047586 0.9997721
1403637217.438319 2.0061681 -1.0357425 3.0225556 0.0082662 0.0172671 0.0209308 0.9995976
1403637217.688319 1.9406372 -0.9801905 2.8836868 0.0186295 0.0094886 -0.0032461 0.9997762
1403637217.888319 1.8996360 -0.9317818 2.7487290 0.0242513 -0.0244180 -0.0541858 0.9979376
1403637218.088319 1.8619187 -0.8864827 2.5932572 0.0115974 -0.0629755 -0.0679712 0.9956302
1403637218.288319 1.8206396 -0.8404502 2.4233081 0.0029898 -0.0823787 -0.0729862 0.9939204
1403637218.538319 1.7729423 -0.7622768 2.2038260 0.0042679 -0.0874292 -0.0763967 0.9932278
1403637218.838319 1.7180189 -0.6792885 1.9173483 -0.0097841 -0.0808344 -0.0791844 0.9935290
1403637219.138319 1.6607412 -0.5530347 1.6320865 -0.0114878 -0.0708619 -0.0980494 0.9925890
1403637219.388319 1.5934023 -0.4500010 1.3813605 -0.0176131 -0.0699394 -0.0925197 0.9930953
1403637219.688319 1.4937112 -0.3518914 1.0732493 -0.0564781 -0.0683493 -0.0834527 0.9925594
1403637220.188319 1.2990614 -0.2601677 0.6101107 -0.0699850 -0.0676938 -0.0791431 0.9920968
1403637221.838319 0.7838134 -0.0867144 -0.3543627 -0.0749706 0.0089926 -0.0250067 0.9968316
1403637222.238319 0.7303352 0.0032768 -0.4374776 -0.0725215 0.0806708 0.0001619 0.9940990
1403637222.638319 0.7029088 0.0809835 -0.4824185 -0.0381951 0.1287696 0.0096009 0.9908922
1403637222.988319 0.6850026 0.1103584 -0.5225543 -0.0645680 0.1316456 0.0118815 0.9891204
1403637226.538319 0.5362790 0.0331137 -0.5781161 -0.0531219 0.1181882 -0.0154692 0.9914486
1403637227.188319 0.4339650 0.0502530 -0.5736966 -0.0464621 0.1087131 0.0222759 0.9927369
1403637228.388319 0.3854956 0.0628343 -0.4971255 -0.0206560 0.1203644 -0.0083892 0.9924794
1403637229.388319 0.3185233 0.0630338 -0.5333167 -0.0320170 0.1321869 -0.0119954 0.9906350
1403637229.788319 0.2938247 0.1047887 -0.5469558 -0.0570696 0.2144952 0.0625591 0.9730474
1403637230.188319 0.3095060 0.1479359 -0.5461109 -0.0457014 0.3390043 0.0723769 0.9368826
1403637230.938319 0.3227927 0.1047405 -0.5491065 -0.0304197 0.4409221 0.1217471 0.8887295
1403637231.338319 0.3461211 0.1088791 -0.5575855 -0.0291442 0.5628749 0.1814530 0.8058519
1403637231.888319 0.4468613 0.2523451 -0.5808854 -0.0055985 0.7322869 0.2505108 0.6332210
1403637232.738319 0.6148764 0.3750672 -0.8365244 0.0493914 0.8569191 0.2980519 0.4176306
1403637233.438319 0.6783003 0.4284475 -1.2780938 -0.0100612 0.8622329 0.3562470 0.3599184
1403637234.638319 1.3521739 0.7689271 -1.8910304 -0.0541197 0.8969154 0.1911509 0.3950635
1403637235.038319 1.7101518 0.8425967 -1.8121949 0.0052153 0.8577857 0.1990883 0.4738568
1403637238.488319 2.2371507 -0.3642642 0.3452046 0.0894498 0.6584388 0.2630343 0.6994784
1403637239.138319 1.7813348 -0.4019118 0.1922134 0.0038459 0.7058436 0.3855349 0.5942498
1403637239.538319 1.6532069 -0.3586388 -0.1604383 0.0054374 0.7738438 0.3279324 0.5418455
1403637239.938319 1.5962703 -0.2008981 -0.5758536 0.0217749 0.8571138 0.2747020 0.4352248
1403637240.388319 1.5324517 0.0645346 -1.0395164 0.0134143 0.9064565 0.2881489 0.3084265
1403637240.888319 1.4938517 0.2935309 -1.5394381 -0.0152009 0.9179083 0.2812991 0.2794355
1403637241.288319 1.5100449 0.4474139 -1.9200475 -0.0208608 0.9185385 0.2664213 0.2913272
1403637241.688319 1.5626317 0.5981655 -2.2440290 -0.0454549 0.9233732 0.2348951 0.3002335
1403637242.488319 1.7656857 0.6951223 -2.5944202 -0.0443488 0.9341573 0.1953268 0.2953486
1403637243.938319 2.1620505 0.4813708 -2.0821803 0.0168955 0.8874897 0.2724363 0.3712883
1403637244.838319 2.3199158 0.1437108 -1.7051791 -0.0245505 0.8710778 0.2703394 0.4093134
1403637245.238319 2.4145448 0.0340203 -1.5788997 -0.0105904 0.8498554 0.3030181 0.4310611
1403637245.688319 2.5746791 -0.0359062 -1.4804972 -0.0319693 0.8468648 0.2732735 0.4551040
1403637247.088319 3.0807753 -0.0384168 -1.0561448 -0.0342839 0.5213801 0.0840661 0.8484812
1403637247.388319 3.1083343 -0.0428985 -0.9259833 -0.0244921 0.4978687 0.0898189 0.8622409
1403637247.738319 3.1120210 -0.0341364 -0.7568438 -0.0077985 0.4913988 0.0609135 0.8687670
1403637248.438319 2.9199390 -0.0402354 -0.4252528 -0.0267646 0.4004816 0.0618823 0.9138209
1403637248.788319 2.7787890 -0.0453721 -0.2647821 -0.0283691 0.4020835 0.0591170 0.9132520
1403637249.088319 2.6410530 -0.0789599 -0.1370595 -0.0353105 0.4097203 0.0688378 0.9089245
1403637249.388319 2.4916985 -0.1430471 -0.0076326 -0.0323844 0.4167096 0.0703493 0.9057347
1403637249.688319 2.3423676 -0.1618369 0.1308355 -0.0282502 0.4161759 0.0710666 0.9060624
1403637250.238319 2.0348616 -0.1880471 0.3784386 -0.0214712 0.3628338 0.0776022 0.9283687
1403637250.738319 1.7693300 -0.2017901 0.5616652 -0.0289324 0.3235643 0.0927116 0.9412086
1403637251.838319 1.4437419 -0.3875156 0.7568184 -0.0247235 0.2456355 0.0540140 0.9675404
1403637252.288319 1.3767829 -0.4246092 0.7878159 -0.0033517 0.2388141 0.0333154 0.9704879
1403637255.188319 1.0561332 -0.3736326 0.5254303 -0.0229354 0.1916903 0.0126244 0.9811062
1403637255.738319 0.9437935 -0.3475297 0.4368182 -0.0307443 0.1223963 -0.0122298 0.9919296
1403637256.988319 0.6389735 -0.2873521 0.2032192 -0.0434108 0.0410790 -0.0185967 0.9980392
1403637257.538319 0.5024289 -0.2682451 0.1090173 -0.0436500 0.0131102 -0.0502105 0.9976982
1403637257.988319 0.3865459 -0.2356673 0.0505601 -0.0674279 -0.0154691 -0.0479388 0.9964517
1403637258.488319 0.2540437 -0.2053550 0.0242346 -0.0472865 -0.0927976 -0.0678084 0.9922472
1403637258.938319 0.1462689 -0.1580031 0.0299276 -0.0392647 -0.1057988 -0.0587266 0.9918751
1403637259.188319 0.0975305 -0.1536290 0.0255981 -0.0393459 -0.1034840 -0.0552841 0.9923138
1403637260.038319 0.0231914 -0.1609117 0.0026017 -0.0373107 -0.0998018 -0.0468092 0.9932051
1403637260.288319 0.0283033 -0.1408653 -0.0002959 -0.0382706 -0.0948047 -0.0658402 0.9925787
1403637260.538319 0.0340213 -0.1152487 -0.0044774 -0.0433653 -0.0903725 -0.0842414 0.9913908
1403637261.288319 0.0061377 -0.0340838 -0.0083720 -0.0610794 -0.0947976 -0.0757545 0.9907290
1403637261.538319 -0.0120798 -0.0231284 -0.0074422 -0.0492730 -0.0976975 -0.0660566 0.9917983
1403637261.788319 -0.0297372 -0.0226561 -0.0033176 -0.0617353 -0.0946665 -0.0718734 0.9909900
1403637262.238319 -0.0615750 -0.0135217 0.0214561 -0.0336878 -0.0954058 -0.0574495 0.9932082
1403637262.488319 -0.0590502 -0.0066956 0.0228061 -0.0278495 -0.0683188 -0.0349745 0.9966613
1403637263.388319 -0.0574107 -0.0065652 0.0204848 -0.0130640 -0.0674758 -0.0244352 0.9973361
