1413393886.005760 -0.0001678 -0.0001084 0.0002293 -0.0000196 0.0000376 0.0000087 1.0000000
1413393889.305761 -0.0001490 -0.0014322 -0.0002707 0.0014722 -0.0002579 0.0004487 0.9999988
1413393889.355760 0.0000449 -0.0012954 -0.0002547 -0.0003087 -0.0001318 0.0003755 0.9999999
1413393889.605761 0.0021440 -0.0016756 -0.0037325 -0.0182457 0.0018897 0.0009945 0.9998313
1413393889.655760 0.0034670 -0.0032977 -0.0053463 -0.0252967 0.0039082 -0.0010918 0.9996718
1413393889.705760 0.0050957 -0.0068031 -0.0070417 -0.0295419 0.0061158 -0.0053352 0.9995306
1413393892.605761 -0.5425118 -0.0234227 -0.9408381 -0.0345279 0.0234333 -0.0103688 0.9990752
1413393892.905761 -0.6284727 0.0982259 -1.1831712 -0.1061608 0.0264818 -0.0138683 0.9938995
1413393893.005760 -0.6583750 0.1250431 -1.2372828 -0.1246270 0.0252407 -0.0155807 0.9917602
1413393893.105761 -0.6922181 0.1393867 -1.2742555 -0.1302385 0.0236670 -0.0159627 0.9910716
1413393893.405761 -0.8021153 0.1191570 -1.2769378 -0.1005054 0.0184683 -0.0007261 0.9947648
1413393893.555760 -0.8570333 0.0835874 -1.2303566 -0.0942708 0.0134376 0.0144464 0.9953511
1413393893.705760 -0.9048168 0.0395102 -1.1559023 -0.0908317 0.0084112 0.0275401 0.9954498
1413393893.855760 -0.9404801 -0.0171050 -1.0555367 -0.0745358 0.0074489 0.0326075 0.9966573
1413393894.005760 -0.9594896 -0.0813909 -0.9361968 -0.0435836 0.0087304 0.0281152 0.9986159
1413393894.305761 -0.9717004 -0.2195422 -0.6793640 -0.0301893 0.0068004 0.0305611 0.9990537
1413393894.555760 -0.9510953 -0.2925996 -0.4369630 -0.0250049 0.0096031 0.0221520 0.9993957
1413393894.755760 -0.9178628 -0.3199991 -0.2298432 -0.0182444 0.0117141 0.0127197 0.9996840
1413393894.955760 -0.8775349 -0.3577120 -0.0244030 -0.0079412 0.0097314 0.0099234 0.9998719
1413393895.155760 -0.8330623 -0.4033089 0.1690182 0.0047947 0.0086029 0.0049087 0.9999394
1413393895.355760 -0.7846807 -0.4466834 0.3498486 0.0033944 0.0073801 0.0026774 0.9999634
1413393895.555760 -0.7367323 -0.4675558 0.5277073 0.0092904 0.0143209 0.0041343 0.9998457
1413393895.755760 -0.6839616 -0.4877251 0.6900458 0.0141351 0.0429032 0.0104271 0.9989249
1413393895.905761 -0.6422098 -0.5069490 0.8009917 0.0192527 0.0818283 0.0195526 0.9962686
1413393896.055760 -0.5987743 -0.5244943 0.8937834 0.0152565 0.1350786 0.0329062 0.9901708
1413393896.755760 -0.4832931 -0.6361712 1.1374573 0.0293144 0.4037404 0.1758811 0.8973294
1413393896.905761 -0.4636399 -0.6542658 1.1378106 0.0173358 0.4465359 0.2226992 0.8664353
1413393899.505760 0.1734405 -1.1217661 1.7437842 0.1187166 0.6660252 0.0922967 0.7306150
1413393899.605761 0.1713637 -1.1623588 1.7479430 0.1640958 0.6579381 0.0822510 0.7303594
1413393899.755760 0.1080487 -1.2043014 1.7637143 0.1543667 0.6350573 0.1384151 0.7441199
1413393900.105761 -0.1695655 -1.1970860 1.6786731 -0.0426670 0.5678581 0.3478501 0.7447933
1413393900.305761 -0.2388522 -1.1475775 1.5799661 -0.1107339 0.5874022 0.3236468 0.7334503
1413393900.505760 -0.2190573 -1.0909733 1.4716043 -0.0810500 0.6331520 0.2204521 0.7375299
1413393900.705760 -0.1592894 -1.0412033 1.3826562 0.0334287 0.6629399 0.1212831 0.7380269
1413393900.855760 -0.1477912 -0.9849051 1.3566027 0.0921167 0.6632268 0.1055729 0.7351865
1413393900.955760 -0.1729942 -0.9496495 1.3422576 0.0901817 0.6532165 0.1400155 0.7386279
1413393901.105761 -0.2436332 -0.8845993 1.3050083 0.0449978 0.6312480 0.2133410 0.7443029
1413393901.255760 -0.3196996 -0.8399559 1.2308335 -0.0475416 0.6150766 0.2578446 0.7435971
1413393903.255760 0.5565324 -1.0797472 1.4972006 -0.0179234 0.6389393 0.2343389 0.7324757
1413393903.905761 1.0253087 -1.1613622 1.7088232 0.0518760 0.7403838 0.2664407 0.6149390
1413393904.055760 1.1072481 -1.1679580 1.7258426 0.0584948 0.7462422 0.2818307 0.6002269
1413393904.205760 1.1735302 -1.1568406 1.7249537 0.0437794 0.7526300 0.2789448 0.5948288
1413393904.655760 1.3276269 -1.1776881 1.5982553 -0.0104487 0.7799056 0.2707483 0.5642105
1413393904.805761 1.3698274 -1.1777428 1.5332245 -0.0551570 0.7949740 0.2875396 0.5313144
1413393905.405761 1.6741663 -1.0816323 1.3617055 -0.0091107 0.8898407 0.2696369 0.3679626
1413393905.555760 1.7593249 -1.0529841 1.3430456 0.0035256 0.9030764 0.2828372 0.3231776
1413393905.755760 1.8541844 -1.0221870 1.3183872 0.0349588 0.9152375 0.3051659 0.2607525
1413393906.705760 2.0155306 -0.7934161 1.0079612 0.0120657 0.9545845 0.2922326 0.0567704
1413393909.605761 2.0378463 -0.4801471 1.4549347 -0.0264437 0.9509083 0.3082776 -0.0062522
1413393909.705760 2.0378690 -0.4753103 1.5036867 -0.0270987 0.9438530 0.3290907 -0.0103193
1413393909.855760 2.0455899 -0.4535797 1.5771979 -0.0274083 0.9336063 0.3567557 -0.0187968
1413393909.955760 2.0536745 -0.4298142 1.6168535 -0.0273080 0.9284053 0.3697504 -0.0245457
1413393910.105761 2.0729494 -0.3883767 1.6597532 -0.0250758 0.9225737 0.3836688 -0.0320500
1413393910.255760 2.1019554 -0.3609238 1.6638902 -0.0194869 0.9182221 0.3937107 -0.0384749
1413393910.505760 2.1609402 -0.3469765 1.5743928 0.0134851 0.9065263 0.4195364 -0.0449160
1413393910.655760 2.1872590 -0.3253470 1.4726139 0.0230230 0.9094252 0.4133970 -0.0389703
1413393910.955760 2.2073395 -0.2069414 1.2011014 0.0173474 0.9328225 0.3597430 -0.0112326
1413393911.105761 2.2064414 -0.1209168 1.0538899 0.0108236 0.9442791 0.3288569 0.0085418
1413393911.255760 2.2031646 -0.0306562 0.9042454 0.0057470 0.9484296 0.3160071 0.0242426
1413393911.405761 2.1950271 0.0556495 0.7560074 -0.0019551 0.9555430 0.2932825 0.0303166
1413393911.555760 2.1886830 0.1278920 0.6152130 -0.0125543 0.9618627 0.2717520 0.0285194
1413393911.705760 2.1847858 0.1706394 0.4889636 -0.0175561 0.9655315 0.2586437 0.0233297
1413393911.905761 2.1936791 0.1822743 0.3450236 -0.0104496 0.9530030 0.3024552 0.0140304
1413393912.055760 2.2040370 0.1580302 0.2375101 0.0257052 0.9326484 0.3597739 0.0083017
1413393912.205760 2.2068686 0.1241918 0.1103446 0.0392447 0.9171271 0.3966557 0.0013610
1413393912.355760 2.1970096 0.0952688 -0.0447475 0.0396802 0.9137070 0.4044009 -0.0049872
1413393912.505760 2.1744266 0.0703987 -0.2345968 0.0358971 0.9294236 0.3671403 -0.0095473
1413393912.655760 2.1403122 0.0643953 -0.4261867 0.0305551 0.9424689 0.3327816 -0.0086706
1413393912.805761 2.0982814 0.0808095 -0.6238046 0.0175927 0.9516456 0.3066063 -0.0073307
1413393913.005760 2.0300181 0.1278804 -0.8622771 0.0115290 0.9548454 0.2953943 -0.0296580
1413393913.155760 1.9758650 0.1747556 -1.0264252 0.0320802 0.9552826 0.2865433 -0.0655664
1413393913.355760 1.8891374 0.2525254 -1.2183496 0.0580298 0.9501735 0.2768717 -0.1309385
1413393913.555760 1.7733911 0.3309902 -1.3710655 0.0739546 0.9394057 0.2605132 -0.2101916
1413393913.705760 1.6610460 0.3590401 -1.4673021 0.0617366 0.9294289 0.2396670 -0.2736973
1413393913.855760 1.5352350 0.3748388 -1.5265677 0.0511730 0.9152820 0.2205529 -0.3331617
1413393914.005760 1.4076388 0.3698000 -1.5587164 0.0372611 0.8953903 0.2119247 -0.3898407
1413393914.155760 1.2841063 0.3513738 -1.5619771 0.0038583 0.8682899 0.2128220 -0.4480675
1413393914.305761 1.1714388 0.3181837 -1.5409843 0.0091069 -0.8287454 -0.2442966 0.5034057
1413393914.555760 1.0142815 0.2551631 -1.4982342 -0.0062003 -0.7734655 -0.2485499 0.5830400
1413393914.805761 0.8709800 0.1803861 -1.4451804 -0.0325464 -0.7292132 -0.2220367 0.6464429
1413393914.905761 0.8137037 0.1479275 -1.4168606 -0.0394875 -0.7093042 -0.2212946 0.6680996
1413393915.105761 0.6984252 0.0876911 -1.3523808 -0.0331788 -0.6765172 -0.2480292 0.6926075
1413393915.305761 0.5654278 0.0291795 -1.2861488 -0.0287962 -0.6661140 -0.2590844 0.6988120
1413393917.205760 -0.4970545 -0.1561392 -1.5231453 -0.0170952 -0.4583425 -0.1188684 0.8806249
1413393917.605761 -0.5921835 -0.1926740 -1.5725055 -0.0532113 -0.2869874 -0.0631717 0.9543669
1413393917.805761 -0.6149027 -0.1866096 -1.5473344 -0.0394127 -0.1801809 -0.0506319 0.9815385
1413393918.005760 -0.6256539 -0.1904697 -1.5017405 -0.0211604 -0.0850195 -0.0081574 0.9961212
1413393918.505760 -0.5526363 -0.2376382 -1.3819531 -0.0323248 0.1332856 0.0959089 0.9858963
1413393918.705760 -0.4590406 -0.2683184 -1.3274014 -0.0191211 0.2335465 0.1290084 0.9635597
1413393918.755760 -0.4309517 -0.2765245 -1.3128449 -0.0140624 0.2598566 0.1411070 0.9551783
1413393918.855760 -0.3690477 -0.2928711 -1.2918708 0.0037511 0.3126014 0.1681042 0.9348835
1413393919.055760 -0.2133172 -0.3184904 -1.2688971 0.0410967 0.4371136 0.1833012 0.8795700
1413393919.155760 -0.1321802 -0.3278716 -1.2768587 0.0493699 0.4949394 0.1892838 0.8466222
1413393919.255760 -0.0589944 -0.3332912 -1.2887934 0.0633477 0.5484194 0.1956459 0.8105220
1413393919.455760 0.0697304 -0.3321231 -1.3394521 0.1036894 0.6311435 0.2116764 0.7389854
1413393919.755760 0.1795751 -0.2409996 -1.4730449 0.1029573 0.7008424 0.2340124 0.6659263
1413393919.855760 0.1934572 -0.1927136 -1.5320572 0.0893337 0.7216932 0.2073603 0.6543548
1413393920.555760 -0.0084888 0.2681986 -1.8986611 -0.0024731 0.7186413 0.2127628 0.6620275
1413393921.355760 -0.3670800 0.6716873 -2.1388569 -0.0759278 0.6953114 0.2476024 0.6704254
1413393921.555760 -0.3774439 0.7275469 -2.1634912 -0.0464017 0.7020295 0.2315027 0.6718690
1413393921.755760 -0.3665651 0.7839865 -2.1726987 -0.0263266 0.7094183 0.2155157 0.6705115
1413393922.205760 -0.3517461 0.9686678 -2.1194832 -0.0268942 0.7146094 0.2179354 0.6641644
1413393922.355760 -0.3512357 1.0295290 -2.0877292 -0.0577824 0.7045504 0.2534253 0.6603374
1413393922.505760 -0.3319319 1.0793748 -2.0557671 -0.0576529 0.6976928 0.2790249 0.6573020
1413393922.755760 -0.2424479 1.1440870 -2.0159173 -0.0035140 0.6998158 0.2809413 0.6567477
1413393922.905761 -0.1720919 1.1854610 -2.0118055 -0.0171674 0.6993602 0.2793957 0.6576766
1413393923.055760 -0.0878176 1.2127823 -2.0244946 -0.0542266 0.7021616 0.2699564 0.6566218
1413393923.205760 0.0201620 1.2161778 -2.0453973 -0.0718576 0.7044628 0.2657098 0.6541919
1413393923.605761 0.4080524 1.1795682 -2.1045702 0.0172976 0.6673507 0.2692608 0.6941487
1413393923.755760 0.5596026 1.1708909 -2.1439667 0.0015468 0.6302648 0.2349050 0.7399889
1413393923.905761 0.7160547 1.1708515 -2.1962984 -0.0235522 0.5787396 0.2041749 0.7891884
1413393924.055760 0.8710105 1.1664567 -2.2511818 -0.0386129 0.5249516 0.1856783 0.8297339
1413393924.255760 1.0858914 1.1634471 -2.3121524 -0.0659679 0.4739181 0.1212325 0.8696854
1413393924.405761 1.2500099 1.1524019 -2.3415923 -0.0832118 0.4484164 0.0606794 0.8878719
1413393924.555760 1.3984746 1.1264009 -2.3396130 -0.0933231 0.4368609 0.0133881 0.8945748
1413393924.705760 1.5155352 1.0709559 -2.2963121 -0.0798002 0.4361996 -0.0258412 0.8959320
1413393924.905761 1.5870613 0.9391478 -2.1738539 -0.0575607 0.4402172 -0.0136931 0.8959398
1413393925.055760 1.5788128 0.7871436 -2.0418990 -0.0466386 0.4232020 0.0640758 0.9025626
1413393925.355760 1.5427815 0.4446563 -1.7566196 -0.0426077 0.3408619 0.1581730 0.9257317
1413393925.805761 1.5987834 -0.0077249 -1.3085338 -0.0259022 0.3017555 0.1175605 0.9457548
1413393926.005760 1.6516522 -0.1037526 -1.0822664 -0.0019102 0.3030145 0.1031666 0.9473833
1413393926.705760 1.8203535 -0.2851968 -0.4287404 0.0278726 0.2762307 0.0850328 0.9569165
1413393927.105761 1.8957326 -0.3939443 -0.2038907 -0.0183563 0.1889393 0.0758979 0.9788792
1413393927.305761 1.9415158 -0.4926742 -0.1179527 -0.0381410 0.1575521 0.0982288 0.9818726
1413393927.405761 1.9780113 -0.5381994 -0.0746272 -0.0520431 0.1481863 0.0876219 0.9836944
1413393927.605761 2.0760252 -0.6406113 0.0260946 -0.0470681 0.1419160 0.0196427 0.9885639
1413393927.905761 2.1713302 -0.8215935 0.2064268 -0.0043432 0.1242647 -0.0639891 0.9901741
1413393928.005760 2.1814754 -0.8921428 0.2689651 0.0033624 0.1201116 -0.0694446 0.9903228
1413393928.255760 2.1340141 -1.0299586 0.4238695 0.0086011 0.1193787 -0.0700279 0.9903387
1413393928.705760 1.8909032 -1.1789137 0.6753850 0.0441865 0.0965198 0.0299652 0.9938982
1413393928.955760 1.7486738 -1.2235686 0.7618346 0.0411779 0.1235933 0.0012997 0.9914774
1413393929.055760 1.6927489 -1.2382880 0.7822764 0.0363625 0.1438074 -0.0054284 0.9889225
1413393929.455760 1.4049903 -1.3010533 0.7955527 0.0087367 0.2539956 0.0493730 0.9659048
1413393930.005760 0.9283968 -1.4247581 0.7798063 0.0056384 0.4329614 0.1711631 0.8849948
1413393930.155760 0.8107494 -1.4435501 0.7629371 0.0137177 0.4660388 0.2005226 0.8616324
1413393930.305761 0.7053258 -1.4454117 0.7396086 0.0129035 0.4891233 0.2041556 0.8478870
1413393935.055760 -0.3435121 0.3301758 -1.1244929 -0.0309791 0.4012154 0.1934536 0.8947861
1413393935.305761 -0.3166314 0.4847705 -1.2570758 -0.0704363 0.3237596 0.1165547 0.9362870
1413393935.555760 -0.2598059 0.5446898 -1.3534656 -0.0655497 0.2311508 0.0597181 0.9688686
1413393936.455760 -0.2913808 0.4016136 -1.2792708 -0.0357739 -0.0989798 0.0052486 0.9944323
1413393938.905761 -0.0392714 0.1267755 -1.5661281 0.0185813 -0.6022962 -0.1755622 0.7785062
1413393939.555760 0.2147604 0.2491658 -1.8754445 -0.0982238 -0.6459853 -0.2784264 0.7039416
1413393939.705760 0.2441112 0.2904567 -1.9237489 -0.1467065 -0.6289347 -0.3055927 0.6996652
1413393940.505760 0.1684950 0.3950680 -2.0639107 -0.0220061 -0.6604447 -0.2016175 0.7229653
1413393940.705760 0.2537164 0.4090758 -2.0443015 -0.1356254 -0.6298900 -0.2578484 0.7199712
1413393940.905761 0.2516244 0.3664269 -2.0130723 -0.1229156 -0.6305096 -0.2318610 0.7304724
1413393941.705760 0.2338289 0.1052623 -1.6526109 -0.0910381 -0.6295479 -0.2820663 0.7182062
1413393941.955760 0.1831150 0.0354723 -1.5134363 -0.0722132 -0.6236464 -0.2727152 0.7290246
1413393943.205760 0.0112762 -0.1649380 -0.9579799 0.0054627 -0.6355603 -0.2274132 0.7377781
1413393943.405761 -0.0497296 -0.1709821 -0.9003053 0.0807211 -0.6571662 -0.1521861 0.7337956
1413393943.655760 -0.0495278 -0.1754805 -0.8440415 0.0323372 -0.6411464 -0.2033160 0.7392890
1413393944.305761 -0.1109274 -0.2372767 -0.7819127 0.0139672 -0.5830346 -0.1412950 0.7999445
1413393944.855760 -0.0839489 -0.3152343 -0.7239854 -0.0567653 -0.4913015 -0.2179155 0.8413758
1413393945.155760 -0.1195065 -0.3931618 -0.6923714 -0.0206301 -0.4792002 -0.1907927 0.8564693
1413393945.455760 -0.1708892 -0.4214180 -0.6360555 0.0839608 -0.4440244 -0.1079755 0.8855135
1413393946.655760 -0.1005330 -0.2834346 -0.6745412 -0.0398013 -0.1091455 -0.0336453 0.9926586
1413393947.105761 -0.0636363 -0.2902704 -0.6882589 0.0311378 0.0635628 -0.0096558 0.9974452
1413393950.105761 -0.4851659 0.0270120 -1.1425145 0.0350756 0.6371900 0.3028198 0.7078550
1413393950.555760 -0.5568773 0.0999662 -1.5163970 -0.0574483 0.6631265 0.2554435 0.7012215
1413393950.905761 -0.4935337 0.2213550 -1.7683737 -0.0160720 0.6836313 0.2134719 0.6977246
1413393951.555760 -0.3448043 0.4514095 -2.0636587 -0.0383054 0.6908698 0.2274773 0.6851903
1413393952.005760 -0.1839906 0.6014071 -2.1549363 -0.0276092 0.7071463 0.2179215 0.6720805
1413393952.305761 -0.0602046 0.6375561 -2.1820829 -0.0149769 0.7144688 0.2224607 0.6631902
1413393952.605761 0.0581967 0.6164406 -2.1998768 -0.0181373 0.6913803 0.2083911 0.6915472
1413393953.255760 0.3024956 0.5610709 -2.1753013 0.0053818 0.6183348 0.2264664 0.7525597
1413393953.955760 0.5540303 0.5795807 -2.2810066 0.0085098 0.6358806 0.1644672 0.7540120
1413393954.305761 0.5988252 0.6029124 -2.3234723 -0.0521550 0.5752769 0.2011787 0.7911153
1413393954.655760 0.6928786 0.5821089 -2.3227124 -0.0758224 0.4940977 0.1857796 0.8459340
1413393955.005760 0.8965594 0.5277054 -2.2600369 -0.0760635 0.4556858 0.1641581 0.8715600
1413393955.405761 1.2062569 0.4293851 -2.1019182 -0.0221303 0.4186783 0.1384339 0.8972484
1413393955.855760 1.5185759 0.3597103 -1.9062850 -0.0111520 0.3214045 0.0139206 0.9467740
1413393956.355760 1.6796772 0.2998898 -1.6376097 -0.0069823 0.2063033 0.0557659 0.9768727
1413393956.805761 1.7568619 0.2301529 -1.4233944 -0.0153141 0.0477099 0.0076267 0.9987147
1413393957.205760 1.8055601 0.1613088 -1.2495543 -0.0261346 -0.1008972 -0.0310012 0.9940702
1413393957.505760 1.8532863 0.1100443 -1.1064250 -0.0162221 -0.2187064 -0.0768285 0.9726262
1413393957.805761 1.9010208 0.1022408 -0.9456942 0.0207908 -0.3276041 -0.1092621 0.9382457
1413393958.055760 1.9509120 0.1319030 -0.8322481 0.0242737 -0.3849492 -0.1766487 0.9055496
1413393959.355760 1.8610678 0.1750951 -0.5354846 0.0048194 -0.4182814 -0.1233815 0.8998858
1413393959.705760 1.8440658 0.2166287 -0.4437961 0.0481012 -0.4147485 -0.1207581 0.9006040
1413393960.605761 1.8995647 0.2818508 -0.4233263 -0.0144148 -0.4285648 -0.1649458 0.8882102
1413393960.805761 1.8706506 0.3569942 -0.4027207 -0.0080612 -0.4816729 -0.1795331 0.8577261
1413393961.005760 1.8358144 0.4522454 -0.3806817 -0.0418274 -0.5160111 -0.2014462 0.8315061
1413393961.205760 1.7738376 0.4975146 -0.3576179 -0.0225273 -0.5349132 -0.1931915 0.8222150
1413393961.305761 1.7364254 0.4971220 -0.3506853 0.0109595 -0.5490373 -0.1523335 0.8217253
1413393961.855760 1.7552484 0.3211922 -0.3895923 0.0138544 -0.5356793 -0.1824068 0.8243685
1413393962.105761 1.8170567 0.1386945 -0.4691626 -0.0128700 -0.5298722 -0.2010447 0.8238027
1413393962.405761 1.8552943 -0.1392651 -0.5912824 -0.0448438 -0.5237142 -0.2214041 0.8213968
1413393962.605761 1.8439022 -0.2779043 -0.6494729 -0.0796807 -0.4971753 -0.2439223 0.8288363
1413393962.855760 1.7610584 -0.4011351 -0.6781182 -0.0329463 -0.4338646 -0.2351924 0.8691148
1413393963.155760 1.5684214 -0.4773204 -0.7153065 0.0293176 -0.3220156 -0.1873333 0.9275520
1413393963.555760 1.2542323 -0.4401665 -0.8257540 0.0304958 -0.1853681 -0.0871933 0.9783179
1413393964.055760 0.8457562 -0.1977071 -1.0352778 0.0194418 -0.0286272 -0.0483646 0.9982301
1413393964.605761 0.3644918 0.1691968 -1.3278177 0.0008628 0.1070649 0.0551008 0.9927236
1413393965.305761 0.0660061 0.4981982 -1.7733661 -0.0933296 0.2317501 0.2027511 0.9468228
1413393965.655760 0.2405898 0.5484359 -1.9024723 -0.1288965 0.3006546 0.0366738 0.9442709
1413393969.055760 -0.4730157 -0.0385533 -0.7004580 0.0014424 0.5513470 0.1707259 0.8166193
1413393969.455760 -0.4925640 0.0134858 -0.5462551 0.0197885 0.6400970 0.2092681 0.7389797
1413393969.855760 -0.5525974 0.0286314 -0.4909158 0.0370365 0.6859775 0.2829009 0.6693506
1413393971.355760 -0.5449384 -0.1486706 -0.5583883 0.0324083 0.7359937 0.1251093 0.6645378
1413393971.805761 -0.7342049 -0.2364872 -0.2623768 0.0899608 0.6873005 0.2714639 0.6677068
1413393972.255760 -1.0387838 -0.2780276 -0.1985211 0.0293912 0.6963081 0.2980505 0.6522707
1413393972.655760 -1.2672594 -0.2078685 -0.2486873 -0.0560297 0.7170927 0.2405617 0.6517429
1413393973.305761 -1.4230539 -0.1662894 -0.1923739 -0.0193542 0.7424675 0.1792634 0.6451605
1413393973.755760 -1.5810127 -0.1926038 0.0231686 0.0520298 0.7303323 0.1788288 0.6572122
1413393974.305761 -1.9416610 -0.2331228 0.1226541 -0.0994456 0.6393771 0.3886130 0.6559629
1413393974.505760 -1.9212471 -0.2437170 0.0321799 -0.1811339 0.6541628 0.3265303 0.6577534
1413393974.805761 -1.6357837 -0.3325962 -0.0633093 -0.1381977 0.6952281 0.1854852 0.6805546
1413393975.205760 -1.1692601 -0.4047554 0.0331237 0.0052179 0.7042518 0.1836599 0.6857632
1413393976.505760 -0.5030030 -0.5561621 0.6428725 0.0479514 0.7030141 0.2336033 0.6700010
1413393978.805761 -0.1971609 -0.8056067 0.8681163 0.0219244 0.7711652 0.2629203 0.5793931
1413393979.505760 -0.1948410 -0.8480885 0.7891102 0.0544235 0.8768534 0.3081613 0.3649696
1413393980.005760 -0.3668367 -0.7156410 0.6278517 0.0267322 0.9252962 0.3233290 0.1963941
1413393980.505760 -0.5990835 -0.6007664 0.3694024 -0.0395473 0.9309239 0.3508886 0.0932407
1413393982.505760 -0.5342687 -0.1103625 -1.3840315 -0.0402780 0.9004478 0.2944039 0.3176442
1413393983.305761 -0.0931458 0.0410634 -1.8680130 -0.0841627 0.6640944 0.1647845 0.7243903
1413393985.055760 -0.1805571 -0.4165373 -0.8746673 -0.0177294 0.1281845 0.0708987 0.9890540
1413393985.555760 -0.4382837 -0.4286505 -0.4359123 -0.0026023 0.3144691 0.0809688 0.9458047
1413393986.205760 -0.7070898 -0.4915689 0.0600397 -0.0220861 0.4906296 0.2305816 0.8400160
1413393986.855760 -0.6102851 -0.5814960 0.2870165 -0.0063796 0.6926440 0.1975206 0.6936780
1413393987.605761 -0.4856185 -0.6840975 0.5374781 -0.0251326 0.7322417 0.2245452 0.6424717
1413393990.755760 0.1337784 -0.9611628 1.8498435 0.0174975 0.8954016 0.3943694 0.2059676
1413393991.105761 0.1113778 -0.9165923 1.7468033 -0.0764583 0.9211349 0.3397406 0.1738993
1413393991.405761 0.1895667 -0.9074839 1.6081047 -0.0041848 0.9650875 0.1831585 0.1871936
1413393992.205760 0.1901985 -0.9912363 1.5449076 -0.0161473 0.9477026 0.2519878 0.1951950
1413393993.055760 0.0446330 -1.0340854 1.5337956 -0.0293783 0.9426332 0.2727669 0.1902048
1413393993.455760 -0.0001076 -1.0674514 1.5911226 -0.0431498 0.8907609 0.4129832 0.1847378
1413393993.805761 0.0562599 -1.0919454 1.4755147 -0.0230313 0.9532062 0.2348340 0.1889987
1413393994.205760 0.1277625 -1.0783094 1.5221440 0.0335212 0.9655095 0.1743120 0.1904812
1413393994.605761 0.0675320 -1.2057339 1.8252561 0.0058837 0.8923150 0.4098862 0.1890306
1413393995.805761 0.0496179 -0.9399356 1.7793043 0.0208875 0.8885278 0.2664049 0.3729753
1413393996.805761 -0.3993902 -0.6776533 1.6272054 -0.0252696 0.7842066 0.2770894 0.5546196
1413393997.505760 -0.5899473 -0.5137081 1.5532385 -0.0243702 0.7566654 0.2383353 0.6083255
1413393998.155760 -0.6617568 -0.3682683 1.5825286 -0.0298145 0.7603118 0.2390957 0.6032166
1413393998.655760 -0.6667917 -0.3711331 1.6505799 -0.0042219 0.7618984 0.2667712 0.5901917
1413393999.055760 -0.6513696 -0.3597091 1.6893022 -0.0021394 0.7675369 0.2490512 0.5906403
1413393999.455760 -0.6358202 -0.3252356 1.7215774 -0.0126933 0.7604278 0.2718260 0.5896601
1413393999.755760 -0.6021554 -0.3008093 1.7327724 0.0131948 0.7589989 0.2788673 0.5882003
1413394002.305761 -0.5779772 -0.2383826 1.7217698 0.0015706 0.7806053 0.2404456 0.5769218
1413394003.355760 -0.5780520 -0.2379689 1.7217973 0.0013590 0.7807127 0.2401236 0.5769111
