1403715278.862143 0.0000000 0.0000000 0.0000000 0.0000000 0.0000000 0.0000000 1.0000000
1403715279.162143 -0.0041971 -0.0343855 0.0089577 0.0009203 0.0006995 -0.0026456 0.9999958
1403715280.012143 -0.0064403 -0.0526116 0.0234067 -0.0171402 -0.0006406 -0.0025037 0.9998497
1403715285.662143 0.0498490 -0.2081238 0.5246220 -0.0036628 0.7020155 0.2725628 0.6579289
1403715285.912143 0.0585373 -0.2409953 0.4975187 -0.0109919 0.7086090 0.2648515 0.6539159
1403715286.062143 0.0663201 -0.2554765 0.4792579 -0.0236089 0.7119616 0.2568373 0.6531370
1403715286.762143 0.1353616 -0.2989311 0.4038764 -0.0154636 0.7288306 0.2479185 0.6380464
1403715289.262143 0.3291836 -0.3139561 0.2415117 -0.0225743 0.8600104 0.2943791 0.4161892
1403715289.462143 0.3302778 -0.2834859 0.2378451 -0.0261191 0.8709809 0.3002700 0.3880053
1403715290.062143 0.3619626 -0.2045939 0.2311813 -0.0210789 0.8838182 0.3165077 0.3438662
1403715290.262143 0.3831125 -0.2098921 0.2191322 -0.0253250 0.8788766 0.3155389 0.3568890
1403715290.462143 0.4100810 -0.2174473 0.2065814 -0.0240720 0.8711541 0.3260450 0.3663411
1403715291.462143 0.5752248 -0.1993585 0.1200224 0.0230651 0.8874689 0.3214756 0.3294244
1403715291.612143 0.5882552 -0.1856097 0.1022038 0.0192927 0.8900828 0.3292470 0.3146057
1403715291.912143 0.6036698 -0.1552528 0.0561662 -0.0042996 0.8974080 0.3291326 0.2937893
1403715301.112143 1.0141817 0.0166618 -0.2690588 0.0263891 -0.3273987 -0.1191499 0.9369723
1403715304.862143 0.9675032 0.2515152 -0.6189260 0.0007922 -0.5279204 -0.1850690 0.8288841
1403715305.162143 0.9706489 0.2534913 -0.6358700 -0.0047125 -0.5240580 -0.1866411 0.8309669
1403715307.762143 1.1898539 0.1049223 -0.6741931 -0.0245801 -0.2224675 -0.0952845 0.9699613
1403715308.162143 1.2330068 0.1530280 -0.6765383 -0.0279164 -0.1212774 -0.0712983 0.9896610
1403715308.512143 1.2469039 0.1892505 -0.6649824 -0.0272984 -0.0675812 -0.0456654 0.9962943
1403715308.662143 1.2459708 0.1952933 -0.6581406 -0.0287032 -0.0639271 -0.0334261 0.9969815
1403715311.312143 1.5194999 0.0926917 -0.5444417 -0.0275344 -0.0169546 0.0071547 0.9994515
1403715312.962143 1.7957764 0.0131545 -0.3661587 0.0150119 0.0126052 -0.0229805 0.9995437
1403715313.712143 1.8378230 -0.0498095 -0.3658703 -0.0076188 0.0095177 -0.0241243 0.9996346
1403715313.912143 1.8364961 -0.0648754 -0.3753597 -0.0085393 0.0179327 -0.0178963 0.9996426
1403715314.512143 1.8166295 -0.0856592 -0.3951435 -0.0237976 0.1133494 0.0077928 0.9932396
1403715317.812143 1.5168413 -0.0235119 -0.2137846 -0.0087674 0.5891725 0.2124217 0.7795357
1403715318.162143 1.4992477 -0.0177088 -0.1872097 0.0019862 0.6387897 0.2461056 0.7289553
1403715318.562143 1.4861109 0.0044130 -0.1898740 -0.0222398 0.6744270 0.2439739 0.6965130
1403715318.812143 1.4870020 0.0251071 -0.2002824 -0.0497353 0.6964875 0.2668837 0.6642324
1403715319.262143 1.5417252 0.0531206 -0.2171154 -0.0430471 0.7568286 0.2595207 0.5983363
1403715319.862143 1.6724055 0.0486697 -0.2213755 -0.0312070 0.8097048 0.2722334 0.5189347
1403715320.412143 1.8192962 -0.0231403 -0.2055646 -0.0096074 0.8573665 0.2734460 0.4359560
1403715320.812143 1.9060770 -0.0713674 -0.1771816 0.0362864 0.8954612 0.3082721 0.3190625
1403715321.312143 1.9375129 -0.1061924 -0.1522759 0.0285008 0.9019610 0.3311729 0.2756422
1403715321.712143 1.9081138 -0.1160512 -0.1662766 0.0234293 0.9030030 0.3235044 0.2817472
1403715322.112143 1.8331828 -0.1215511 -0.2093830 0.0340473 0.9119119 0.3214947 0.2527819
1403715322.562143 1.7011496 -0.1001314 -0.2658708 -0.0221506 0.9205464 0.3387573 0.1932545
1403715322.962143 1.6098588 -0.0467266 -0.3263221 -0.0315988 0.9239806 0.3404097 0.1714136
1403715323.162143 1.5815924 -0.0362322 -0.3712148 -0.0354587 0.9247429 0.3377779 0.1717536
1403715325.162143 1.5922049 -0.0568179 -0.5915357 -0.0093510 0.9368411 0.2981018 0.1826929
1403715326.162143 1.5171945 -0.0722160 -0.5415746 -0.0011758 0.9262033 0.3303950 0.1816185
1403715326.412143 1.4821241 -0.0616103 -0.5455464 -0.0129774 0.9351186 0.3068301 0.1767489
1403715326.662143 1.4507174 -0.0530371 -0.5434083 -0.0109451 0.9419847 0.2881314 0.1718293
1403715327.662143 1.2824222 -0.0342552 -0.4817213 0.0070502 0.9254395 0.3374719 0.1721187
1403715328.412143 1.1165173 -0.0016972 -0.5095158 -0.0215214 0.9212984 0.2917847 0.2561400
1403715328.662143 1.0697290 0.0021407 -0.5085254 -0.0280633 0.9188533 0.3037824 0.2502744
1403715328.912143 1.0359085 0.0026785 -0.4945508 -0.0225835 0.9052250 0.3126495 0.2868935
1403715329.162143 1.0131004 0.0022927 -0.4747567 -0.0149480 0.8787133 0.3043327 0.3674521
1403715329.612143 0.9865206 0.0121267 -0.4408697 -0.0155654 0.8388907 0.3011301 0.4531453
1403715330.312143 0.9724489 0.0579809 -0.4071676 -0.0184108 0.8339884 0.2959295 0.4653494
1403715330.862143 0.9759629 0.0475727 -0.4085067 0.0114299 0.8290083 0.2932365 0.4760535
1403715333.112143 0.9342659 -0.0256167 -0.7056643 0.0157195 0.7530167 0.2361886 0.6139492
1403715335.412143 0.8611825 0.1442166 -1.1465861 -0.0233548 0.6906186 0.2405694 0.6816354
1403715336.162143 0.9177718 0.1912676 -1.2615609 -0.0079338 0.6481937 0.2171838 0.7298036
1403715336.512143 0.9456944 0.2141054 -1.3115940 -0.0163423 0.6400870 0.2201657 0.7358999
1403715336.862143 0.9750348 0.2298012 -1.3583101 -0.0172009 0.6417010 0.2187987 0.7348817
1403715337.212143 1.0074831 0.2322623 -1.3995028 -0.0229819 0.6310586 0.2156831 0.7447937
1403715337.562143 1.0454414 0.2278526 -1.4304039 -0.0109781 0.5922760 0.2252180 0.7735408
1403715337.912143 1.0987506 0.2298243 -1.4672993 -0.0118992 0.5896713 0.2084964 0.7801765
1403715338.712143 1.2275494 0.2357726 -1.5567189 -0.0051216 0.5463932 0.1943034 0.8146622
1403715339.462143 1.3529686 0.2604633 -1.6504660 -0.0170372 0.5043160 0.1716496 0.8461155
1403715339.812143 1.4139687 0.2853830 -1.6800663 -0.0294635 0.5187127 0.1620687 0.8389295
1403715340.162143 1.4649713 0.3042735 -1.6850282 -0.0396685 0.5032353 0.1323873 0.8530265
1403715340.512143 1.4898242 0.2799366 -1.6591197 -0.0242142 0.4159436 0.1328727 0.8993050
1403715340.862143 1.5144114 0.2499183 -1.6250244 -0.0263048 0.3718740 0.1402226 0.9172543
1403715341.712143 1.6405542 0.1923824 -1.5511386 -0.0092761 0.4198207 0.1114685 0.9006882
1403715342.112143 1.6709256 0.1704731 -1.5152882 -0.0212242 0.4112335 0.1307134 0.9018595
1403715342.512143 1.6915365 0.1516221 -1.4699405 -0.0326879 0.3780067 0.1374960 0.9149521
1403715342.862143 1.7197230 0.1352341 -1.4186478 -0.0317586 0.3289943 0.0934960 0.9391553
1403715343.262143 1.7483467 0.1122385 -1.3420573 -0.0186415 0.3020744 0.0972047 0.9481323
1403715343.612143 1.7738605 0.1017034 -1.2704786 -0.0310558 0.3038099 0.0961187 0.9473628
1403715346.062143 1.4326181 -0.0059120 -0.7288631 -0.0342648 0.2223885 0.0736716 0.9715667
1403715346.962143 1.2020786 -0.0596377 -0.5747888 -0.0105735 0.2462602 0.0966368 0.9643161
1403715348.362143 0.9356869 -0.1453763 -0.4388205 -0.0129585 0.0331943 0.0329650 0.9988211
1403715348.862143 0.9067798 -0.1100125 -0.3859996 -0.0123841 -0.0225080 0.0246234 0.9993666
1403715349.912143 1.0244516 -0.0151786 -0.3012195 -0.0035807 -0.0989403 -0.0300649 0.9946327
1403715352.062143 0.9484358 0.0082423 -0.1287732 -0.0092814 -0.1957651 -0.0719476 0.9779639
1403715354.712143 0.6494666 -0.0296342 0.0060146 -0.0171446 -0.2696099 -0.0999100 0.9576192
1403715355.062143 0.6353543 -0.0683201 0.0154248 -0.0153617 -0.2751836 -0.0896111 0.9570830
1403715355.412143 0.6251816 -0.1088145 0.0274125 -0.0146323 -0.3144947 -0.1151287 0.9421382
1403715355.962143 0.6163839 -0.1637922 0.0557347 -0.0101860 -0.3997399 -0.1528943 0.9037299
1403715357.162143 0.4870695 -0.2182266 0.1084080 -0.0205683 -0.4669250 -0.1618614 0.8691139
1403715357.412143 0.4485017 -0.2441348 0.1291537 -0.0073296 -0.4981521 -0.1837858 0.8473568
1403715357.662143 0.4085736 -0.2670812 0.1505133 -0.0045445 -0.5032412 -0.1992429 0.8408507
1403715358.612143 0.1844340 -0.2712571 0.1729731 0.0081543 -0.5191438 -0.2168018 0.8266923
1403715358.862143 0.1026849 -0.2650454 0.1542237 0.0086254 -0.5523660 -0.1925030 0.8110240
1403715359.112143 0.0297995 -0.2527192 0.1403194 0.0048687 -0.5689290 -0.1902278 0.8000684
1403715360.062143 -0.1390305 -0.2079042 0.0484090 0.0003843 -0.5631139 -0.1960766 0.8027806
1403715360.262143 -0.1598454 -0.2016737 0.0179801 -0.0013735 -0.5619333 -0.2000799 0.8026189
1403715360.462143 -0.1791220 -0.1976124 -0.0107113 -0.0155936 -0.5543139 -0.1790456 0.8126719
1403715360.662143 -0.1940068 -0.1959592 -0.0294870 -0.0224057 -0.5271764 -0.1571088 0.8348053
1403715360.862143 -0.2036391 -0.1995145 -0.0372282 -0.0128756 -0.4787897 -0.1575532 0.8635807
1403715362.612143 -0.3580529 -0.1969974 -0.0193816 -0.0233159 -0.0534804 -0.0452174 0.9972721
1403715363.212143 -0.4725850 -0.2051909 0.0203187 -0.0059929 0.0726021 0.0792962 0.9941857
1403715363.562143 -0.4809513 -0.2207352 0.0282046 -0.0073512 0.1457233 0.0926602 0.9849491
1403715363.962143 -0.4454605 -0.2388444 0.0238764 -0.0051697 0.2527992 0.0943448 0.9628940
1403715364.312143 -0.4073216 -0.2476992 0.0059546 -0.0016562 0.3300891 0.1226189 0.9359503
1403715364.762143 -0.3624693 -0.2630203 -0.0363697 -0.0028927 0.3479944 0.1316367 0.9282043
1403715365.162143 -0.3134375 -0.2774228 -0.0871636 -0.0200150 0.3998207 0.1245656 0.9078690
1403715365.662143 -0.2734458 -0.2915945 -0.1332942 -0.0044091 0.4674791 0.1537084 0.8705271
1403715366.262143 -0.2529840 -0.2901928 -0.2056238 0.0137510 0.5391774 0.2097784 0.8155316
1403715367.562143 -0.1750053 -0.2243587 -0.4646715 -0.0305651 0.5178834 0.2042279 0.8301527
1403715368.912143 0.1378778 -0.1513139 -0.7283238 -0.0078174 0.5310524 0.1801218 0.8279362
1403715369.612143 0.2788049 -0.0914501 -0.8860517 -0.0300263 0.4141126 0.1444408 0.8981904
1403715370.262143 0.4298931 -0.0537052 -0.9735149 -0.0339937 0.3614689 0.1068928 0.9256126
1403715371.062143 0.6068162 -0.0356532 -1.0108837 -0.0354582 0.3708163 0.1311005 0.9187223
1403715373.812143 1.4535323 -0.0847058 -0.9037186 -0.0163232 0.2859960 0.0722598 0.9553630
1403715374.412143 1.5592995 -0.0993444 -0.8683147 -0.0178612 0.1291020 0.0315619 0.9909680
1403715375.062143 1.6375917 -0.1287347 -0.7914967 -0.0280805 0.1023238 0.0126135 0.9942747
1403715375.612143 1.6608452 -0.1618715 -0.6764084 -0.0208427 0.1241583 0.0313718 0.9915473
1403715376.862143 1.6152256 -0.1943465 -0.4224835 -0.0009523 0.1218676 0.0178284 0.9923858
1403715377.212143 1.5641704 -0.1894588 -0.3862441 0.0045907 0.1120427 0.0103753 0.9936386
1403715377.562143 1.4937958 -0.1825922 -0.3708168 0.0048533 0.1014885 0.0134985 0.9947333
1403715381.162143 0.6292366 -0.2430900 -0.2471437 -0.0053290 0.1010454 0.0168369 0.9947250
1403715385.912143 0.0856474 -0.3982963 0.2657018 0.0087286 0.6455075 0.2443587 0.7235556
1403715388.912143 0.2992154 -0.1165428 -0.3881830 -0.0140319 0.6314622 0.2180793 0.7439759
1403715389.812143 0.4174932 -0.0579581 -0.6391113 -0.0120908 0.6106193 0.2081972 0.7639711
1403715390.512143 0.5220199 0.0024362 -0.7729269 -0.0468902 0.5044412 0.1648760 0.8462602
1403715391.212143 0.6768868 0.0378246 -0.8024516 -0.0353790 0.4052134 0.1560039 0.9001185
1403715392.562143 1.1810516 -0.0481173 -0.7855689 0.0022354 0.2961706 0.0908268 0.9508041
1403715393.862143 1.5175176 -0.0931756 -0.7354221 -0.0103344 -0.0428278 -0.0382775 0.9982955
1403715394.412143 1.5444597 -0.0906238 -0.7214909 -0.0035389 -0.2113521 -0.0886743 0.9733728
1403715394.962143 1.5435658 -0.0804941 -0.7402236 -0.0049525 -0.3872070 -0.1503359 0.9096403
1403715395.462143 1.5250967 -0.0577665 -0.7771995 -0.0091531 -0.5317544 -0.2048263 0.8217053
1403715395.912143 1.4859943 -0.0198508 -0.8078753 -0.0110878 -0.6035567 -0.2271884 0.7641870
1403715396.312143 1.4353256 0.0087391 -0.8264138 -0.0189523 -0.6186450 -0.2085420 0.7572513
1403715396.612143 1.3979036 0.0230222 -0.8257652 0.0030731 -0.6155126 -0.2264907 0.7548753
1403715396.912143 1.3634380 0.0438156 -0.8309795 -0.0039529 -0.6363347 -0.2326745 0.7354761
1403715397.212143 1.3245147 0.0721220 -0.8350289 -0.0299351 -0.6434256 -0.2453391 0.7245110
1403715397.562143 1.2545710 0.0967551 -0.8295159 -0.0478920 -0.6523036 -0.2276981 0.7213598
1403715399.312143 0.9827226 0.1014877 -0.6866292 0.0323451 -0.6394849 -0.2201868 0.7358877
1403715399.812143 1.0266421 0.1272367 -0.7481493 -0.0110976 -0.6285695 -0.2477724 0.7371472
1403715400.112143 1.0394689 0.1381867 -0.8020339 -0.0102886 -0.6129443 -0.2498828 0.7495012
1403715400.362143 1.0331097 0.1468629 -0.8545419 0.0012537 -0.5760158 -0.2478618 0.7789536
1403715400.912143 0.9678968 0.1838567 -0.9994321 -0.0349501 -0.4594812 -0.1783983 0.8693846
1403715401.212143 0.9078516 0.2079445 -1.0693265 -0.0495682 -0.4156072 -0.1633999 0.8933723
1403715401.562143 0.8116735 0.2173916 -1.1261455 -0.0356995 -0.4032810 -0.1594007 0.9003785
1403715401.912143 0.6999041 0.2086948 -1.1570296 -0.0196478 -0.3967722 -0.1215567 0.9096206
1403715402.212143 0.6174056 0.2010935 -1.1672795 0.0094507 -0.3882722 -0.1315789 0.9120539
1403715402.712143 0.5039211 0.2043199 -1.1898308 0.0288097 -0.3282929 -0.1427010 0.9332900
1403715403.062143 0.4285686 0.2187873 -1.2381171 -0.0210471 -0.3215492 -0.1084738 0.9404236
1403715403.412143 0.3597281 0.2234292 -1.2695253 -0.0401800 -0.3137488 -0.1143381 0.9417399
1403715403.712143 0.2982786 0.2160069 -1.2688191 -0.0393005 -0.2740165 -0.1029624 0.9553896
1403715404.012143 0.2352154 0.2018605 -1.2414300 -0.0478545 -0.2124778 -0.0723848 0.9733055
1403715404.412143 0.1506777 0.1688096 -1.1752092 -0.0190299 -0.1287770 -0.0739110 0.9887323
1403715404.912143 0.0142429 0.1463881 -1.0889275 -0.0076174 -0.1109129 -0.0456173 0.9927534
1403715405.312143 -0.0869750 0.1384377 -1.0277796 -0.0094098 -0.0308283 0.0123337 0.9994043
1403715405.762143 -0.1568891 0.1370756 -0.9644298 -0.0297752 0.1146592 0.0416202 0.9920859
1403715406.162143 -0.2000588 0.1327429 -0.8977528 -0.0203578 0.2324357 0.0801067 0.9690934
1403715406.612143 -0.2357820 0.1407169 -0.8147582 -0.0232681 0.3436417 0.1420804 0.9279990
1403715407.162143 -0.2324820 0.1575668 -0.7252699 -0.0247263 0.4680024 0.1794409 0.8649643
1403715407.562143 -0.1964289 0.1571600 -0.6655166 -0.0438478 0.5016246 0.1947591 0.8417357
1403715407.962143 -0.1245742 0.1327338 -0.5980879 -0.0349399 0.5088724 0.1665904 0.8438458
1403715409.462143 0.0725755 -0.0215691 -0.3531261 0.0050704 0.3166030 0.1049117 0.9427249
1403715414.012143 0.0704957 0.0172293 -0.2001414 -0.0115179 0.3180438 0.0993012 0.9427909
1403715414.462143 0.0560036 0.0198978 -0.2080410 -0.0413500 0.3171652 0.1064126 0.9414737
1403715414.862143 0.0471875 0.0237219 -0.1836937 -0.0130853 0.3167813 0.1162257 0.9412598
1403715415.262143 0.0456323 0.0495401 -0.1580085 0.0009099 0.3190674 0.1402453 0.9372974
1403715417.112143 0.0552221 0.0756242 -0.1528977 -0.0163052 0.3460109 0.0996639 0.9327796
1403715418.112143 0.0549687 0.0757409 -0.1529742 -0.0158095 0.3461336 0.0996948 0.9327393
