1403715895.484058 -0.0065598 0.0006210 -0.0037775 0.0001380 0.0005512 0.0000004 0.9999998
1403715898.084058 0.4550604 -0.1766259 -0.1083842 0.0192289 -0.0084344 0.0377636 0.9990661
1403715898.284058 0.6006884 -0.1869054 -0.1144301 0.0351320 0.0151993 0.0253203 0.9989462
1403715898.384058 0.6711917 -0.1886408 -0.1208142 0.0294636 0.0335728 0.0251791 0.9986845
1403715898.834058 0.9952186 -0.1560413 -0.1498860 -0.0016007 0.1233550 0.0504395 0.9910786
1403715899.334058 1.3065307 -0.0478195 -0.1460703 -0.0448214 0.1607062 0.0525296 0.9845838
1403715900.134058 1.7006338 -0.0433605 -0.0015544 -0.0327030 0.1637700 -0.0073184 0.9859292
1403715900.234058 1.7292001 -0.0499755 0.0307382 -0.0308060 0.1655282 -0.0138204 0.9856269
1403715900.534058 1.7817165 -0.0844275 0.1426616 -0.0251944 0.1579227 0.0068057 0.9871066
1403715900.634058 1.7867982 -0.1010236 0.1836996 -0.0087669 0.1524453 0.0257232 0.9879382
1403715900.734058 1.7930918 -0.1163581 0.2231098 0.0151157 0.1450364 0.0447201 0.9882996
1403715901.234058 1.7809341 -0.1865299 0.3633433 0.0934962 0.1542907 0.0340918 0.9830008
1403715901.384058 1.7651451 -0.1957542 0.3697012 0.0923269 0.1527788 0.0409769 0.9830846
1403715901.634058 1.7235762 -0.2091687 0.3485613 0.0508522 0.1546119 0.0484493 0.9854755
1403715901.834058 1.6873757 -0.2072758 0.3120250 0.0331966 0.1533081 0.0496140 0.9863737
1403715901.984058 1.6572211 -0.2021782 0.2790395 0.0234070 0.1512018 0.0498403 0.9869681
1403715902.134058 1.6146851 -0.1991086 0.2448043 0.0249848 0.1560664 0.0468159 0.9863201
1403715902.284058 1.5748608 -0.1939342 0.2063506 0.0165739 0.1600274 0.0362471 0.9863076
1403715902.434058 1.5337999 -0.1834707 0.1645830 0.0039494 0.1605634 0.0305062 0.9865461
1403715902.584058 1.4877783 -0.1783662 0.1237775 -0.0086475 0.1526290 0.0470101 0.9871270
1403715902.734058 1.4438537 -0.1629191 0.0820350 -0.0183320 0.1339952 0.0547632 0.9892979
1403715902.884058 1.3951719 -0.1515508 0.0490588 -0.0349504 0.1087342 0.0507217 0.9921606
1403715903.384058 1.2453434 -0.0944899 -0.0074663 -0.0465281 0.0211083 0.0008697 0.9986936
1403715903.784058 1.1226822 -0.1326124 -0.0035579 -0.0394738 -0.0696103 -0.0193366 0.9966054
1403715904.984058 0.8147557 -0.3458690 0.1051957 0.0421603 -0.4870077 -0.1632426 0.8569701
1403715905.084058 0.7983786 -0.3306658 0.1109206 0.0524106 -0.5254278 -0.1692256 0.8321908
1403715905.284058 0.7742142 -0.2937813 0.1206635 0.0709582 -0.5842341 -0.1915929 0.7854474
1403715905.484058 0.7661667 -0.2578886 0.1204358 0.0542224 -0.6248621 -0.2315079 0.7436473
1403715905.584058 0.7655976 -0.2358799 0.1175676 0.0441952 -0.6461494 -0.2443942 0.7216711
1403715905.684058 0.7680621 -0.2133774 0.1134002 0.0258326 -0.6732929 -0.2442943 0.6973734
1403715906.084058 0.7806095 -0.1327815 0.0820903 -0.0126524 -0.7734717 -0.3032800 0.5564196
1403715906.584058 0.7670522 -0.0497644 0.0205114 -0.0441658 0.8806534 0.3350578 -0.3320169
1403715906.684058 0.7689234 -0.0388594 -0.0018679 -0.0340644 0.8983710 0.3304163 -0.2873919
1403715906.784058 0.7728692 -0.0330883 -0.0258078 -0.0234708 0.9124128 0.3297097 -0.2413371
1403715906.884058 0.7778055 -0.0268715 -0.0498358 -0.0159222 0.9244872 0.3282355 -0.1932135
1403715909.634058 0.9077387 -0.1225929 0.0062553 -0.0228803 0.4361283 0.1177285 0.8918568
1403715910.934058 0.5363225 -0.0839616 0.2161301 0.0547601 -0.1622735 -0.0613630 0.9833124
1403715911.134058 0.4805959 -0.0732154 0.1969399 0.0577336 -0.2373099 -0.0755160 0.9667720
1403715911.334058 0.4336566 -0.0589517 0.1634826 0.0581144 -0.3127677 -0.0936369 0.9434146
1403715912.934058 0.2881756 0.0115739 -0.3412393 0.0161776 -0.6950881 -0.2375947 0.6783358
1403715913.084058 0.2865457 0.0291271 -0.3847616 0.0175946 -0.7366719 -0.2516512 0.6274365
1403715913.334058 0.2850354 0.0625184 -0.4473579 0.0355652 -0.7957426 -0.2672789 0.5423015
1403715914.384058 0.5479353 0.2041967 -0.7630701 0.0229455 -0.7933218 -0.3079906 0.5246482
1403715914.784058 0.6858230 0.2570185 -0.9381127 -0.0570422 -0.7402878 -0.3021393 0.5978562
1403715914.934058 0.7135941 0.2753397 -1.0010787 -0.0992545 -0.7255672 -0.2836732 0.6190560
1403715915.084058 0.7220017 0.2899093 -1.0557743 -0.1152791 -0.7175846 -0.2704174 0.6313933
1403715915.234058 0.7081881 0.2989505 -1.0948788 -0.1034102 -0.7174017 -0.2617525 0.6372806
1403715915.834058 0.5462048 0.3637316 -1.1616461 0.0030819 -0.7251813 -0.2824219 0.6279653
1403715915.984058 0.4971137 0.3886975 -1.1777426 -0.0073048 -0.7261967 -0.2875932 0.6243998
1403715916.284058 0.3837756 0.4354715 -1.2076378 0.0053103 -0.7170163 -0.2643959 0.6449451
1403715916.584058 0.2613261 0.4719113 -1.2315292 -0.0022337 -0.6639758 -0.2345339 0.7100176
1403715916.734058 0.2008347 0.4895553 -1.2406805 -0.0157804 -0.6334967 -0.2122280 0.7439033
1403715916.884058 0.1414273 0.5049400 -1.2462022 -0.0308001 -0.6129129 -0.1853943 0.7674751
1403715917.084058 0.0619263 0.5131024 -1.2416834 -0.0293396 -0.5962360 -0.1562171 0.7869168
1403715917.484058 -0.0566661 0.5028450 -1.1960934 0.0550971 -0.5417188 -0.1570200 0.8239233
1403715917.784058 -0.1011817 0.5107257 -1.1672812 0.0263627 -0.5429845 -0.1339099 0.8285777
1403715917.984058 -0.1095917 0.5166548 -1.1438407 0.0508956 -0.5478873 -0.1287858 0.8250111
1403715918.784058 0.0262694 0.5710635 -1.0606775 -0.0057010 -0.4510258 -0.1327284 0.8825681
1403715919.134058 0.1149330 0.5640242 -1.0152850 -0.0305014 -0.4213659 -0.1970343 0.8847021
1403715919.434058 0.1432116 0.5347018 -0.9808286 0.0164824 -0.4226564 -0.2152378 0.8802060
1403715919.884058 0.1240961 0.5711644 -0.9402686 0.0200084 -0.4322844 -0.1883841 0.8816129
1403715920.084058 0.1025500 0.5990632 -0.9313580 0.0030370 -0.4330715 -0.1926313 0.8805300
1403715920.234058 0.0776946 0.6062877 -0.9337211 -0.0083264 -0.4367560 -0.1889103 0.8794815
1403715920.434058 0.0345297 0.5969054 -0.9433615 -0.0010761 -0.4548286 -0.1678583 0.8746161
1403715920.634058 -0.0103306 0.5801747 -0.9526470 0.0156656 -0.4702349 -0.1474660 0.8699929
1403715920.834058 -0.0469999 0.5581517 -0.9630918 0.0316227 -0.4869696 -0.1390080 0.8617061
1403715921.034058 -0.0692474 0.5213639 -0.9840712 0.0110562 -0.5107344 -0.1511134 0.8462818
1403715921.484058 -0.0959263 0.4206139 -1.0191449 0.0042854 -0.5366004 -0.1987114 0.8200948
1403715921.734058 -0.1179307 0.3525229 -1.0407974 0.0060590 -0.5359330 -0.2017887 0.8197685
1403715922.484058 -0.1933022 0.1272221 -1.0947264 0.0290944 -0.5384240 -0.1765972 0.8234480
1403715922.984058 -0.2039470 0.0112878 -1.1294428 0.0331908 -0.5374833 -0.1832404 0.8224555
1403715923.184058 -0.1967884 -0.0091747 -1.1413674 0.0305015 -0.5355175 -0.1913239 0.8220011
1403715923.384058 -0.1887880 -0.0447022 -1.1631705 0.0102311 -0.5374386 -0.1908525 0.8213588
1403715923.584058 -0.1814143 -0.0722231 -1.1850507 -0.0083273 -0.5458715 -0.1681203 0.8207865
1403715923.784058 -0.1727349 -0.0701617 -1.1881579 -0.0120750 -0.5522168 -0.1521152 0.8196169
1403715923.984058 -0.1605844 -0.0430374 -1.1694340 0.0114975 -0.5554408 -0.1437224 0.8189611
1403715924.184058 -0.1380082 0.0004417 -1.1395450 0.0310920 -0.5514713 -0.1522415 0.8195946
1403715924.384058 -0.1027763 0.0429734 -1.1050962 0.0273295 -0.5458679 -0.1692722 0.8201392
1403715924.634058 -0.0504709 0.0936419 -1.0621243 0.0007150 -0.5398529 -0.1797929 0.8223338
1403715924.934058 0.0098721 0.1432723 -1.0006491 -0.0083231 -0.5076197 -0.1438155 0.8494528
1403715925.234058 0.0785520 0.1662419 -0.9259632 0.0316489 -0.4297633 -0.1128132 0.8953072
1403715925.884058 0.3284365 0.1405973 -0.7860377 -0.0049581 -0.2394902 -0.0395846 0.9700788
1403715926.184058 0.4716447 0.1348598 -0.7067007 0.0234079 -0.1357115 0.0023714 0.9904690
1403715926.434058 0.5970240 0.1563825 -0.6484924 0.0467825 -0.0333495 0.0322545 0.9978271
1403715926.684058 0.7474522 0.1964310 -0.6122599 0.0436666 0.0646933 0.0456960 0.9959015
1403715926.934058 0.8934488 0.2399300 -0.5990198 0.0045954 0.1490290 0.0508075 0.9875160
1403715927.434058 1.1348053 0.2740985 -0.6037728 0.0303121 0.2821471 0.0299858 0.9584232
1403715927.634058 1.1911472 0.2826338 -0.6142912 0.0720641 0.3195405 0.0668688 0.9424591
1403715928.934058 1.0084345 0.5486602 -0.8784565 -0.0432473 0.6487828 0.2803584 0.7061230
1403715929.034058 0.9786625 0.5453303 -0.9103030 -0.0662927 0.6276509 0.2934524 0.7180148
1403715929.184058 0.9513743 0.5272864 -0.9624993 -0.0914538 0.5994919 0.3013197 0.7358343
1403715929.334058 0.9457330 0.5112585 -1.0094055 -0.1100868 0.5920043 0.2668088 0.7524791
1403715929.434058 0.9524567 0.5036681 -1.0369134 -0.1138344 0.6015680 0.2100522 0.7622570
1403715929.584058 0.9720399 0.4904470 -1.0616947 -0.1160678 0.6194363 0.1277431 0.7658385
1403715930.134058 1.0188761 0.3945374 -0.9660564 0.0375310 0.6067224 0.2427322 0.7560162
1403715932.334058 1.6769928 0.3032221 -1.0050609 0.0601580 0.6387269 0.1488799 0.7524917
1403715932.534058 1.7367040 0.2789302 -1.0002638 0.1001598 0.6452852 0.1192103 0.7479064
1403715932.734058 1.7383987 0.2548900 -1.0011092 0.1366204 0.6487097 0.0956895 0.7425322
1403715933.334058 1.4118361 0.1893159 -1.0323428 -0.0664760 0.6122120 0.2665825 0.7414251
1403715934.534058 1.6209501 -0.0175352 -1.0649637 0.1353866 0.6783450 0.0970459 0.7156121
1403715934.734058 1.6256582 -0.0250481 -1.0585103 0.1725644 0.6755099 0.0714470 0.7133045
1403715934.884058 1.5685560 -0.0330409 -1.0655960 0.1549485 0.6659423 0.0961331 0.7233742
1403715935.034058 1.4673203 -0.0502508 -1.0727457 0.0752088 0.6516966 0.1692387 0.7355226
1403715935.734058 0.9951839 0.0442782 -1.0821038 -0.1370770 0.5903198 0.3286324 0.7243847
1403715935.984058 0.9713919 0.0745294 -1.0676466 -0.1504717 0.5882580 0.3351895 0.7203879
1403715936.234058 1.0450848 0.0779979 -1.0514936 -0.0424811 0.6381130 0.2422996 0.7295876
1403715936.584058 1.1510814 0.0829834 -1.0122354 0.0688243 0.6695412 0.1709091 0.7195609
1403715937.584058 1.0037546 0.1572931 -0.9337127 -0.0259620 0.5618816 0.2214137 0.7966122
1403715937.884058 0.9450284 0.2167915 -0.8963476 -0.0687149 0.5018881 0.2314171 0.8305617
1403715938.234058 0.9466807 0.2559083 -0.8357449 -0.0856505 0.4322385 0.2081989 0.8732050
1403715938.934058 1.1088883 0.1813246 -0.6440836 -0.0718848 0.3243856 0.1390537 0.9328830
1403715939.984058 1.3938090 0.0166111 -0.2631665 0.1671933 0.3509310 0.0520203 0.9198846
1403715940.784058 1.1785644 -0.0889563 -0.3914288 -0.2176550 0.2969987 0.2101486 0.9056796
1403715941.084058 1.2367983 -0.1728513 -0.3016756 -0.0967220 0.3319241 0.1499160 0.9262810
1403715941.384058 1.3610556 -0.3142379 -0.1732707 0.1189978 0.3570545 0.0864944 0.9224263
1403715941.684058 1.4156473 -0.3640949 -0.0866448 0.1996445 0.3525384 0.0778268 0.9109345
1403715942.084058 1.3387786 -0.3208286 -0.1402054 0.1615488 0.3538750 0.0836330 0.9174312
1403715945.434058 1.1723173 -0.0407862 -0.2147013 0.1408894 0.0843835 -0.0275951 0.9860366
1403715946.234058 1.0906482 -0.0790227 -0.3675359 -0.1593918 0.0461662 0.0305118 0.9856632
1403715946.934058 1.0040059 -0.2520809 -0.1957956 0.0978832 -0.0224106 -0.0106515 0.9948885
1403715947.234058 0.9659638 -0.2896986 -0.1760736 0.1916150 -0.0182514 -0.0006187 0.9813003
1403715947.934058 0.9224199 -0.1296815 -0.3997839 -0.1146208 -0.0204244 0.0115550 0.9931321
1403715948.284058 0.9138830 -0.0442385 -0.4051048 -0.1710076 -0.0277863 -0.0071121 0.9848521
1403715948.584058 0.8977805 -0.0493167 -0.2884745 -0.0134167 -0.0235587 -0.0043567 0.9996229
1403715949.184058 0.8787579 -0.0370882 -0.1141891 0.1221440 -0.0437921 -0.0042449 0.9915367
1403715949.784058 0.8631204 0.0270264 -0.1531069 -0.1268257 -0.1473283 -0.0714965 0.9783138
1403715950.084058 0.8250215 0.0033198 -0.0817885 -0.0939720 -0.1989098 -0.1367627 0.9658675
1403715951.884058 0.6166680 -0.0734633 -0.2058061 -0.1505913 -0.3447370 -0.1785919 0.9091665
1403715952.484058 0.3982731 -0.2138357 -0.1135878 0.1044110 -0.4786044 -0.0942897 0.8666866
1403715952.784058 0.4034733 -0.2474819 -0.0909966 0.1685629 -0.5155510 -0.0670393 0.8374362
1403715953.734058 0.7579566 -0.1800488 -0.1551448 -0.1516725 -0.5165539 -0.2980844 0.7882342
1403715954.084058 0.6486790 -0.1908239 -0.0955054 -0.0031569 -0.5589231 -0.3248628 0.7629280
1403715954.384058 0.4762045 -0.1895821 -0.0795128 0.1131152 -0.6054295 -0.2073909 0.7600323
1403715954.734058 0.3688335 -0.1579236 -0.1178264 0.1695813 -0.6345459 -0.0961374 0.7478979
1403715955.034058 0.4287889 -0.1306398 -0.1724225 0.0825939 -0.6206494 -0.1729928 0.7602934
1403715955.334058 0.5417213 -0.0871589 -0.2547685 -0.0509790 -0.5835759 -0.2541429 0.7695789
1403715956.084058 0.4983852 -0.1042916 -0.3516526 0.0384828 -0.6835151 -0.2260458 0.6929859
1403715956.484058 0.4219522 -0.1404347 -0.3881150 0.1312431 -0.7861014 -0.1807610 0.5763205
1403715956.834058 0.5125213 -0.1673226 -0.3993262 0.1025259 -0.8271470 -0.1892430 0.5191371
1403715957.234058 0.7363607 -0.1960102 -0.3705084 -0.0230939 -0.7783810 -0.3410659 0.5265584
1403715957.634058 0.8840911 -0.1357522 -0.3494415 -0.1088191 -0.7183561 -0.4433490 0.5249424
1403715957.884058 0.8269774 -0.0980993 -0.3907091 -0.0568801 -0.7542396 -0.3922590 0.5234693
1403715958.184058 0.7231008 -0.0224660 -0.4834830 -0.0574934 0.8378852 0.2364700 -0.4885947
1403715958.534058 0.6555566 0.0335410 -0.5630869 -0.1091215 0.8923131 0.1439388 -0.4137047
1403715958.784058 0.7008705 0.0648843 -0.5463395 -0.0575511 0.9139008 0.1756981 -0.3613909
1403715959.034058 0.7923453 0.0679188 -0.4746537 0.0379636 0.9085935 0.2831370 -0.3047132
1403715960.634058 0.9081413 0.0649935 -0.5206520 -0.0503893 0.9684963 0.2036339 -0.1341983
1403715960.834058 0.9459429 0.0257353 -0.4398963 -0.0369676 0.9313158 0.3329200 -0.1429982
1403715961.084058 1.0068816 -0.0224207 -0.3464219 -0.0221073 0.8705762 0.4668513 -0.1538122
1403715961.334058 1.0574107 -0.0588847 -0.3406745 0.0113000 0.8457173 0.5076508 -0.1640891
1403715961.534058 1.0716420 -0.0711196 -0.4083552 0.0229287 0.8937743 0.4234284 -0.1461166
1403715962.034058 1.0746267 -0.0780892 -0.6277368 -0.0371537 0.9808386 0.1882480 -0.0337335
1403715962.934058 1.0295486 -0.0732387 -0.2565270 0.0560171 0.9092596 0.3885169 0.1384335
1403715963.434058 0.9111644 0.0662432 -0.0204429 -0.0528072 0.8414395 0.4777826 0.2468090
1403715963.634058 0.9061227 0.1486550 -0.0118692 -0.0252663 0.8892100 0.3410211 0.3039272
1403715964.184058 0.8967503 0.2610071 0.0024515 -0.0505876 0.8649371 0.3372982 0.3681775
1403715965.084058 0.9870910 0.1366456 -0.0651260 0.0402836 0.8811606 0.2745666 0.3828140
1403715965.684058 0.9929840 0.1084548 -0.1032145 -0.0701687 0.8296757 0.4053968 0.3773167
1403715967.484058 1.1825926 -0.1256244 -0.1993953 0.0351288 0.9208415 0.1695381 0.3493905
1403715967.734058 1.1686679 -0.1774123 -0.1372294 0.0417271 0.8833839 0.2689188 0.3815422
1403715968.034058 1.1095403 -0.2326460 -0.0478861 0.0019122 0.8097096 0.3950019 0.4339818
1403715968.684058 1.0570524 -0.1900826 0.0010700 0.0278285 0.8553433 0.2361376 0.4602742
1403715969.034058 0.9768255 -0.1365733 0.0585633 0.0397597 0.8618716 0.2069718 0.4612582
1403715969.384058 0.8309407 -0.0986750 0.1608087 -0.0867158 0.7841453 0.4154974 0.4527233
1403715969.684058 0.7941597 -0.0663740 0.1810491 -0.1595101 0.7783990 0.4047435 0.4525863
1403715970.084058 0.9458150 -0.0426895 0.1621354 -0.0238393 0.8455020 0.2485523 0.4719956
1403715970.384058 1.0589246 -0.0548494 0.1884420 0.0686799 0.8634369 0.1596487 0.4735738
1403715970.684058 1.0577409 -0.0853927 0.2676372 0.0665173 0.8317682 0.2609536 0.4854281
1403715971.034058 0.9803646 -0.1232505 0.3411415 -0.0313048 0.7494788 0.4670870 0.4681145
1403715973.884058 0.6935440 -0.3031017 0.1071470 -0.0322875 0.6321714 0.3318446 0.6994255
1403715976.334058 0.9424020 -0.0535609 -0.4786113 -0.0290916 0.6488971 0.2252472 0.7261887
1403715976.684058 0.9958773 -0.0583144 -0.4867312 -0.0339802 0.6324457 0.2065331 0.7457894
1403715977.634058 1.1136577 -0.0984562 -0.3455857 -0.0212468 0.4649355 0.1505765 0.8721871
1403715978.484058 1.0783637 -0.1637258 -0.1031195 0.0125442 0.1395687 -0.0065134 0.9901115
1403715980.384058 0.5049279 -0.1800180 -0.1770837 0.0877354 -0.6667604 -0.2228797 0.7057320
1403715980.734058 0.5054751 -0.1341089 -0.3523320 0.0630407 -0.7891628 -0.2320975 0.5651360
1403715981.184058 0.6037049 -0.0690007 -0.5478615 -0.0343395 0.9023202 0.2555676 -0.3454334
1403715981.484058 0.6967162 -0.0485118 -0.6132976 -0.0172208 0.9518594 0.2588731 -0.1632542
1403715981.684058 0.7609249 -0.0514833 -0.6207439 -0.0124441 0.9686813 0.2453313 -0.0362536
1403715981.934058 0.8477778 -0.0655502 -0.5896559 -0.0197223 0.9514449 0.2870587 0.1093658
1403715982.234058 0.9343715 -0.0971640 -0.5118550 -0.0215687 0.9211102 0.2914460 0.2571966
1403715982.534058 1.0100210 -0.1431358 -0.4073289 -0.0176681 0.8771563 0.2796118 0.3900025
1403715982.884058 1.0802528 -0.2015511 -0.2513188 -0.0102738 0.7961515 0.2518619 0.5500935
1403715983.234058 1.1121246 -0.2579093 -0.0742944 0.0042595 0.6894532 0.2179580 0.6907462
1403715983.584058 1.1040993 -0.3319308 0.1029353 0.0360481 0.5486779 0.1667650 0.8184391
1403715983.984058 1.0226521 -0.3834837 0.2412761 0.0849456 0.3690841 0.1155981 0.9182582
1403715984.234058 0.9337456 -0.4092161 0.2824279 0.0722487 0.2656200 0.1020505 0.9559351
1403715984.534058 0.8182090 -0.4222023 0.2708366 0.0644284 0.1516960 0.0666245 0.9840724
1403715984.684058 0.7603801 -0.4188772 0.2477391 0.0380212 0.0931112 0.0404800 0.9941056
1403715984.784058 0.7136537 -0.4148031 0.2243251 0.0285795 0.0501738 0.0296273 0.9978918
1403715984.934058 0.6562232 -0.4090650 0.1897641 0.0289977 -0.0220524 0.0183713 0.9991673
1403715985.934058 0.3805584 -0.2988754 -0.1203567 -0.0513383 -0.0462819 0.0187284 0.9974325
1403715986.234058 0.3052071 -0.2294644 -0.1695719 -0.0229076 -0.0303711 0.0404794 0.9984559
1403715986.834058 0.2326859 -0.0900584 -0.2015739 -0.0572492 -0.0238863 -0.0028229 0.9980701
1403715987.434058 0.1895449 -0.0026500 -0.1569290 0.0245139 0.0245211 0.0472511 0.9982811
1403715987.734058 0.1982811 0.0392532 -0.1539447 0.0036691 0.0387019 0.0229009 0.9989816
1403715989.184058 0.2266024 0.1326219 -0.1383844 -0.0119418 0.0287409 0.0229180 0.9992528
1403715989.434058 0.2457884 0.1333283 -0.1364293 -0.0109784 0.0324463 0.0212829 0.9991865
1403715989.684058 0.2664344 0.1320898 -0.1294155 -0.0000278 0.0342014 0.0188988 0.9992363
1403715989.934058 0.2843696 0.1347420 -0.1212718 0.0126649 0.0359972 0.0095653 0.9992259
1403715990.184058 0.2969694 0.1439749 -0.1158300 0.0087831 0.0334619 0.0053091 0.9993873
1403715990.434058 0.3019305 0.1611724 -0.1109838 0.0044469 0.0326118 -0.0002179 0.9994582
1403715990.634058 0.2996257 0.1847583 -0.1025017 -0.0019438 0.0322848 -0.0027244 0.9994731
1403715990.834058 0.2899469 0.2103673 -0.0929762 -0.0133152 0.0317231 -0.0029557 0.9994037
1403715990.984058 0.2753904 0.2267653 -0.0860707 -0.0170108 0.0316193 -0.0054534 0.9993404
1403715991.184058 0.2531303 0.2238613 -0.0744219 -0.0047911 0.0321559 -0.0027500 0.9994676
1403715991.334058 0.2501465 0.2222577 -0.0754422 -0.0017137 0.0341767 -0.0069882 0.9993899
1403715991.434058 0.2711629 0.2376783 -0.0706729 0.0036419 0.0256319 -0.0018479 0.9996631
