1413394887.455760 0.0008322 -0.0034185 -0.0068941 -0.0029672 0.0019963 -0.0001073 0.9999936
1413394887.605761 0.0013867 -0.0340867 -0.0199941 -0.0097743 0.0044566 -0.0013797 0.9999413
1413394887.705760 0.0000671 -0.0559676 -0.0286280 -0.0215782 0.0052938 -0.0016636 0.9997517
1413394887.755760 -0.0013306 -0.0662517 -0.0327597 -0.0273842 0.0053502 -0.0007585 0.9996104
1413394890.255760 -0.2169646 -0.3457457 0.1042703 -0.1024758 -0.0033567 0.0278826 0.9943390
1413394892.155760 -0.1278132 -0.4702840 0.5005010 0.0641390 -0.0153305 -0.0235183 0.9975460
1413394892.305761 -0.1473637 -0.5014090 0.5256888 0.0698078 -0.0477883 -0.0328478 0.9958736
1413394893.755760 -0.4743829 -0.5222433 0.3786871 0.0745251 -0.4082605 -0.1951610 0.8886403
1413394893.905761 -0.5243129 -0.5068690 0.3369996 0.0826353 -0.4036094 -0.1911929 0.8909075
1413394894.555760 -0.7516426 -0.3300064 -0.0200494 0.0299445 -0.5463784 -0.1504241 0.8233750
1413394896.905761 -1.0876437 0.1124009 -1.0626976 -0.0985835 -0.6186277 -0.0571526 0.7773768
1413394897.005760 -1.0913242 0.1195490 -1.0331050 -0.1020572 -0.6203142 -0.0471412 0.7762554
1413394897.205760 -1.0858828 0.1042345 -0.9222800 -0.0987701 -0.6164366 -0.0577683 0.7790464
1413394899.905761 -0.7929320 -0.3137918 -0.0729166 0.0192531 -0.7244074 -0.2806308 0.6293724
1413394900.855760 -0.9740024 -0.1466648 -0.5981168 -0.1111632 0.8658177 0.3003432 -0.3844429
1413394901.455760 -0.7786439 -0.0906362 -1.0213304 -0.0301489 0.9507062 0.2466592 -0.1854938
1413394901.555760 -0.7320150 -0.0718772 -1.0767943 -0.0146484 0.9590524 0.2353268 -0.1569245
1413394901.655760 -0.6858729 -0.0480457 -1.1192961 -0.0123932 0.9605219 0.2466595 -0.1280747
1413394902.255760 -0.3852378 0.0330383 -1.2672207 -0.0601604 0.9578102 0.2642893 0.0955584
1413394902.955760 -0.0275756 0.0409114 -1.1893280 0.0527373 0.9329552 0.2982199 0.1946232
1413394904.505760 -0.0863703 0.1216287 -1.1213422 -0.0096580 0.9230137 0.3671509 -0.1146845
1413394907.705760 -0.3121030 0.0574916 -1.0379210 -0.1495291 -0.6886475 -0.2674917 0.6571559
1413394908.305761 -0.3175687 0.0736279 -0.7782230 0.0139891 -0.6777657 -0.2762928 0.6812490
1413394911.505760 -0.2446167 -0.2785854 -0.1771445 -0.0587389 -0.6034156 -0.2911546 0.7400462
1413394913.005760 -0.2966607 -0.3289653 -0.0401717 0.0024416 -0.4682893 -0.1388988 0.8725860
1413394914.205760 -0.5498531 -0.2716002 -0.1492590 0.0300978 -0.7401385 -0.2687280 0.6156901
1413394914.955760 -0.6807237 -0.1730949 -0.4630030 -0.0371638 0.8590108 0.2925115 -0.4185169
1413394915.605761 -0.6245636 0.0151907 -0.7946818 -0.1052912 0.9261761 0.2976076 -0.2062553
1413394916.355760 -0.2435507 0.1296518 -1.0796922 -0.0234889 0.9525014 0.2881581 0.0956781
1413394916.555760 -0.1428746 0.1393976 -1.1009135 0.0431604 0.9333832 0.3196475 0.1573485
1413394916.705760 -0.0871993 0.1617863 -1.1118065 0.0964159 0.9194195 0.3157782 0.2136724
1413394916.855760 -0.0539158 0.1898117 -1.1252111 0.0790344 0.9000956 0.3264592 0.2774991
1413394916.955760 -0.0399560 0.2262054 -1.1240563 0.0510888 0.8855627 0.3320738 0.3207734
1413394917.155760 -0.0324207 0.2922879 -1.1650949 -0.0233763 0.8509373 0.3278950 0.4096878
1413394917.355760 -0.0212756 0.3511328 -1.2138373 -0.0688513 0.8107770 0.3220022 0.4839574
1413394917.455760 -0.0076765 0.3860313 -1.2376328 -0.0732725 0.7978631 0.3178124 0.5069920
1413394917.655760 0.0393016 0.4421221 -1.2920970 -0.0866079 0.7945594 0.2832836 0.5300236
1413394917.855760 0.1103456 0.4797299 -1.3399696 -0.1048932 0.8008934 0.2501310 0.5338555
1413394917.955760 0.1553333 0.4858994 -1.3527317 -0.1189540 0.7992209 0.2377445 0.5390487
1413394918.155760 0.2603406 0.5027623 -1.3585702 -0.0925434 0.7795690 0.2514451 0.5661125
1413394918.255760 0.3188579 0.5080017 -1.3509165 -0.0620470 0.7631286 0.2684256 0.5845790
1413394918.355760 0.3783636 0.5149442 -1.3444550 -0.0307732 0.7405096 0.2956363 0.6027418
1413394918.455760 0.4440644 0.5193899 -1.3306782 -0.0059298 0.7217070 0.3124002 0.6176649
1413394918.555760 0.5089362 0.5241956 -1.3355315 0.0048684 0.7036766 0.3121327 0.6382701
1413394918.755760 0.6396965 0.5416546 -1.3379408 -0.0173882 0.6820647 0.2718391 0.6786670
1413394918.855760 0.7071729 0.5479545 -1.3555261 -0.0307484 0.6740258 0.2393368 0.6981845
1413394918.955760 0.7760502 0.5511940 -1.3609070 -0.0279845 0.6716722 0.2059101 0.7111079
1413394919.155760 0.8987938 0.5190591 -1.3768764 0.0034462 0.6470797 0.1836815 0.7399575
1413394919.255760 0.9513286 0.4962426 -1.3927367 0.0212209 0.6259930 0.1718359 0.7603649
1413394919.355760 0.9953378 0.4714395 -1.4056931 0.0297283 0.6065725 0.1485755 0.7804559
1413394919.455760 1.0272421 0.4456167 -1.4177709 0.0250018 0.5887305 0.1152897 0.7996747
1413394919.555760 1.0609505 0.4036520 -1.4367201 -0.0022903 0.5627371 0.1040840 0.8200538
1413394919.655760 1.0856620 0.3679827 -1.4489393 -0.0280026 0.5280243 0.1200806 0.8402302
1413394919.755760 1.0947934 0.3357366 -1.4479961 -0.0412211 0.4919612 0.1478302 0.8569838
1413394919.855760 1.0931304 0.3181689 -1.4367088 -0.0468432 0.4565274 0.1699519 0.8720693
1413394919.955760 1.1117817 0.2992308 -1.4357393 -0.0552625 0.4160163 0.1809246 0.8894621
1413394920.055760 1.1262641 0.2868814 -1.4275601 -0.0615871 0.3754835 0.1774081 0.9076043
1413394920.155760 1.1346763 0.2779074 -1.4096962 -0.0672579 0.3377824 0.1670806 0.9238309
1413394920.255760 1.1530235 0.2773817 -1.3862449 -0.0734436 0.3000064 0.1502385 0.9391648
1413394920.455760 1.2014525 0.2782029 -1.3282597 -0.0624756 0.2440574 0.0892674 0.9636203
1413394920.555760 1.2239205 0.2750724 -1.2948086 -0.0539050 0.2256060 0.0564649 0.9710859
1413394920.755760 1.2629716 0.2569382 -1.2138745 -0.0525249 0.2096880 0.0079044 0.9763246
1413394920.855760 1.2742227 0.2418653 -1.1653003 -0.0564589 0.2025480 0.0126207 0.9775620
1413394921.055760 1.2766011 0.2151875 -1.0511156 -0.0580574 0.1995518 0.0422210 0.9772542
1413394921.155760 1.2750384 0.2065814 -0.9882353 -0.0431123 0.1990325 0.0668497 0.9767592
1413394921.255760 1.2692890 0.1975080 -0.9193462 -0.0303530 0.1997271 0.0957350 0.9746910
1413394921.355760 1.2674508 0.1980142 -0.8461773 -0.0245342 0.1934760 0.1460753 0.9698593
1413394921.555760 1.2807859 0.2092083 -0.7114784 -0.0328736 0.1973063 0.1916637 0.9608614
1413394921.655760 1.3057868 0.2204041 -0.6406111 -0.0347380 0.2191198 0.1507905 0.9633494
1413394921.755760 1.3331935 0.2351132 -0.5723163 -0.0288983 0.2401213 0.1012671 0.9650138
1413394921.855760 1.3715318 0.2443097 -0.5050715 -0.0135874 0.2433116 0.0723018 0.9671542
1413394922.055760 1.4157298 0.2442663 -0.3794831 0.0426217 0.1978361 0.0762555 0.9763347
1413394922.255760 1.4426457 0.2317161 -0.2883339 0.0258869 0.1356938 0.0529872 0.9889941
1413394922.455760 1.4771957 0.1947646 -0.2219680 -0.0168243 0.0968042 -0.0014578 0.9951602
1413394922.655760 1.4929689 0.1229518 -0.1666268 -0.0227508 0.0631203 0.0155431 0.9976255
1413394922.855760 1.5034654 0.0462209 -0.1081415 -0.0397581 0.0465200 0.0338561 0.9975515
1413394923.055760 1.5168523 -0.0346240 -0.0391211 -0.0561188 0.0456538 0.0349647 0.9967667
1413394923.255760 1.5322242 -0.1082183 0.0500170 -0.0426989 0.0580235 0.0098278 0.9973533
1413394923.655760 1.5606594 -0.2561825 0.2619446 -0.0517298 0.0092614 0.0066085 0.9985963
1413394923.855760 1.5462797 -0.3201965 0.3840391 -0.0278691 -0.0383133 -0.0327380 0.9983404
1413394924.055760 1.5184613 -0.3601608 0.5079346 -0.0077255 -0.0963449 -0.0573288 0.9936656
1413394924.255760 1.4817041 -0.3933594 0.6281937 -0.0029653 -0.1702245 -0.0538527 0.9839282
1413394924.355760 1.4606316 -0.4109502 0.6898702 -0.0063019 -0.2108363 -0.0490682 0.9762688
1413394924.455760 1.4418248 -0.4292200 0.7478903 -0.0014650 -0.2454255 -0.0567749 0.9677504
1413394924.555760 1.4194335 -0.4505180 0.8030769 0.0042948 -0.2759991 -0.0695283 0.9586302
1413394924.655760 1.4008821 -0.4711446 0.8637437 0.0093368 -0.3063582 -0.0920726 0.9474071
1413394924.955760 1.3510342 -0.5473044 1.0281726 0.0620665 -0.3856367 -0.1620180 0.9061911
1413394925.055760 1.3290133 -0.5686750 1.0725896 0.0833249 -0.3970481 -0.1822008 0.8956632
1413394925.155760 1.3072909 -0.5894600 1.1073036 0.0792317 -0.4082568 -0.1986397 0.8874633
1413394925.255760 1.2836471 -0.6064816 1.1296365 0.0736531 -0.4177041 -0.2182116 0.8789097
1413394925.655760 1.1447699 -0.6403794 1.1525474 0.0493980 -0.4516725 -0.2116600 0.8653045
1413394925.855760 1.0568674 -0.6323921 1.1343563 0.0185748 -0.4712672 -0.1676970 0.8657020
1413394925.955760 1.0093393 -0.6295647 1.1238899 0.0094555 -0.4771085 -0.1594663 0.8642040
1413394926.255760 0.8609697 -0.6055819 1.0844272 0.0183002 -0.4808588 -0.1939373 0.8548849
1413394926.405761 0.7787301 -0.5987822 1.0557002 0.0012070 -0.4849238 -0.1913674 0.8533615
1413394926.505760 0.7199218 -0.5926746 1.0365700 -0.0076664 -0.4917183 -0.1883389 0.8501075
1413394926.655760 0.6284853 -0.5866789 1.0083377 -0.0138132 -0.5226978 -0.1783054 0.8335487
1413394926.805761 0.5330533 -0.5817418 0.9767787 -0.0319511 -0.5739712 -0.1554360 0.8033528
1413394926.955760 0.4408689 -0.5827387 0.9633731 -0.0528389 -0.6254531 -0.1395161 0.7658666
1413394927.105761 0.3498991 -0.5739996 0.9708096 -0.0346523 -0.6502743 -0.1603877 0.7417670
1413394927.305761 0.2333648 -0.5661488 1.0047451 0.0147765 -0.6541494 -0.2115506 0.7260280
1413394927.405761 0.1766988 -0.5714664 1.0205948 0.0181525 -0.6535497 -0.2253086 0.7223430
1413394927.655760 0.0355174 -0.6175939 1.0395417 0.0045056 -0.6554706 -0.2267691 0.7203567
1413394927.805761 -0.0506593 -0.6535768 1.0451744 0.0088722 -0.6589061 -0.2277332 0.7168693
1413394927.955760 -0.1391257 -0.6806728 1.0523517 0.0117658 -0.6609557 -0.2296174 0.7143353
1413394928.155760 -0.2589925 -0.6982879 1.0639744 0.0365748 -0.6610712 -0.2313414 0.7128312
1413394928.805761 -0.5673306 -0.7124757 1.0240672 0.0287114 -0.6628459 -0.2012725 0.7206249
1413394929.155760 -0.6857404 -0.6898900 0.9963536 0.0466113 -0.6585874 -0.2013593 0.7235637
1413394930.155760 -0.8302446 -0.6085730 0.9228584 0.0467046 -0.6573172 -0.1920404 0.7272367
1413394931.155760 -0.8772300 -0.4746333 0.9462246 0.0647576 -0.6489735 -0.1901120 0.7338238
1413394931.355760 -0.8913487 -0.4913047 0.9350389 0.0821819 -0.6517842 -0.1711190 0.7342627
1413394931.905761 -0.8277270 -0.5053850 0.8539432 0.0409443 -0.6546777 -0.2697798 0.7049394
1413394932.155760 -0.8045125 -0.4924737 0.7807229 0.0322763 -0.7383817 -0.2455637 0.6272552
1413394932.455760 -0.7606577 -0.5159783 0.6703776 0.0328744 -0.8311252 -0.2132162 0.5125320
1413394932.755760 -0.6958930 -0.5206158 0.6106264 -0.0522456 0.8812709 0.2325080 -0.4081323
1413394933.155760 -0.5662355 -0.5217339 0.5812183 -0.0163601 0.9001898 0.3155875 -0.2996584
1413394933.505760 -0.4632760 -0.4680298 0.5688598 -0.0248515 0.9280286 0.3080627 -0.2079487
1413394933.755760 -0.3940458 -0.4050089 0.5678254 -0.0272966 0.9457532 0.2879152 -0.1480227
1413394934.005760 -0.3233280 -0.3613043 0.5757106 -0.0276885 0.9469932 0.3036814 -0.1010691
1413394934.255760 -0.2483232 -0.3290036 0.5913363 -0.0265028 0.9543791 0.2955800 -0.0330245
1413394934.455760 -0.1893878 -0.2885137 0.6203856 -0.0158057 0.9502940 0.3092120 0.0328546
1413394934.655760 -0.1396370 -0.2315906 0.6525729 -0.0212396 0.9442784 0.3199771 0.0741745
1413394934.855760 -0.0929467 -0.1948263 0.6774799 -0.0201017 0.9440233 0.3159823 0.0925806
1413394935.455760 0.0131929 -0.1884587 0.7247187 -0.0161477 0.9583198 0.2796022 0.0564360
1413394935.655760 0.0341478 -0.1673490 0.7679142 -0.0248626 0.9528818 0.2992941 0.0426749
1413394936.055760 0.0812503 -0.1759713 0.8597009 -0.0294115 0.9463405 0.3202296 0.0320579
1413394936.255760 0.1044743 -0.1623520 0.9109871 -0.0323798 0.9345481 0.3458796 0.0770633
1413394936.405761 0.1331276 -0.1521026 0.9464373 -0.0348332 0.9351850 0.3224001 0.1423860
1413394936.505760 0.1471713 -0.1451587 0.9710137 -0.0402657 0.9300020 0.3055320 0.2003127
1413394936.605761 0.1722312 -0.1378865 1.0000852 -0.0526670 0.9190640 0.2958249 0.2550198
1413394936.705760 0.1938812 -0.1382818 1.0270631 -0.0514363 0.9038901 0.2976936 0.3028457
1413394936.805761 0.2179166 -0.1400787 1.0508367 -0.0507424 0.8890346 0.2986758 0.3432716
1413394936.905761 0.2432594 -0.1396169 1.0781099 -0.0532780 0.8748271 0.2974351 0.3786442
1413394937.105761 0.3038141 -0.1418834 1.1351233 -0.0634233 0.8405383 0.2978954 0.4480302
1413394937.205760 0.3377333 -0.1466867 1.1608727 -0.0667156 0.8248375 0.2958507 0.4771420
1413394937.255760 0.3599524 -0.1422283 1.1713583 -0.0623170 0.8145580 0.2982604 0.4936119
1413394937.305761 0.3759131 -0.1409078 1.1804216 -0.0569981 0.8055587 0.3022211 0.5064472
1413394937.355760 0.3951826 -0.1397713 1.1901908 -0.0508993 0.7980808 0.3043025 0.5175676
1413394937.455760 0.4286099 -0.1424259 1.2041093 -0.0430614 0.7890729 0.3049584 0.5315167
1413394937.555760 0.4720930 -0.1410459 1.2213308 -0.0381771 0.7852882 0.3006186 0.5399013
1413394937.655760 0.5169680 -0.1373451 1.2355188 -0.0327684 0.7851882 0.2948367 0.5435780
1413394937.755760 0.5595326 -0.1396179 1.2457871 -0.0256141 0.7861767 0.2925643 0.5437613
1413394937.855760 0.6065256 -0.1405262 1.2541258 -0.0187789 0.7893855 0.2940314 0.5385754
1413394937.955760 0.6537512 -0.1460706 1.2609020 -0.0115835 0.7942778 0.3034008 0.5262477
1413394938.055760 0.7007573 -0.1497025 1.2622536 -0.0025545 0.7980703 0.3183489 0.5115969
1413394938.155760 0.7474070 -0.1543075 1.2593960 0.0061566 0.8012353 0.3318298 0.4978685
1413394938.255760 0.7927427 -0.1640802 1.2462753 0.0098143 0.8066606 0.3390456 0.4839943
1413394938.355760 0.8367338 -0.1657381 1.2344978 0.0072896 0.8216771 0.3262436 0.4672887
1413394938.455760 0.8821772 -0.1953121 1.2013381 0.0014915 0.8349252 0.3154160 0.4510104
1413394938.555760 0.9284792 -0.2163982 1.1708279 -0.0087969 0.8490770 0.3053785 0.4309695
1413394938.655760 0.9735186 -0.2306531 1.1356217 -0.0203777 0.8606794 0.3071977 0.4055185
1413394938.855760 1.0678098 -0.2446789 1.0757658 -0.0196683 0.8805237 0.3297721 0.3399139
1413394938.955760 1.1198592 -0.2474685 1.0460192 0.0048367 0.8910337 0.3411550 0.2994141
1413394939.055760 1.1675549 -0.2424256 1.0130092 0.0359486 0.9033166 0.3436968 0.2541639
1413394939.155760 1.2073928 -0.2292067 0.9751875 0.0569147 0.9147553 0.3410578 0.2089567
1413394939.255760 1.2408134 -0.2092991 0.9351698 0.0582004 0.9244099 0.3378426 0.1671568
1413394939.455760 1.2909458 -0.1687609 0.8551180 0.0172094 0.9373484 0.3303525 0.1093116
1413394939.655760 1.3338394 -0.1519678 0.7672802 -0.0063000 0.9443690 0.3178586 0.0842231
1413394939.855760 1.3731278 -0.1547206 0.6683609 0.0443063 0.9441435 0.3224781 0.0513599
1413394940.155760 1.3933533 -0.1285738 0.5244215 -0.0034792 0.9364676 0.3506788 -0.0063843
1413394940.455760 1.3948419 -0.0612641 0.3728867 0.0065367 0.9414708 0.3202263 -0.1050956
1413394940.655760 1.3876748 -0.0030344 0.2698112 -0.0269195 0.9325431 0.3114847 -0.1805990
1413394940.855760 1.3739648 0.0322702 0.1664869 -0.0467784 0.9222333 0.3125021 -0.2228004
1413394941.055760 1.3838907 0.0447840 0.0516142 0.0048504 0.9179271 0.3132763 -0.2434014
1413394941.305761 1.3743550 0.0517873 -0.0953649 0.0576379 0.9029689 0.3284495 -0.2710090
1413394941.605761 1.3072578 0.0532037 -0.2884288 -0.0202130 0.8947442 0.3458578 -0.2817917
1413394941.805761 1.2552125 0.0542903 -0.4396836 -0.0413398 0.8942851 0.3280441 -0.3015497
1413394942.355760 1.0385900 0.0293400 -0.8368522 0.1471124 0.8821251 0.2603276 -0.3639269
1413394942.705760 0.7097793 -0.0098946 -0.9455888 0.1014644 0.8420087 0.2292726 -0.4776614
1413394943.055760 0.3451301 0.0038758 -0.9507189 0.1035039 -0.7665711 -0.1933596 0.6035460
1413394943.405761 0.0909420 0.0980895 -0.9269822 0.1446246 -0.6694980 -0.1575991 0.7113498
1413394944.555760 0.0675691 0.3465498 -1.2078253 -0.0304415 -0.5279277 -0.1952281 0.8259853
1413394944.905761 0.0488810 0.3894725 -1.2483271 -0.0983193 -0.4193966 -0.1658634 0.8870903
1413394945.105761 0.0006951 0.4173481 -1.2306541 -0.0780181 -0.3387248 -0.1349677 0.9278806
1413394945.505760 -0.1502121 0.4393389 -1.1285056 0.0121347 -0.1819420 -0.0519663 0.9818602
1413394945.755760 -0.2434737 0.4401750 -1.0695536 0.0145691 -0.0937358 0.0517552 0.9941442
1413394946.055760 -0.2904319 0.4465135 -1.0130719 0.0091623 0.0589186 0.1126989 0.9918385
1413394946.155760 -0.2760008 0.4595987 -1.0021753 0.0122227 0.1101496 0.1136344 0.9873221
1413394946.355760 -0.2639266 0.4599903 -0.9802706 0.0159763 0.2259451 0.1438439 0.9633289
1413394946.455760 -0.2433415 0.4650338 -0.9752108 0.0159395 0.2751879 0.1679420 0.9464740
1413394946.555760 -0.2332244 0.4669824 -0.9721569 0.0177907 0.3318438 0.1893032 0.9239737
1413394946.655760 -0.2217512 0.4670600 -0.9704578 0.0197345 0.3957022 0.1896528 0.8983664
1413394958.205760 -0.0375716 -0.3553590 0.0391787 0.0487407 0.0549884 0.0562563 0.9957087
1413394958.455760 -0.0159514 -0.3280079 0.0113314 0.0837795 -0.0113713 0.0209280 0.9961996
1413394959.105761 0.0577541 -0.3500902 -0.0583157 -0.0214625 -0.1337323 -0.0717843 0.9881812
1413394959.555760 0.0483703 -0.4089527 -0.0293122 -0.0214550 -0.2213138 -0.0843781 0.9713085
1413394959.955760 0.0148671 -0.4406642 -0.0039283 -0.0383609 -0.2907192 -0.1513362 0.9439852
1413394960.355760 -0.0556875 -0.4563832 0.0657038 0.0680747 -0.4347799 -0.1204020 0.8898515
1413394962.505760 -0.6275053 -0.3700790 -0.0328918 0.0721131 -0.5842339 -0.1622936 0.7919161
1413394964.605761 -0.3177864 0.0625301 -0.6379725 0.0404906 -0.6100193 -0.1499374 0.7770172
1413394964.955760 -0.2742128 0.1067492 -0.7444093 -0.1180798 -0.5843934 -0.2159765 0.7732371
1413394965.305761 -0.3201685 0.0767930 -0.7853267 0.0465608 -0.6279081 -0.1508821 0.7621011
1413394966.005760 -0.2718993 0.0217181 -0.8474661 0.0522440 -0.7847921 -0.2223888 0.5761208
1413394966.355760 -0.1593802 0.0461661 -0.8420150 0.0033334 0.8152440 0.3128524 -0.4873289
1413394966.705760 -0.0847679 0.0812727 -0.8607482 -0.0097339 0.8613642 0.2933836 -0.4145878
1413394967.055760 -0.0349489 0.1050687 -0.8848310 -0.0199007 0.8889691 0.3088497 -0.3375643
1413394967.405761 0.0178079 0.1090786 -0.9241775 -0.0391904 0.9309803 0.2653320 -0.2476666
1413394968.055760 0.1532416 0.0429637 -0.9551420 -0.0272250 0.9571379 0.2816283 -0.0618973
1413394968.355760 0.2109226 0.0317847 -0.9466825 -0.0234846 0.9367695 0.3491325 0.0042282
1413394968.705760 0.2755075 0.0515406 -0.9565705 -0.0305322 0.9314237 0.3581486 0.0569849
1413394969.055760 0.3529728 0.0652188 -1.0123800 -0.0262183 0.9440773 0.3185102 0.0811290
1413394969.355760 0.4191552 0.1131257 -1.0481945 -0.0120745 0.9517893 0.2832091 0.1172351
1413394970.455760 0.7551238 0.2209896 -1.0614305 0.0163235 0.9532277 0.2809062 0.1103729
1413394970.755760 0.8414539 0.2433611 -1.0603296 0.0674766 0.9556067 0.2641081 0.1118466
1413394971.155760 0.8660944 0.2434469 -1.0175104 -0.0487446 0.9347087 0.3382482 0.0976310
1413394971.355760 0.8816398 0.2225749 -1.0150739 -0.0453761 0.9127370 0.3952546 0.0928765
1413394971.655760 0.9265816 0.2300178 -1.0561632 -0.0074117 0.9108725 0.4028461 0.0892826
1413394971.955760 0.9686121 0.2485833 -1.1805959 0.0360894 0.9541888 0.2923228 0.0526187
1413394972.155760 0.9525728 0.2560474 -1.2635239 0.0370581 0.9649473 0.2597615 -0.0052357
1413394972.355760 0.8942870 0.2767487 -1.3078339 0.0363771 0.9636638 0.2489769 -0.0896621
1413394972.855760 0.7325848 0.3288960 -1.2911435 -0.0237597 0.8781828 0.3025811 -0.3696961
1413394973.105761 0.6583474 0.3417265 -1.2830573 -0.0385350 0.8213105 0.2794655 -0.4958458
1413394973.505760 0.5351345 0.3517863 -1.2879220 0.0000617 -0.7052125 -0.2287781 0.6710708
1413394973.905761 0.3947400 0.3401088 -1.2790165 0.0030377 -0.5552117 -0.1719600 0.8137324
1413394974.305761 0.2708524 0.3115694 -1.2532082 -0.0072509 -0.3954934 -0.0921443 0.9138063
1413394974.705760 0.1953164 0.2627473 -1.1967275 -0.0024908 -0.2301635 -0.0222886 0.9728935
1413394975.105761 0.1803972 0.2386490 -1.1112280 0.0099583 -0.0866674 -0.0163363 0.9960536
1413394975.355760 0.1718473 0.2656521 -1.0547252 0.0319530 -0.0292591 -0.0002700 0.9990610
1413394975.655760 0.1573177 0.3061265 -1.0123506 -0.0026071 0.0197507 0.0005934 0.9998013
1413394975.955760 0.1286479 0.3224264 -0.9818076 -0.0024257 0.0288839 0.0000017 0.9995798
1413394976.255760 0.0842895 0.3243742 -0.9585516 0.0247068 0.0253984 -0.0038355 0.9993647
1413394976.505760 0.0345803 0.3295781 -0.9588026 0.0536655 0.0230700 -0.0059023 0.9982750
1413394976.755760 -0.0279257 0.3414775 -0.9938654 0.0662868 0.0122104 0.0213533 0.9974974
1413394977.105761 -0.0938464 0.3731337 -1.0870334 -0.0950805 0.0037503 0.0785240 0.9923607
1413394977.305761 -0.0878998 0.3571035 -1.1042056 -0.1511382 0.0186568 0.0780224 0.9852521
1413394977.505760 -0.0614274 0.3107558 -1.0665066 -0.1441426 0.0443836 0.0156877 0.9884366
1413394977.705760 -0.0324065 0.2282859 -0.9732556 -0.1364777 0.0505308 0.0056858 0.9893372
1413394977.905761 -0.0041533 0.1190598 -0.8363756 -0.0869553 0.0525680 0.0022750 0.9948217
1413394978.105761 0.0017071 -0.0118697 -0.6646830 -0.0219073 0.0594497 -0.0118591 0.9979204
1413394978.355760 -0.0286248 -0.1519876 -0.4496923 -0.0047097 0.0663981 -0.0214940 0.9975505
1413394978.705760 -0.0869985 -0.2749905 -0.1458232 -0.0036004 0.0493208 0.0060576 0.9987581
1413394979.455760 -0.2355085 -0.4862041 0.4140145 0.1229989 0.0311430 0.0794126 0.9887341
1413394979.705760 -0.2496106 -0.5108634 0.4746712 0.1730891 0.0286998 0.0647807 0.9823543
1413394980.105761 -0.2277911 -0.5121472 0.3550074 0.0197141 0.0701400 -0.0219551 0.9971007
1413394980.455760 -0.2653709 -0.4950009 0.2167156 0.0397608 0.0722796 -0.0009420 0.9965911
1413394980.855760 -0.3556457 -0.4389149 0.0210205 -0.0025908 0.0608608 0.0397545 0.9973509
1413394981.305761 -0.4284429 -0.3658434 -0.1775791 -0.0142632 0.0514204 0.0619644 0.9966509
1413394981.805761 -0.4605089 -0.2591514 -0.3391387 -0.0387794 0.0832552 0.0488095 0.9945765
1413394982.205760 -0.4510247 -0.2163121 -0.4158606 -0.0272038 0.1451143 0.1183113 0.9819390
1413394982.455760 -0.3973807 -0.2012682 -0.4533126 -0.0122742 0.2109815 0.1633379 0.9636685
1413394982.755760 -0.2701470 -0.2024537 -0.5218011 -0.0042868 0.3039863 0.1964869 0.9321839
1413394983.005760 -0.1183863 -0.1933330 -0.5896159 -0.0034990 0.3828461 0.1950644 0.9029765
1413394983.305761 0.1185114 -0.1684943 -0.6922237 -0.0059144 0.4217716 0.1747037 0.8896922
1413394983.505760 0.2494844 -0.1838747 -0.7571002 -0.0241768 0.4311894 0.1480882 0.8896972
1413394984.305761 0.6669423 -0.0296924 -0.8558445 -0.0335374 0.4081194 0.1005430 0.9067551
1413394984.505760 0.7382425 -0.0042461 -0.8438311 -0.0486133 0.3909557 0.1025687 0.9133838
1413394985.105761 0.8797182 -0.0000745 -0.7193998 -0.0411782 0.2702843 0.0677942 0.9595075
1413394985.305761 0.9079533 -0.0277250 -0.6507861 -0.0411619 0.2434859 0.0648604 0.9668575
1413394985.505760 0.9320850 -0.0870703 -0.5788170 -0.0370678 0.2128414 0.1197461 0.9690126
1413394985.805761 0.9887204 -0.1971248 -0.4695319 -0.0400886 0.2241543 0.0663372 0.9714665
1413394986.005760 1.0249338 -0.2505974 -0.3831244 -0.0418016 0.2300511 0.0498934 0.9709994
1413394986.305761 1.0541517 -0.3325667 -0.2232091 -0.0310076 0.2243236 0.0948023 0.9693967
1413394986.605761 1.1128561 -0.4319651 -0.0619701 -0.0325183 0.2237720 0.0919580 0.9697486
1413394986.905761 1.1336240 -0.5487992 0.1015561 -0.0353954 0.2412157 0.0605692 0.9679326
1413394987.105761 1.1513402 -0.6101184 0.2218291 -0.0149018 0.2313996 0.0974345 0.9678526
1413394987.405761 1.1595212 -0.6817794 0.4051944 -0.0051156 0.2484935 0.0741562 0.9657772
1413394987.605761 1.1721051 -0.6979117 0.5145102 0.0091276 0.2574906 0.0364465 0.9655501
1413394987.705760 1.1667892 -0.7199100 0.5678502 0.0194905 0.2593064 0.0304662 0.9651176
1413394987.805761 1.1459463 -0.7462203 0.6243167 0.0304113 0.2636182 0.0289685 0.9637123
1413394987.905761 1.1480689 -0.7528679 0.6603152 0.0425477 0.2554093 0.0232611 0.9656162
1413394988.005760 1.1101713 -0.7938729 0.7051979 0.0451660 0.2589751 0.0262873 0.9644692
1413394988.105761 1.0667180 -0.8128234 0.7509373 0.0600001 0.2625986 0.0331976 0.9624655
1413394988.205760 1.0236562 -0.8540033 0.7805218 0.0562180 0.2557476 0.0532379 0.9636381
1413394991.805761 -0.3439515 -0.3764562 0.6739879 -0.0057462 0.2207042 0.0933226 0.9708489
1413394992.155760 -0.3853079 -0.3834466 0.7521594 0.0180538 0.2610551 0.1354113 0.9556087
1413394992.405761 -0.3952629 -0.3856887 0.7847461 0.0014691 0.3059129 0.1520346 0.9398407
1413394993.455760 -0.3782074 -0.3538291 0.8548842 -0.0165449 0.3982863 0.1272442 0.9082418
1413394993.705760 -0.3804165 -0.3218205 0.8814008 -0.0157247 0.3985642 0.1278743 0.9080459
1413394994.005760 -0.3863112 -0.2705612 0.9212914 0.0000684 0.4386381 0.1828786 0.8798591
1413394994.605761 -0.3678126 -0.2144782 0.9333138 -0.0252295 0.5968823 0.1920056 0.7786070
1413394994.905761 -0.3667106 -0.2440478 0.9348478 -0.0159693 0.6149448 0.1871338 0.7658778
1413394995.205760 -0.3837919 -0.2456894 0.9704992 0.0068544 0.5992774 0.2216852 0.7692043
1413394995.505760 -0.4055257 -0.1910105 1.0122323 -0.0310854 0.5868297 0.2423679 0.7719601
1413394995.605761 -0.4091104 -0.1734889 1.0218018 -0.0335729 0.5874956 0.2394791 0.7722510
1413394995.705760 -0.4066567 -0.1577655 1.0328755 -0.0255088 0.5912119 0.2304585 0.7724680
1413394995.805761 -0.4030815 -0.1458124 1.0423445 -0.0120083 0.5941422 0.2231502 0.7726932
1413394995.905761 -0.3972434 -0.1345066 1.0509675 -0.0027496 0.5965099 0.2192484 0.7720742
