1413393886.005760 -0.0000967 -0.0001901 -0.0000277 -0.0000411 0.0000281 0.0000018 1.0000000
1413393889.305761 0.0000128 -0.0015204 -0.0005577 0.0017011 -0.0004258 0.0010528 0.9999979
1413393889.355760 0.0002358 -0.0013797 -0.0005966 -0.0000593 -0.0002961 0.0010852 0.9999993
1413393889.605761 0.0024388 -0.0017298 -0.0041694 -0.0179554 0.0016613 0.0017502 0.9998359
1413393889.655760 0.0038372 -0.0034290 -0.0058621 -0.0249442 0.0037069 -0.0004409 0.9996819
1413393892.955760 -0.7706451 0.1120257 -1.4316368 -0.1183606 0.0264144 -0.0133954 0.9925289
1413393893.105761 -0.8287199 0.1423318 -1.5038731 -0.1322664 0.0245139 -0.0151792 0.9907948
1413393893.305761 -0.9120048 0.1366968 -1.5239952 -0.1103745 0.0212439 -0.0117796 0.9935932
1413393893.555760 -1.0212146 0.0771576 -1.4519101 -0.0960158 0.0138909 0.0152277 0.9951664
1413393893.705760 -1.0774230 0.0247272 -1.3644499 -0.0927972 0.0089238 0.0283244 0.9952421
1413393893.805761 -1.1070002 -0.0175582 -1.2885385 -0.0852082 0.0075172 0.0329600 0.9957895
1413393894.105761 -1.1496203 -0.1683951 -1.0068470 -0.0352409 0.0090725 0.0266846 0.9989814
1413393894.255760 -1.1547266 -0.2481731 -0.8521330 -0.0319368 0.0075412 0.0293040 0.9990318
1413393894.405761 -1.1470011 -0.3199309 -0.6902799 -0.0306751 0.0073020 0.0302652 0.9990444
1413393894.705760 -1.1021487 -0.3820032 -0.3306057 -0.0210601 0.0123529 0.0148730 0.9995912
1413393895.005760 -1.0289397 -0.4480287 0.0311332 -0.0030679 0.0099001 0.0096184 0.9999000
1413393895.205760 -0.9742409 -0.5031914 0.2574214 0.0001784 0.0080135 0.0051325 0.9999547
1413393895.405761 -0.9172912 -0.5506489 0.4681999 0.0051168 0.0077272 0.0031813 0.9999520
1413393895.555760 -0.8728329 -0.5675514 0.6252671 0.0072368 0.0142516 0.0045228 0.9998620
1413393895.755760 -0.8082981 -0.5916059 0.8192243 0.0119583 0.0425337 0.0110860 0.9989619
1413393895.955760 -0.7407978 -0.6211800 0.9885231 0.0167920 0.0966181 0.0258411 0.9948443
1413393896.105761 -0.6894305 -0.6437554 1.0924323 0.0121604 0.1556566 0.0370545 0.9870411
1413393899.505760 0.2087327 -1.3453656 2.0614586 0.1158617 0.6659078 0.0934333 0.7310356
1413393899.605761 0.2008654 -1.3975340 2.0735254 0.1615532 0.6585122 0.0839778 0.7302123
1413393900.305761 -0.2788382 -1.3731689 1.8858382 -0.1131604 0.5888479 0.3238636 0.7318232
1413393900.805761 -0.1737668 -1.1987965 1.6152455 0.0777752 0.6655037 0.1017867 0.7353199
1413393900.905761 -0.1868151 -1.1544718 1.6016327 0.0937944 0.6599195 0.1178927 0.7360775
1413393901.205760 -0.3511927 -1.0088727 1.4985795 -0.0200217 0.6201485 0.2463764 0.7445224
1413393901.605761 -0.4339618 -0.9108823 1.3230094 -0.1325316 0.6131032 0.2663318 0.7318519
1413393903.455760 0.8375157 -1.3582911 1.8461339 -0.0143445 0.6675309 0.2258369 0.7093620
1413393903.805761 1.1405621 -1.3816093 1.9948367 0.0400869 0.7338289 0.2501215 0.6303391
1413393904.105761 1.3373538 -1.3927482 2.0425620 0.0545237 0.7486951 0.2817812 0.5975636
1413393904.255760 1.4125249 -1.3714248 2.0378978 0.0345759 0.7540675 0.2782927 0.5939191
1413393904.555760 1.5366251 -1.3943266 1.9346554 0.0192531 0.7676198 0.2698638 0.5810015
1413393905.305761 1.9184297 -1.3196368 1.6317662 -0.0225895 0.8795450 0.2630802 0.3958273
1413393905.755760 2.1946747 -1.2196518 1.5614322 0.0323871 0.9154858 0.3051440 0.2602383
1413393906.455760 2.3453844 -1.0785899 1.2842467 -0.0252747 0.9498871 0.2968662 0.0945841
1413393906.555760 2.3610578 -1.0317304 1.2441373 -0.0214263 0.9528958 0.2921191 0.0787205
1413393906.705760 2.3844621 -0.9481005 1.1949546 0.0094357 0.9548562 0.2915466 0.0562248
1413393909.955760 2.4264944 -0.5186625 1.9156202 -0.0297165 0.9285834 0.3690736 -0.0251878
1413393910.105761 2.4487686 -0.4695220 1.9655644 -0.0272685 0.9227288 0.3830984 -0.0326129
1413393910.255760 2.4847353 -0.4370048 1.9708828 -0.0221512 0.9184001 0.3930655 -0.0393710
1413393910.405761 2.5250859 -0.4229762 1.9254713 -0.0070596 0.9110676 0.4097807 -0.0445623
1413393910.555760 2.5634074 -0.4150755 1.8303708 0.0170430 0.9059162 0.4207986 -0.0442025
1413393910.705760 2.5914171 -0.3795905 1.6987313 0.0240048 0.9131524 0.4052746 -0.0364551
1413393910.855760 2.6041377 -0.3115876 1.5400306 0.0222792 0.9242380 0.3804548 -0.0232793
1413393911.005760 2.6075420 -0.2242214 1.3677708 0.0115810 0.9377354 0.3471153 -0.0054031
1413393911.155760 2.6054144 -0.1188713 1.1904366 0.0071387 0.9461324 0.3233812 0.0143927
1413393911.305761 2.5986307 -0.0119389 1.0129414 0.0018884 0.9497012 0.3119745 0.0271286
1413393911.455760 2.5892272 0.0862607 0.8378380 -0.0079704 0.9588444 0.2822293 0.0300104
1413393911.755760 2.5810246 0.1986559 0.5344156 -0.0204962 0.9637986 0.2650807 0.0201077
1413393911.905761 2.5897610 0.2050527 0.4095540 -0.0126632 0.9531288 0.3019926 0.0136212
1413393912.055760 2.6027110 0.1761552 0.2834736 0.0229152 0.9330199 0.3590107 0.0077542
1413393912.205760 2.6059010 0.1351233 0.1334004 0.0367559 0.9175231 0.3959795 0.0007482
1413393912.355760 2.5944538 0.1022648 -0.0485933 0.0372516 0.9142543 0.4033860 -0.0055807
1413393912.505760 2.5678995 0.0715044 -0.2728508 0.0332908 0.9298185 0.3663752 -0.0099192
1413393912.655760 2.5298507 0.0659579 -0.5040994 0.0281279 0.9428689 0.3318399 -0.0094533
1413393912.805761 2.4786062 0.0833557 -0.7386712 0.0149533 0.9519098 0.3059127 -0.0078435
1413393913.005760 2.3998220 0.1419354 -1.0204083 0.0088015 0.9552702 0.2940302 -0.0304553
1413393913.255760 2.2872503 0.2388785 -1.3335311 0.0450271 0.9552240 0.2760636 -0.0964813
1413393913.405761 2.2041037 0.3118776 -1.4937960 0.0618372 0.9476805 0.2744557 -0.1508369
1413393913.605761 2.0505843 0.3903079 -1.6644197 0.0693693 0.9369326 0.2524874 -0.2315068
1413393913.755760 1.9118527 0.4217414 -1.7627109 0.0552916 0.9262277 0.2288631 -0.2943922
1413393913.905761 1.7646109 0.4296010 -1.8273411 0.0478585 0.9093258 0.2144209 -0.3533549
1413393914.055760 1.6100695 0.4149525 -1.8542278 0.0248863 0.8883838 0.2059308 -0.4095698
1413393914.205760 1.4643810 0.3916807 -1.8423493 -0.0052522 0.8554083 0.2223592 -0.4677665
1413393914.455760 1.2619747 0.3215635 -1.7861552 0.0050311 -0.7943135 -0.2495708 0.5538549
1413393914.555760 1.1917676 0.2860717 -1.7649099 -0.0053965 -0.7746032 -0.2447786 0.5831330
1413393914.705760 1.0883144 0.2335260 -1.7284861 -0.0184209 -0.7486769 -0.2286798 0.6219720
1413393914.905761 0.9565277 0.1602669 -1.6719683 -0.0387547 -0.7101321 -0.2174895 0.6685123
1413393915.005760 0.8885170 0.1217434 -1.6328377 -0.0361410 -0.6911268 -0.2318553 0.6835794
1413393915.305761 0.6629874 0.0159587 -1.5157456 -0.0288616 -0.6672364 -0.2553058 0.6991291
1413393915.555760 0.4461401 -0.0323707 -1.4294896 0.0216376 -0.6883681 -0.2610639 0.6764073
1413393917.255760 -0.6124111 -0.2208715 -1.8129301 -0.0223859 -0.4405065 -0.1050258 0.8913038
1413393917.405761 -0.6617352 -0.2436900 -1.8448319 -0.0390143 -0.3805610 -0.0856920 0.9199500
1413393917.705760 -0.7234060 -0.2534232 -1.8467294 -0.0557753 -0.2329423 -0.0565991 0.9692386
1413393917.805761 -0.7326588 -0.2494969 -1.8267667 -0.0417827 -0.1799043 -0.0488423 0.9815819
1413393918.455760 -0.6778687 -0.2960985 -1.6436443 -0.0336195 0.1108458 0.0879194 0.9893700
1413393918.555760 -0.6377136 -0.3111713 -1.6105847 -0.0347778 0.1579312 0.1064560 0.9810787
1413393918.755760 -0.5135436 -0.3493544 -1.5459436 -0.0162901 0.2607932 0.1418803 0.9547730
1413393918.805761 -0.4800583 -0.3589314 -1.5291251 -0.0085887 0.2882855 0.1543164 0.9449890
1413393919.105761 -0.2088947 -0.4039693 -1.4920052 0.0432908 0.4695475 0.1844067 0.8623487
1413393919.155760 -0.1618670 -0.4097773 -1.5003759 0.0469473 0.4965854 0.1890724 0.8458431
1413393919.255760 -0.0741703 -0.4177354 -1.5187005 0.0608665 0.5493394 0.1958458 0.8100407
1413393919.905761 0.2301137 -0.2142107 -1.8474275 0.0783553 0.7297127 0.1949142 0.6506829
1413393920.005760 0.2240578 -0.1425316 -1.9169196 0.0568186 0.7372689 0.1839092 0.6475984
1413393920.205760 0.1714291 0.0195632 -2.0497398 0.0327299 0.7349808 0.1860191 0.6512517
1413393921.355760 -0.4443463 0.7733746 -2.5313277 -0.0775623 0.6957971 0.2474424 0.6697930
1413393921.555760 -0.4563291 0.8381070 -2.5603168 -0.0482607 0.7025149 0.2315384 0.6712180
1413393921.805761 -0.4390908 0.9250380 -2.5700016 -0.0254775 0.7112861 0.2127865 0.6694362
1413393922.255760 -0.4262091 1.1475933 -2.4981835 -0.0404335 0.7120622 0.2296140 0.6622763
1413393922.405761 -0.4207283 1.2144629 -2.4580657 -0.0672431 0.7024633 0.2633743 0.6577672
1413393922.555760 -0.3846878 1.2692016 -2.4223158 -0.0477527 0.6982574 0.2826881 0.6559297
1413393922.705760 -0.3207032 1.3137438 -2.3946245 -0.0110606 0.7002900 0.2822692 0.6555881
1413393922.855760 -0.2423359 1.3633351 -2.3818226 -0.0111006 0.7003036 0.2798141 0.6566244
1413393922.955760 -0.1825948 1.3926499 -2.3853719 -0.0308823 0.7001985 0.2779478 0.6568967
1413393923.105761 -0.0745327 1.4154685 -2.4054432 -0.0644137 0.7035800 0.2684626 0.6547930
1413393923.655760 0.5339992 1.3707408 -2.5060074 0.0145277 0.6569052 0.2598283 0.7076395
1413393923.805761 0.7170650 1.3656875 -2.5599756 -0.0112274 0.6140704 0.2243444 0.7566116
1413393923.955760 0.9000130 1.3643589 -2.6229126 -0.0305796 0.5613184 0.1975172 0.8031024
1413393924.155760 1.1491500 1.3617643 -2.7049153 -0.0544432 0.4962941 0.1635724 0.8508655
1413393924.305761 1.3448638 1.3554212 -2.7549880 -0.0741392 0.4638319 0.1012471 0.8769905
1413393924.455760 1.5337992 1.3397535 -2.7771959 -0.0907949 0.4443283 0.0429901 0.8902137
1413393924.655760 1.7447256 1.2763497 -2.7400956 -0.0881635 0.4364044 -0.0123036 0.8953363
1413393924.805761 1.8465592 1.1845202 -2.6555357 -0.0700132 0.4408884 -0.0386473 0.8939921
1413393924.955760 1.8771083 1.0351011 -2.5247760 -0.0570484 0.4358911 0.0157489 0.8980514
1413393925.405761 1.8170073 0.4427569 -2.0246279 -0.0452371 0.3322685 0.1544437 0.9293538
1413393925.755760 1.8709484 0.0165136 -1.6139315 -0.0302918 0.3034247 0.1214216 0.9446019
1413393925.905761 1.9149226 -0.0922503 -1.4143753 -0.0203062 0.3025077 0.1107773 0.9464698
1413393926.255760 2.0244846 -0.2344742 -0.9543492 0.0314069 0.3042930 0.1062953 0.9461082
1413393927.005760 2.2159774 -0.4292241 -0.2917390 -0.0040191 0.2108674 0.0703129 0.9749743
1413393927.255760 2.2811246 -0.5642594 -0.1638397 -0.0320466 0.1638353 0.0958241 0.9812995
1413393927.355760 2.3174610 -0.6183896 -0.1119723 -0.0477832 0.1520576 0.0963865 0.9824993
1413393927.505760 2.3945811 -0.7086664 -0.0285478 -0.0536266 0.1453711 0.0551378 0.9863829
1413393927.605761 2.4485261 -0.7720711 0.0324028 -0.0491772 0.1429306 0.0196815 0.9883143
1413393927.705760 2.5015936 -0.8328285 0.1002210 -0.0369242 0.1352924 -0.0151007 0.9900023
1413393927.805761 2.5378253 -0.9018196 0.1700956 -0.0195916 0.1307127 -0.0487520 0.9900271
1413393928.205760 2.5401008 -1.1937851 0.4641734 0.0101068 0.1207773 -0.0749763 0.9897925
1413393928.605761 2.3134024 -1.3663142 0.7373247 0.0333298 0.0935444 0.0254937 0.9947304
1413393928.955760 2.0848436 -1.4491779 0.9002553 0.0410891 0.1206209 0.0026581 0.9918444
1413393929.055760 2.0205624 -1.4700581 0.9243212 0.0355446 0.1405594 -0.0041283 0.9894254
1413393929.205760 1.9035387 -1.4911842 0.9418982 0.0286490 0.1785520 -0.0019301 0.9835114
1413393929.305761 1.8160604 -1.5122566 0.9429135 0.0191923 0.2063616 0.0144949 0.9781802
1413393930.055760 1.0663571 -1.6864238 0.9021670 0.0095808 0.4412151 0.1836723 0.8783519
1413393930.205760 0.9376849 -1.7057545 0.8750775 0.0152946 0.4706077 0.2063254 0.8577437
1413393930.355760 0.8143653 -1.6920578 0.8393601 0.0068428 0.4928842 0.1945841 0.8480303
1413393934.705760 -0.3554098 0.1167435 -1.1082346 0.0067460 0.4648891 0.1948604 0.8636330
1413393935.205760 -0.3981733 0.4897623 -1.4265718 -0.0657399 0.3604356 0.1396763 0.9199212
1413393935.405761 -0.3597586 0.5866178 -1.5356492 -0.0744074 0.2866054 0.0985964 0.9500524
1413393935.955760 -0.2346586 0.5871131 -1.6493156 -0.0652026 0.1408682 -0.0481431 0.9867051
1413393936.205760 -0.2871129 0.5232853 -1.5952934 -0.0415690 0.0268114 0.0015601 0.9987746
1413393936.455760 -0.3539745 0.4497518 -1.5129173 -0.0378529 -0.0982956 0.0073272 0.9944101
1413393939.655760 0.2771295 0.2993771 -2.2573457 -0.1396929 -0.6355360 -0.2928385 0.7005894
1413393939.855760 0.2497256 0.3623418 -2.3223648 -0.1018236 -0.6348911 -0.2904826 0.7086361
1413393940.455760 0.1660226 0.4488199 -2.4467800 0.0155727 -0.6710873 -0.1635937 0.7229360
1413393940.655760 0.2736083 0.4565417 -2.4290240 -0.1152989 -0.6354510 -0.2514110 0.7209027
1413393941.255760 0.1874390 0.2532004 -2.2096663 0.0643620 -0.6698028 -0.1194904 0.7300299
1413393941.855760 0.2541178 0.0492592 -1.8458917 -0.1036703 -0.6186327 -0.2945285 0.7209709
1413393942.055760 0.1520019 -0.0194224 -1.7162536 -0.0201860 -0.6382488 -0.2237694 0.7363139
1413393943.155760 0.0352176 -0.2142654 -1.1396147 -0.0213309 -0.6288449 -0.2450346 0.7376023
1413393943.555760 -0.0804737 -0.2264725 -1.0157712 0.0710717 -0.6541096 -0.1590064 0.7360750
1413393943.755760 -0.0410253 -0.2201916 -0.9724680 -0.0133837 -0.6268622 -0.2409088 0.7408290
1413393943.955760 -0.0191581 -0.2220561 -0.9449458 -0.0616581 -0.5969568 -0.2800263 0.7492837
1413393944.705760 -0.1364998 -0.3715140 -0.8631500 -0.0031815 -0.5152659 -0.1728732 0.8394080
1413393945.355760 -0.1905826 -0.5208246 -0.7636925 0.0772092 -0.4644798 -0.1172424 0.8743863
1413393945.655760 -0.1878684 -0.4779330 -0.7435096 0.0193409 -0.3916573 -0.1153248 0.9126503
1413393946.605761 -0.1330987 -0.3712417 -0.7947636 -0.0210744 -0.1296011 -0.0321841 0.9908196
1413393947.005760 -0.0830542 -0.3586161 -0.8255777 -0.0251955 0.0322071 -0.0208223 0.9989466
1413393947.405761 -0.1063608 -0.2888531 -0.8083645 0.0523597 0.1641431 0.0349841 0.9844245
1413393950.105761 -0.5785540 0.0107523 -1.3457475 0.0334267 0.6381846 0.3029595 0.7069785
1413393950.555760 -0.6645294 0.0942079 -1.7919961 -0.0596440 0.6634921 0.2556150 0.7006296
1413393950.955760 -0.5803343 0.2660156 -2.1267440 -0.0243735 0.6871000 0.2070053 0.6960232
1413393952.005760 -0.2270688 0.6870414 -2.5492332 -0.0297062 0.7077747 0.2180748 0.6712793
1413393952.355760 -0.0534773 0.7277445 -2.5874479 -0.0150143 0.7135381 0.2231223 0.6639687
1413393952.655760 0.0829508 0.7001761 -2.6042128 -0.0218839 0.6846390 0.2054604 0.6989826
1413393953.705760 0.5663124 0.6592436 -2.6374450 0.0104342 0.6374686 0.1837154 0.7481802
1413393954.055760 0.6681421 0.6797540 -2.7184722 -0.0077234 0.6236565 0.1716948 0.7625706
1413393954.455760 0.7318187 0.6914896 -2.7562730 -0.0687467 0.5418078 0.2015412 0.8130802
1413393954.755760 0.8692999 0.6550122 -2.7388923 -0.0812668 0.4765659 0.1801754 0.8566315
1413393955.155760 1.1918191 0.5610993 -2.6151774 -0.0529937 0.4516140 0.1425933 0.8791494
1413393955.605761 1.6024811 0.4317650 -2.3896661 0.0036396 0.3709896 0.1003684 0.9231899
1413393956.105761 1.9044491 0.3923620 -2.1089258 -0.0345763 0.2663219 0.0582294 0.9615022
1413393956.555760 2.0317237 0.2944148 -1.8179858 0.0118399 0.1442322 0.0311096 0.9889839
1413393957.005760 2.1019838 0.2138738 -1.5873895 -0.0263207 -0.0284346 0.0022680 0.9992465
1413393957.405761 2.1694942 0.1312086 -1.3697578 -0.0251059 -0.1811772 -0.0616167 0.9811972
1413393957.755760 2.2333612 0.1004874 -1.1511593 0.0131599 -0.3108795 -0.0981992 0.9452712
1413393958.055760 2.3050847 0.1410189 -0.9822096 0.0234076 -0.3858224 -0.1741512 0.9056846
1413393959.155760 2.2263145 0.1418420 -0.7145767 -0.0083264 -0.4252504 -0.1149524 0.8977075
1413393959.455760 2.1884153 0.2125590 -0.5977963 -0.0002286 -0.4140054 -0.1299992 0.9009438
1413393960.155760 2.2462006 0.2910633 -0.5049004 -0.0242228 -0.4000598 -0.1553127 0.9029083
1413393960.605761 2.2409627 0.3176138 -0.5018486 -0.0160858 -0.4289193 -0.1623802 0.8884830
1413393960.805761 2.2066252 0.4058808 -0.4763062 -0.0096420 -0.4824208 -0.1766791 0.8578821
1413393961.055760 2.1481428 0.5395405 -0.4444712 -0.0461552 -0.5221926 -0.2004821 0.8276421
1413393961.455760 2.0038152 0.5436694 -0.4154387 0.0554277 -0.5625492 -0.0996294 0.8188651
1413393961.755760 2.0408039 0.4311027 -0.4346055 0.0213179 -0.5399114 -0.1706857 0.8239585
1413393962.205760 2.1664205 0.0432380 -0.6011285 -0.0249869 -0.5293187 -0.2031023 0.8233752
1413393962.505760 2.1886632 -0.2732482 -0.7335107 -0.0674964 -0.5146052 -0.2328263 0.8224462
1413393962.755760 2.1312187 -0.4345030 -0.7889963 -0.0634331 -0.4642870 -0.2396995 0.8502694
1413393963.055760 1.9382383 -0.5656474 -0.8248410 0.0132936 -0.3613019 -0.2060375 0.9093034
1413393963.355760 1.6702961 -0.5886027 -0.9031653 0.0347008 -0.2554544 -0.1244289 0.9581526
1413393963.955760 1.0853992 -0.3283685 -1.1659153 0.0248206 -0.0584812 -0.0525722 0.9965942
1413393965.155760 0.0649778 0.5000433 -1.9881155 -0.0632382 0.2046272 0.1874368 0.9586428
1413393965.555760 0.2011566 0.6213307 -2.2367527 -0.1342738 0.2874548 0.0864603 0.9443860
1413393967.505760 -0.0309740 0.0640966 -1.1772858 0.0237844 0.3520048 0.1205432 0.9278988
1413393968.905761 -0.5653366 -0.0807723 -0.9015716 -0.0369605 0.5261375 0.1558733 0.8351747
1413393969.355760 -0.5779012 -0.0173912 -0.6844087 0.0103720 0.6233104 0.1888700 0.7587521
1413393970.555760 -0.7113472 -0.1007936 -0.8267930 -0.0394582 0.7193215 0.2230421 0.6567129
1413393971.155760 -0.6439118 -0.1256626 -0.7765169 -0.0324869 0.7351055 0.1570410 0.6587128
1413393972.055760 -1.0683801 -0.3496292 -0.2294736 0.0641325 0.6962692 0.2816116 0.6571082
1413393972.555760 -1.4438765 -0.2826830 -0.2745083 -0.0432755 0.7183519 0.2386293 0.6520382
1413393973.005760 -1.6377926 -0.2307548 -0.2894612 -0.0609742 0.7293894 0.2246874 0.6432642
1413393973.455760 -1.7248161 -0.2208045 -0.1580478 0.0076527 0.7466412 0.1513196 0.6477428
1413393973.955760 -2.0545528 -0.2743459 0.1692360 0.0764093 0.6858339 0.2933575 0.6616154
1413393974.505760 -2.2776885 -0.3059937 0.0455408 -0.1826581 0.6550372 0.3258719 0.6567875
1413393974.755760 -2.0102069 -0.3803143 -0.0590279 -0.1555692 0.6899983 0.2028522 0.6771643
1413393975.255760 -1.3267136 -0.4995919 0.0685367 0.0082900 0.7030339 0.1900496 0.6852414
1413393977.305761 -0.5917221 -0.6330913 0.8561898 -0.0284914 0.6730193 0.2189030 0.7059141
1413393978.855760 -0.2261958 -0.9814966 1.0354691 0.0206950 0.7797317 0.2686363 0.5651767
1413393979.555760 -0.2384707 -1.0048242 0.9283875 0.0567267 0.8830914 0.3102479 0.3473872
1413393980.055760 -0.4577508 -0.8534855 0.7240900 0.0172980 0.9276745 0.3273373 0.1788043
1413393980.555760 -0.7103971 -0.7124279 0.4012614 -0.0415869 0.9353768 0.3396335 0.0893856
1413393982.705760 -0.5270469 -0.1062455 -1.8205583 -0.0499100 0.8599415 0.2787789 0.4246080
1413393983.205760 -0.1916444 0.0164186 -2.1772592 -0.0799430 0.7014448 0.1868454 0.6831347
1413393984.405761 0.2665096 -0.2529207 -1.6780430 -0.0151176 0.2340027 -0.0265117 0.9717568
1413393985.105761 -0.2522692 -0.5196832 -0.9808033 -0.0199138 0.1407608 0.0776939 0.9867895
1413393985.655760 -0.5883141 -0.5279195 -0.4134415 -0.0125201 0.3468713 0.1040522 0.9320390
1413393986.355760 -0.8528749 -0.6279124 0.1807288 -0.0049065 0.5287936 0.2599416 0.8079503
1413393987.305761 -0.6374727 -0.7684410 0.4965871 -0.0251287 0.7302890 0.2228897 0.6452648
1413393988.205760 -0.4336861 -0.8975763 0.9887080 -0.0139543 0.7586105 0.2330062 0.6082955
1413393989.655760 0.0069873 -1.1943992 1.8546212 -0.0160487 0.8318773 0.2155479 0.5111377
1413393990.805761 0.1523001 -1.1440891 2.1919942 -0.0062990 0.8922759 0.4075777 0.1941248
1413393991.105761 0.1308527 -1.0967151 2.0695977 -0.0764158 0.9218245 0.3384035 0.1728680
1413393991.405761 0.2277238 -1.0841173 1.9056996 -0.0063886 0.9654285 0.1819295 0.1865707
1413393991.755760 0.2916983 -1.1087825 1.9127061 0.0552028 0.9159811 0.3420535 0.2023135
1413393992.655760 0.1571212 -1.2362268 1.8220856 0.0267778 0.9276593 0.3205749 0.1896390
1413393993.605761 0.0139090 -1.2786045 1.8400848 -0.0438354 0.9145026 0.3564293 0.1863375
1413393994.055760 0.1378188 -1.2675195 1.7347387 0.0001717 0.9691954 0.1596217 0.1875667
1413393994.505760 0.1162296 -1.4194535 2.0666544 0.0206587 0.9190373 0.3440250 0.1912859
1413393994.955760 0.0438246 -1.3972064 2.3126550 -0.0408317 0.8984603 0.4021499 0.1713979
1413393995.855760 0.0450523 -1.1088542 2.0907393 0.0166338 0.8816226 0.2561597 0.3960392
1413393997.105761 -0.6087757 -0.7202876 1.8829255 -0.0383010 0.7654922 0.2601534 0.5872605
1413393997.805761 -0.7500492 -0.5036296 1.8365369 -0.0227850 0.7566636 0.2330866 0.6104193
1413393998.355760 -0.7984450 -0.4347465 1.8936286 -0.0289000 0.7650184 0.2394347 0.5971454
1413393998.805761 -0.7845464 -0.4549949 1.9748096 0.0151921 0.7598110 0.2729031 0.5898986
1413393999.255760 -0.7704400 -0.4122666 2.0116484 -0.0302086 0.7684597 0.2453392 0.5902252
1413393999.555760 -0.7431754 -0.3855749 2.0447233 -0.0038994 0.7591000 0.2770000 0.5890865
1413393999.805761 -0.7073945 -0.3550974 2.0483382 0.0145803 0.7589760 0.2783022 0.5884647
1413394000.255760 -0.6832195 -0.3038486 2.0371919 -0.0213246 0.7810375 0.2238877 0.5825804
1413394000.805761 -0.6863049 -0.2901837 2.0368650 0.0008161 0.7804801 0.2404774 0.5770795
1413394003.255760 -0.6864595 -0.2892724 2.0369217 0.0005058 0.7804318 0.2404919 0.5771391
