1413393212.255760 0.0000000 0.0000000 0.0000000 0.0000000 0.0000000 0.0000000 1.0000000
1413393217.055760 0.0015079 -0.0129638 -0.0068149 -0.0079750 0.0154320 -0.0135811 0.9997569
1413393217.105761 0.0013000 -0.0168443 -0.0092455 -0.0093475 0.0158135 -0.0136972 0.9997374
1413393219.255760 -0.1683811 -0.0406265 -0.1844893 -0.0472163 0.0132799 0.0075264 0.9987680
1413393219.355760 -0.1744968 -0.0435876 -0.1885512 -0.0455073 0.0116874 0.0074784 0.9988676
1413393219.605761 -0.1866565 -0.0474137 -0.1914251 -0.0379550 0.0096720 0.0075264 0.9992043
1413393221.005760 -0.2322437 -0.1299288 -0.2088323 -0.0258860 0.0117065 0.0116244 0.9995288
1413393222.305761 -0.2345773 -0.1986559 -0.1973090 -0.0244366 0.0125073 -0.0068367 0.9995998
1413393223.005760 -0.2460745 -0.2052668 -0.1512606 -0.0544061 0.0020745 -0.0060813 0.9984982
1413393223.405761 -0.2535041 -0.2480925 -0.0999205 -0.0396228 -0.0009003 -0.0142004 0.9991134
1413393223.905761 -0.2717856 -0.2297834 -0.0050809 -0.0226040 0.0119266 -0.0145804 0.9995670
1413393224.405761 -0.3067072 -0.2319440 0.0745055 -0.0170628 0.0239860 -0.0105786 0.9995107
1413393225.105761 -0.3569781 -0.1750150 0.1757901 -0.0284673 0.1012010 0.0367404 0.9937797
1413393225.255760 -0.3631330 -0.1756824 0.1905849 -0.0302125 0.1071776 0.0368773 0.9930963
1413393225.405761 -0.3676096 -0.1778846 0.2054350 -0.0321427 0.1174621 0.0433272 0.9916109
1413393225.605761 -0.3686690 -0.1842696 0.2247443 -0.0332672 0.1508050 0.0664543 0.9857662
1413393226.355760 -0.3351427 -0.1920508 0.2975187 -0.0237000 0.3432797 0.1082457 0.9326737
1413393226.505760 -0.3303632 -0.1956551 0.3096978 -0.0347855 0.3533599 0.1223148 0.9268041
1413393226.905761 -0.3076229 -0.1892163 0.3515965 -0.0393845 0.3675653 0.1036050 0.9233692
1413393228.605761 -0.1617277 -0.2263252 0.5309837 -0.0239904 0.5352776 0.1667786 0.8277000
1413393229.055760 -0.1058870 -0.2311115 0.5574895 -0.0377285 0.5572734 0.1828499 0.8090666
1413393230.405761 0.1211618 -0.2302347 0.6825774 -0.0353652 0.5444711 0.1642745 0.8217751
1413393230.905761 0.2343238 -0.2434535 0.7319273 -0.0215777 0.5955707 0.2036799 0.7767525
1413393231.055760 0.2717996 -0.2488610 0.7410982 -0.0325180 0.6246038 0.1965581 0.7551010
1413393231.205760 0.3095148 -0.2567804 0.7487076 -0.0392927 0.6423723 0.1903123 0.7413468
1413393231.655760 0.4240705 -0.2693339 0.7976450 0.0098528 0.6549649 0.1943575 0.7301705
1413393232.205760 0.5299048 -0.2576348 0.8288084 -0.0014458 0.6979188 0.2361350 0.6761268
1413393232.405761 0.5647556 -0.2492748 0.8248832 -0.0043687 0.7276248 0.2414874 0.6420490
1413393232.555760 0.5903755 -0.2374920 0.8187088 -0.0054544 0.7450693 0.2502251 0.6182472
1413393232.805761 0.6328866 -0.2118375 0.8056871 -0.0062944 0.7602240 0.2540553 0.5978926
1413393232.955760 0.6587166 -0.1985278 0.7928361 -0.0121810 0.7636235 0.2523926 0.5941622
1413393233.255760 0.7124381 -0.1847179 0.7586752 -0.0254000 0.7678519 0.2422088 0.5925311
1413393233.405761 0.7420661 -0.1859334 0.7382100 -0.0175296 0.7796528 0.2302300 0.5820897
1413393233.705760 0.7953237 -0.2035935 0.6958052 -0.0194371 0.8097762 0.2385174 0.5357183
1413393233.855760 0.8200199 -0.2203988 0.6751449 -0.0196678 0.8274781 0.2352487 0.5094618
1413393234.005760 0.8442712 -0.2397852 0.6555062 -0.0081868 0.8401060 0.2367970 0.4879366
1413393234.155760 0.8660883 -0.2564244 0.6400203 -0.0012799 0.8503572 0.2509579 0.4625052
1413393234.305761 0.8838051 -0.2710121 0.6238852 0.0241619 0.8607265 0.2519731 0.4416738
1413393234.505760 0.9006310 -0.2798170 0.6037220 0.0711572 0.8757669 0.2449347 0.4098487
1413393234.805761 0.8845383 -0.2944395 0.5705605 -0.0128888 0.9063630 0.2392066 0.3480235
1413393235.255760 0.8405127 -0.2903612 0.5492001 -0.0033290 0.9259007 0.2871387 0.2454550
1413393236.505760 0.8598771 -0.2576792 0.5156758 -0.0051818 0.9524164 0.2978150 0.0646710
1413393236.905761 0.8759450 -0.2570971 0.5012553 0.0225477 0.9482698 0.3165617 -0.0080439
1413393237.255760 0.8778591 -0.2653022 0.4702232 -0.0216535 0.9567671 0.2892701 -0.0212282
1413393239.205760 0.9411600 -0.2201004 0.2735505 -0.0154325 0.9534969 0.2999009 -0.0257846
1413393239.355760 0.9406686 -0.2138252 0.2502774 -0.0211721 0.9530599 0.3008096 -0.0272451
1413393239.505760 0.9426122 -0.2099672 0.2266670 -0.0230061 0.9525273 0.3023214 -0.0276441
1413393239.755760 0.9528385 -0.2074729 0.1836177 0.0161823 0.9524176 0.3033745 -0.0245537
1413393240.405761 0.9602602 -0.1859759 0.0637625 -0.0080189 0.9541648 0.2984048 -0.0214422
1413393247.455760 0.9382341 0.0181319 -0.0125823 -0.0069474 0.9224234 0.3126661 0.2265539
1413393247.755760 0.9486143 0.0387379 -0.0049808 0.0103677 0.9169556 0.3217896 0.2356617
1413393247.955760 0.9521350 0.0536824 -0.0153965 0.0237050 0.9230748 0.2968046 0.2434706
1413393248.105761 0.9501105 0.0635279 -0.0283183 0.0160990 0.9316584 0.2666299 0.2462965
1413393249.355760 0.8506017 0.0523134 -0.0655797 -0.0188274 0.9322122 0.2971167 0.2057854
1413393249.905761 0.8464487 0.0737939 -0.0646654 -0.0293133 0.9362398 0.2764919 0.2148206
1413393250.055760 0.8544344 0.0814722 -0.0598199 -0.0256582 0.9334537 0.2855050 0.2156215
1413393250.655760 0.9065889 0.1006328 -0.0438039 0.0126584 0.9416144 0.2677957 0.2036850
1413393251.155760 0.9286150 0.1024330 -0.0295576 -0.0007320 0.9370726 0.2983110 0.1813974
1413393253.255760 0.9120057 0.0257926 0.0120560 -0.0008646 0.9139447 0.3104086 -0.2614401
1413393254.355760 0.8937442 -0.0037162 -0.0958553 0.0067076 0.9006146 0.2831532 -0.3296554
1413393254.505760 0.8894076 -0.0100936 -0.1149475 -0.0048225 0.8901057 0.2956756 -0.3467917
1413393254.705760 0.8854892 -0.0183831 -0.1444265 0.0030786 0.8866720 0.2944531 -0.3565119
1413393254.905761 0.8827721 -0.0255788 -0.1779010 0.0062208 0.8928519 0.2748902 -0.3566679
1413393256.105761 0.8403825 -0.0304485 -0.2932635 0.0053936 0.8831236 0.2908366 -0.3680730
1413393256.605761 0.8028302 -0.0203721 -0.3347153 0.0234686 0.8830765 0.2909739 -0.3673680
1413393257.155760 0.7489747 0.0084407 -0.4009863 0.0149757 0.8908677 0.2858295 -0.3527494
1413393257.405761 0.7225414 0.0284949 -0.4340355 0.0164034 0.8915241 0.2833517 -0.3530263
1413393257.605761 0.6999521 0.0440576 -0.4611367 0.0182351 0.8908392 0.2814463 -0.3561755
1413393260.305761 0.5452071 0.1369213 -0.8100235 -0.0054993 0.9241734 0.2821251 0.2574466
1413393260.505760 0.5365832 0.1451015 -0.8368424 -0.0237449 0.9275836 0.2296411 0.2937512
1413393261.255760 0.5353400 0.1542297 -0.8094482 -0.0246690 0.9005582 0.3000579 0.3136107
1413393262.105761 0.6012964 0.1380430 -0.7979741 -0.0075268 0.8487920 0.2642134 0.4579157
1413393262.855760 0.6554994 0.1499480 -0.8438126 -0.0182815 0.8414286 0.2590773 0.4738593
1413393264.505760 0.7561518 0.2764106 -0.9185847 -0.0286693 0.8120533 0.2610026 0.5211768
1413393265.305761 0.8103159 0.3088699 -0.9293478 -0.0044948 0.8248466 0.2216378 0.5200813
1413393265.555760 0.8201506 0.3125235 -0.9263660 0.0098901 0.8179463 0.2445114 0.5206536
1413393270.105761 0.7485479 0.3019298 -0.9200174 -0.0375327 0.4608645 0.1351699 0.8763129
1413393270.255760 0.7450437 0.3151168 -0.9179921 -0.0393933 0.4583125 0.1380894 0.8771141
1413393270.405761 0.7430758 0.3264509 -0.9153076 -0.0370287 0.4582643 0.1418433 0.8766431
1413393270.705760 0.7482462 0.3444301 -0.9111969 -0.0385236 0.4887956 0.1479151 0.8589039
1413393272.955760 0.7317504 0.2525652 -0.7620395 -0.0308158 0.7191909 0.1982325 0.6652208
1413393273.155760 0.7235660 0.2373890 -0.7419724 -0.0261570 0.7464837 0.2194174 0.6276415
1413393273.355760 0.7162876 0.2224109 -0.7221792 -0.0267793 0.7756107 0.2410948 0.5827385
1413393273.555760 0.7131855 0.2076499 -0.7036363 -0.0242970 0.8075634 0.2452848 0.5358045
1413393274.005760 0.7099101 0.1687511 -0.6641284 -0.0090326 0.8599953 0.2632039 0.4370928
1413393274.505760 0.7001064 0.1263625 -0.6365001 0.0000568 0.9001716 0.2828469 0.3311929
1413393277.755760 0.5197269 0.1102764 -0.6274605 0.0065629 0.9580866 0.2862699 0.0087493
1413393278.055760 0.5018560 0.1298184 -0.6411170 0.0171042 0.9604911 0.2749204 -0.0397880
1413393278.605761 0.4435739 0.1412767 -0.6493334 0.0558191 0.9392142 0.3075630 -0.1420071
1413393279.355760 0.2974047 0.1362625 -0.6719808 -0.0141233 0.9402840 0.3111139 -0.1373850
1413393280.055760 0.2141627 0.1625421 -0.7219992 -0.0105319 0.9503307 0.2881740 -0.1171167
1413393280.405761 0.1893212 0.1659758 -0.7452908 0.0183700 0.9548407 0.2779331 -0.1034169
1413393282.005760 -0.0818153 0.1627526 -0.7922508 -0.0025703 0.9524960 0.2807739 -0.1179441
1413393282.205760 -0.1070702 0.1529283 -0.8009293 0.0172513 0.9472103 0.2959942 -0.1219940
1413393282.405761 -0.1348087 0.1416603 -0.8095338 0.0115572 0.9470006 0.2964051 -0.1232896
1413393282.605761 -0.1644414 0.1330473 -0.8181969 -0.0119367 0.9489536 0.2907231 -0.1217569
1413393283.055760 -0.2090288 0.1359918 -0.8249565 -0.0061943 0.9522134 0.2976454 -0.0682530
1413393283.655760 -0.2286895 0.1391880 -0.8360958 -0.0179222 0.9477177 0.3053509 0.0909439
1413393284.155760 -0.2153362 0.1788799 -0.8458466 -0.0226543 0.9279359 0.2888077 0.2345460
1413393284.705760 -0.1712638 0.1965158 -0.8511776 -0.0159198 0.8736068 0.2667175 0.4067179
1413393285.005760 -0.1425680 0.1993476 -0.8520787 -0.0053982 0.8208682 0.2662978 0.5052047
1413393285.305761 -0.1139569 0.2002911 -0.8603121 -0.0054124 0.7656605 0.2492359 0.5929723
1413393285.655760 -0.0819286 0.2052675 -0.8845779 -0.0122735 0.6986595 0.2151855 0.6822166
1413393285.955760 -0.0575892 0.2054737 -0.9102061 -0.0220582 0.6475426 0.1843722 0.7390594
1413393286.555760 -0.0134997 0.2200653 -0.9596228 -0.0164304 0.6399546 0.1901461 0.7443337
1413393287.505760 0.0354635 0.2226083 -0.9919314 -0.0247822 0.5585105 0.1684534 0.8118345
1413393287.705760 0.0427765 0.2116510 -0.9869667 -0.0252277 0.5053689 0.1591666 0.8477216
1413393288.455760 0.0913678 0.1964856 -0.9782223 -0.0390854 0.3812411 0.1246073 0.9152052
1413393290.305761 0.2536431 0.2357187 -0.9714087 -0.0218820 0.3714848 0.1082781 0.9218438
1413393291.755760 0.3545074 0.3355951 -0.9268837 -0.0290956 0.3454734 0.0938109 0.9332744
1413393291.955760 0.3701231 0.3325646 -0.9284877 -0.0308650 0.3344315 0.0859487 0.9379849
1413393292.805761 0.3774813 0.2752923 -0.9424980 -0.0187630 0.3005329 0.0612538 0.9516175
1413393293.905761 0.2527986 0.2515158 -0.9753845 -0.0296057 0.2706953 0.0590354 0.9603970
1413393294.105761 0.2226769 0.2494335 -0.9800960 -0.0276756 0.2695691 0.0555979 0.9609763
1413393294.505760 0.1515812 0.2418872 -0.9884671 -0.0281371 0.2745273 0.0571062 0.9594696
1413393294.705760 0.1106465 0.2390784 -0.9907625 -0.0305412 0.2754484 0.0701485 0.9582665
1413393295.755760 -0.0852641 0.2172692 -0.9759324 -0.0258046 0.2692164 0.1039808 0.9571022
1413393296.155760 -0.1313241 0.2270343 -0.9621999 -0.0400821 0.2801688 0.0602762 0.9572176
1413393296.355760 -0.1565458 0.2230550 -0.9499401 -0.0438495 0.2805583 0.0618039 0.9568409
1413393296.555760 -0.1833504 0.2193104 -0.9317117 -0.0402376 0.2829554 0.0840691 0.9545940
1413393296.805761 -0.2116553 0.2266734 -0.9024755 -0.0343370 0.3030051 0.1053087 0.9465299
1413393297.055760 -0.2319767 0.2333081 -0.8726786 -0.0332509 0.3216644 0.1057554 0.9403415
1413393297.355760 -0.2472600 0.2358846 -0.8367695 -0.0285108 0.3364459 0.1153479 0.9341767
1413393297.705760 -0.2536953 0.2351314 -0.7963476 -0.0247308 0.3398440 0.1149547 0.9331023
1413393298.655760 -0.2117732 0.2380156 -0.7093486 -0.0367568 0.3339949 0.0820767 0.9382749
1413393299.705760 -0.1643993 0.2007755 -0.5945060 -0.0022897 0.3430799 0.1030658 0.9336318
1413393299.955760 -0.1667622 0.1919056 -0.5823503 -0.0152116 0.3442301 0.0932959 0.9341146
1413393300.205760 -0.1743607 0.1811038 -0.5716274 -0.0258685 0.3425276 0.0868001 0.9351317
1413393300.405761 -0.1845931 0.1690677 -0.5616018 -0.0192995 0.3116997 0.1085670 0.9437606
1413393301.055760 -0.1993153 0.1500984 -0.5378380 -0.0095686 0.1924674 0.0459594 0.9801798
1413393301.805761 -0.2355784 0.2036792 -0.5322050 -0.0280702 0.0562223 -0.0034743 0.9980175
1413393302.005760 -0.2521234 0.2105549 -0.5351020 -0.0285573 0.0385060 -0.0127025 0.9987695
1413393302.255760 -0.2798195 0.2139122 -0.5372587 -0.0259366 0.0325029 -0.0093070 0.9990917
1413393303.055760 -0.3746912 0.1878722 -0.5436839 -0.0287398 0.0488093 0.0236163 0.9981152
1413393303.455760 -0.4035438 0.1627958 -0.5428362 -0.0296799 0.0566859 0.0026121 0.9979474
1413393303.655760 -0.4172263 0.1454144 -0.5418404 -0.0246331 0.0613418 -0.0014906 0.9978117
1413393303.855760 -0.4341070 0.1254688 -0.5408989 -0.0223932 0.0627558 0.0060890 0.9977591
1413393304.055760 -0.4510226 0.1074015 -0.5395967 -0.0224164 0.0591916 0.0208548 0.9977770
1413393304.505760 -0.4772513 0.1081429 -0.5229877 -0.0432856 0.0601701 0.0026228 0.9972457
1413393304.705760 -0.4866303 0.1092732 -0.5089545 -0.0332541 0.0578786 -0.0067086 0.9977471
1413393304.905761 -0.4982853 0.1072439 -0.4932851 -0.0330295 0.0500352 -0.0038094 0.9981939
1413393305.455760 -0.5376965 0.0843179 -0.4436713 -0.0368845 0.0607294 -0.0047975 0.9974610
1413393305.605761 -0.5510272 0.0742371 -0.4282852 -0.0368713 0.0664862 0.0025243 0.9971027
1413393305.955760 -0.5875908 0.0468137 -0.3878448 -0.0320144 0.1053253 -0.0109577 0.9938620
1413393306.105761 -0.6102462 0.0329210 -0.3691806 -0.0293279 0.1101608 0.0003318 0.9934809
1413393306.255760 -0.6351230 0.0187561 -0.3514651 -0.0294569 0.1097640 0.0090623 0.9934797
1413393306.555760 -0.6873386 -0.0023227 -0.3099757 -0.0388538 0.1348164 0.0365459 0.9894338
1413393306.755760 -0.7172669 -0.0058481 -0.2770182 -0.0286293 0.1734744 0.0648994 0.9822806
1413393307.155760 -0.7564829 -0.0157629 -0.2187307 -0.0249437 0.2398827 0.0946518 0.9658546
1413393307.555760 -0.7652766 -0.0317285 -0.1714067 -0.0348982 0.3381276 0.1069491 0.9343520
1413393308.005760 -0.7566748 -0.0638333 -0.1181236 -0.0343734 0.4525478 0.1290292 0.8816861
1413393308.255760 -0.7491060 -0.0839758 -0.0833820 -0.0331840 0.5088682 0.1406757 0.8486238
1413393308.505760 -0.7455136 -0.1057029 -0.0433992 -0.0252038 0.5597590 0.1691664 0.8108128
1413393308.755760 -0.7401876 -0.1133599 -0.0021390 -0.0172409 0.6062131 0.2068710 0.7677323
1413393309.005760 -0.7308392 -0.1039432 0.0364304 -0.0059585 0.6595004 0.2115640 0.7212935
1413393309.305761 -0.7224939 -0.0896785 0.0725717 -0.0043607 0.7052433 0.2163857 0.6751223
1413393309.855760 -0.7177154 -0.0857954 0.1258714 -0.0270821 0.7011182 0.2327649 0.6734392
1413393310.355760 -0.6915621 -0.0917949 0.1516101 -0.0265866 0.7015719 0.2123752 0.6796961
1413393310.905761 -0.6516309 -0.0929861 0.1657346 -0.0079107 0.6981757 0.2319129 0.6772773
1413393311.355760 -0.6103686 -0.0716024 0.1627314 -0.0296652 0.7092323 0.2272769 0.6666744
1413393311.855760 -0.5404640 -0.0444232 0.1588342 -0.0304577 0.7134277 0.2081314 0.6684119
1413393312.805761 -0.4178093 -0.0455438 0.1738879 -0.0168595 0.6929423 0.2066574 0.6905357
1413393313.305761 -0.3733282 -0.0544322 0.1725274 -0.0274065 0.6746732 0.2000406 0.7099639
1413393313.805761 -0.3403358 -0.0586757 0.1639529 0.0152385 0.6851868 0.1924430 0.7023194
1413393314.255760 -0.3382310 -0.0480673 0.1344281 -0.0255167 0.7033005 0.2165602 0.6766233
1413393314.705760 -0.3345796 -0.0429138 0.1120561 -0.0437375 0.6390989 0.1911396 0.7437104
1413393315.255760 -0.2988811 -0.0338895 0.1172672 -0.0468613 0.5634009 0.1748834 0.8061013
1413393316.855760 -0.1801929 -0.1933165 0.2651478 -0.0292911 0.5581144 0.1679929 0.8120522
1413393317.355760 -0.1648496 -0.2057528 0.3445291 -0.0119692 0.5577124 0.1492610 0.8164158
1413393317.855760 -0.1743567 -0.2004480 0.4273660 -0.0102621 0.5637200 0.1545434 0.8113142
1413393318.705760 -0.2361543 -0.1647305 0.5674210 -0.0061444 0.5755756 0.1907208 0.7951733
1413393319.155760 -0.2686159 -0.1509544 0.6045896 0.0007948 0.5756932 0.1791013 0.7978091
1413393319.605761 -0.3091377 -0.1407685 0.6206546 -0.0268700 0.5614871 0.2106687 0.7997681
1413393320.055760 -0.3134783 -0.0966370 0.6305441 -0.0327725 0.5690047 0.1714220 0.8036007
1413393320.405761 -0.3072148 -0.0648674 0.6458369 -0.0208655 0.5738671 0.1677728 0.8013073
1413393320.705760 -0.3064426 -0.0608359 0.6599198 -0.0364680 0.5772191 0.1745550 0.7968806
