1403636859.401667 0.0000000 0.0000000 0.0000000 0.0000000 0.0000000 0.0000000 1.0000000
1403636861.451666 0.0447368 -0.3160473 -0.0971895 0.0150061 0.0272103 -0.0083660 0.9994821
1403636864.551666 0.0369339 -0.3761833 -0.1181369 -0.0204159 0.0396045 0.0046860 0.9989958
1403636866.051666 0.0211593 -0.3437044 -0.0953619 -0.0029237 0.0345376 0.0122398 0.9993241
1403636866.251667 0.0194408 -0.4278232 -0.1283044 0.0297313 0.0414267 0.0059855 0.9986811
1403636867.551666 0.0340094 -0.1079190 -0.1004493 -0.1121127 0.0169939 0.0012979 0.9935493
1403636867.951666 0.0346911 -0.0876011 -0.1330902 -0.2811254 0.0257546 0.0123326 0.9592462
1403636868.801666 -0.0058763 -0.0973807 -0.1808273 -0.2463158 0.0354280 0.0190529 0.9683545
1403636869.051666 -0.0174424 -0.0971342 -0.1877430 -0.2400111 0.0303885 0.0143957 0.9701876
1403636869.201667 -0.0230464 -0.0969220 -0.1882363 -0.2370417 0.0239964 0.0145694 0.9710938
1403636869.901667 0.0758739 -0.1017056 -0.1656928 -0.2382181 0.0354676 0.0186987 0.9703837
1403636870.101666 0.1757566 -0.1114028 -0.1442902 -0.2344183 0.0497240 0.0288488 0.9704346
1403636870.301666 0.2872834 -0.1232682 -0.1247618 -0.2392740 0.0620767 0.0305621 0.9684836
1403636870.601666 0.4313659 -0.1279658 -0.0979124 -0.2382558 0.0803956 0.0377866 0.9671313
1403636871.751667 0.3027341 -0.1212061 -0.0987220 -0.2348031 0.0718537 0.0494635 0.9681208
1403636872.501667 -0.0964141 -0.0935218 -0.1013290 -0.2371847 0.0112087 0.0330992 0.9708358
1403636874.101666 0.4647464 -0.0860534 -0.0644250 -0.2482225 0.0836807 0.0549017 0.9635190
1403636875.901667 -0.0290755 -0.0044376 -0.2084470 -0.2094623 0.1460982 0.1442616 0.9560175
1403636876.051666 0.0329091 0.0087057 -0.2614716 -0.2079722 0.1832904 0.1572857 0.9478467
1403636876.201667 0.1090178 0.0104007 -0.2911898 -0.1965071 0.2250332 0.1668229 0.9396356
1403636876.351666 0.1958706 0.0068252 -0.2895956 -0.1981231 0.2514770 0.1772928 0.9306309
1403636876.501667 0.2943221 -0.0036740 -0.2554533 -0.2022590 0.2690326 0.1756844 0.9251204
1403636876.651666 0.3834099 -0.0281673 -0.1926751 -0.1889325 0.2729791 0.1588159 0.9298196
1403636876.801666 0.4367847 -0.0633591 -0.1132541 -0.1796243 0.2530189 0.1380893 0.9405572
1403636876.901667 0.4428147 -0.0866332 -0.0563324 -0.1754733 0.2319952 0.1204391 0.9491479
1403636877.001667 0.4235866 -0.1073544 0.0013483 -0.1693146 0.2038334 0.1041101 0.9586165
1403636878.201667 -0.0776438 -0.0081546 -0.1449043 -0.2253861 0.0325786 0.0534679 0.9722556
1403636878.501667 0.0765626 0.0281441 -0.2285863 -0.2141557 0.1086638 0.0970066 0.9658775
1403636878.651666 0.1785353 0.0179834 -0.2345541 -0.2098897 0.1506956 0.1096055 0.9598040
1403636878.851666 0.3104371 -0.0125708 -0.2026257 -0.1980047 0.1891594 0.1080736 0.9556845
1403636879.001667 0.3901535 -0.0384700 -0.1574380 -0.1983856 0.1941331 0.1114197 0.9542228
1403636879.301666 0.4535642 -0.1084331 -0.0325579 -0.1689820 0.1802997 0.1014890 0.9636582
1403636879.451666 0.4241287 -0.1387176 0.0255577 -0.1565078 0.1522806 0.0817066 0.9724402
1403636880.601666 0.1250210 -0.0859373 -0.2514891 -0.1734741 0.1303211 0.0673595 0.9738510
1403636880.801666 0.0818190 -0.0695109 -0.3346824 -0.1890399 0.1441689 0.0781417 0.9681803
1403636881.001667 0.0024951 -0.0627557 -0.3630029 -0.1820066 0.1214914 0.0750410 0.9728732
1403636881.201667 -0.0751942 -0.0747287 -0.3373537 -0.1604743 0.0818427 0.0561562 0.9820368
1403636881.401667 -0.1152356 -0.1024819 -0.2740445 -0.1538977 0.0369668 0.0350650 0.9867722
1403636881.601666 -0.0859970 -0.1362731 -0.1788952 -0.1432435 0.0244122 0.0094539 0.9893412
1403636883.401667 0.1171957 0.0386939 0.1444955 -0.0143338 -0.0864228 -0.0260222 0.9958155
1403636883.951666 0.1076700 0.0635125 0.1779409 0.0090388 -0.1205847 -0.0345359 0.9920609
1403636897.401667 0.1201167 0.0698352 0.1669522 0.0229842 -0.1261493 -0.0403076 0.9909255
1403636897.701667 0.1614812 0.0797125 0.1291339 -0.0135307 -0.1028121 -0.0565469 0.9930000
1403636897.851666 0.1839436 0.0665377 0.1019957 -0.0335695 -0.0978119 -0.0669805 0.9923807
1403636898.101666 0.2070689 0.0197087 0.0771701 -0.0181253 -0.1039298 -0.0675002 0.9921259
1403636898.651666 0.2149990 -0.0915177 0.0743084 -0.0138179 -0.1216885 -0.0721338 0.9898473
1403636900.251667 0.3556973 -0.3582199 0.3584580 0.0114580 -0.0006987 -0.0219224 0.9996938
1403636900.551666 0.4223654 -0.4454360 0.3730629 -0.0071680 -0.0091131 -0.0252442 0.9996141
1403636901.301666 0.6302754 -0.5421081 0.5337091 -0.0108520 -0.0242703 -0.0092365 0.9996039
1403636901.601666 0.7685590 -0.6041995 0.6257794 -0.0074463 -0.0182709 -0.0230246 0.9995402
1403636901.751667 0.8386009 -0.6264527 0.6740575 -0.0033877 -0.0181789 -0.0221993 0.9995825
1403636901.951666 0.9383800 -0.6372936 0.7462993 -0.0037871 -0.0177572 -0.0243280 0.9995391
1403636902.351666 1.1352308 -0.6635277 0.8742393 -0.0033799 -0.0189250 -0.0232693 0.9995444
1403636904.051666 1.8170905 -0.8546017 1.3127484 -0.0124745 -0.0254802 -0.0180607 0.9994343
1403636904.401667 1.9625406 -0.9909840 1.3957950 -0.0069692 -0.0242986 -0.0142814 0.9995784
1403636904.601666 2.0575948 -1.0544595 1.4551284 -0.0062207 -0.0194834 -0.0206645 0.9995772
1403636905.451666 2.4657283 -1.2193235 1.7121414 -0.0114503 0.0002477 -0.0373325 0.9992372
1403636905.651666 2.5292096 -1.2794535 1.7666957 -0.0128833 -0.0081986 -0.0453778 0.9988531
1403636907.051666 2.7856150 -1.4782208 2.3753095 -0.0098346 -0.0303768 -0.0415745 0.9986251
1403636907.601666 2.8625429 -1.5812978 2.6568723 -0.0247705 -0.0424244 -0.0255190 0.9984665
1403636907.751667 2.8866730 -1.6431226 2.7436652 -0.0244474 -0.0439780 -0.0217244 0.9984970
1403636907.901667 2.9169106 -1.7053431 2.8369238 -0.0219084 -0.0444669 -0.0198924 0.9985725
1403636908.401667 3.0546677 -1.8399621 3.1845791 -0.0058566 -0.0467453 -0.0419056 0.9980103
1403636908.851666 3.1683922 -1.9449189 3.4911621 -0.0197725 -0.0561810 -0.0408680 0.9973879
1403636909.251667 3.2603018 -2.1277056 3.7676651 -0.0252424 -0.0582715 -0.0359316 0.9973345
1403636909.451666 3.3149576 -2.1983895 3.9297576 -0.0202285 -0.0557087 -0.0373065 0.9975448
1403636909.651666 3.3708167 -2.2500756 4.1087394 -0.0136663 -0.0546959 -0.0330708 0.9978617
1403636909.801666 3.4168167 -2.2743909 4.2482095 -0.0026728 -0.0517555 -0.0363878 0.9979931
1403636910.201667 3.5237522 -2.2900922 4.6021366 0.0054895 -0.0458802 -0.0534827 0.9974991
1403636910.801666 3.5964446 -2.3916919 5.0233035 -0.0091890 -0.0532637 -0.0471370 0.9974250
1403636911.001667 3.6140728 -2.4070475 5.1681519 0.0000171 -0.0571802 -0.0384481 0.9976233
1403636911.401667 3.6592832 -2.4866850 5.4100919 -0.0055353 -0.0544873 -0.0457798 0.9974491
1403636913.251667 4.0299993 -2.7481058 6.5194273 0.0079591 -0.0485639 -0.0376402 0.9980789
1403636913.451666 4.1085830 -2.7698095 6.6183090 -0.0015804 -0.0522771 -0.0299148 0.9981832
1403636913.651666 4.1859593 -2.7990584 6.7201009 -0.0045082 -0.0491999 -0.0334161 0.9982196
1403636913.851666 4.2744145 -2.8140502 6.8214488 -0.0035170 -0.0471823 -0.0375898 0.9981726
1403636914.651666 4.6171489 -2.9632449 7.1538844 0.0001542 -0.0435490 -0.0432043 0.9981167
1403636915.251667 4.8402333 -3.0741727 7.3505616 -0.0148364 -0.0378809 -0.0440588 0.9982002
1403636916.051666 5.0946269 -3.2176766 7.6745610 -0.0003448 -0.0436701 -0.0338673 0.9984717
1403636916.251667 5.1721301 -3.2648325 7.7469139 -0.0004462 -0.0413426 -0.0441279 0.9981700
1403636916.451666 5.2443886 -3.3208930 7.8091221 -0.0006832 -0.0378496 -0.0463994 0.9982054
1403636916.651666 5.3183579 -3.3647354 7.8712325 -0.0005766 -0.0123508 -0.0412060 0.9990742
1403636919.851666 5.6373081 -3.7532110 8.4405298 0.0146468 0.1483587 0.0260333 0.9884824
1403636922.301666 6.0068612 -3.4276006 7.9588108 -0.0061636 0.1705465 0.0279979 0.9849325
1403636922.751667 6.0580597 -3.3666577 7.9327049 -0.0056481 0.2060140 0.0384143 0.9777784
1403636923.951666 6.1859283 -3.2222202 7.8577724 -0.0371318 0.2637659 0.0698671 0.9613363
1403636926.751667 7.3202348 -3.3277271 8.9782038 0.0117656 0.2811328 0.0828154 0.9560165
1403636926.901667 7.3821840 -3.3404160 9.0197430 0.0051088 0.2892077 0.0955645 0.9524706
1403636927.051666 7.4552984 -3.3544044 9.0496712 0.0049039 0.3090539 0.1082989 0.9448455
1403636928.851666 8.6711426 -3.3519530 9.6716948 -0.0149604 0.4080265 0.1220949 0.9046454
1403636930.201667 9.4951725 -3.6742258 9.9773722 0.0107396 0.4015326 0.1251944 0.9071839
1403636930.651666 9.7014093 -3.7750790 9.9755821 0.0082737 0.4047726 0.1182406 0.9067028
1403636930.801666 9.7597485 -3.7796686 9.9738474 0.0136982 0.4002022 0.1301296 0.9070374
1403636931.751667 10.0942688 -3.7475591 9.7457829 0.0114524 0.4567672 0.1055032 0.8832336
1403636934.201667 9.3162746 -3.5191386 9.0168457 0.0115558 0.5604458 0.1763995 0.8091045
1403636935.001667 8.9639759 -3.3969238 8.7529306 -0.0080042 0.6765051 0.2329691 0.6985714
1403636935.801666 8.6346960 -3.4361339 8.4334249 0.0071167 0.6668695 0.2277413 0.7094845
1403636936.001667 8.5536871 -3.3707738 8.3586721 -0.0124946 0.6598769 0.2429947 0.7108867
1403636937.251667 8.4634447 -3.1179159 7.8778186 0.0010519 0.6781511 0.2243899 0.6998279
1403636938.401667 8.3925333 -2.8111215 7.6744046 0.0401617 0.6977419 0.2247384 0.6789963
1403636939.001667 8.1428699 -2.7251205 7.4793034 0.0107763 0.7002442 0.2433108 0.6710750
1403636939.651666 7.8676167 -2.5716321 7.1556988 0.0220616 0.7002283 0.2185162 0.6792969
1403636939.801666 7.7912002 -2.5513637 7.0762906 0.0255802 0.7005665 0.2158656 0.6796722
1403636940.001667 7.6781831 -2.5048735 6.9720101 0.0265421 0.7014195 0.2243251 0.6760063
1403636940.601666 7.2770820 -2.2541161 6.6673379 0.0195029 0.7174596 0.2483677 0.6505267
1403636940.801666 7.1329389 -2.1913507 6.5441165 0.0024147 0.7184638 0.2539928 0.6475273
1403636940.951666 7.0357537 -2.1625316 6.4394984 -0.0052817 0.7194234 0.2527909 0.6469148
1403636941.401667 6.7772436 -2.1434903 6.1216683 0.0067620 0.7216040 0.2366426 0.6505706
1403636942.351666 6.2585359 -2.0218558 5.5410337 0.0153792 0.7114918 0.2431413 0.6591095
1403636942.701667 6.0745831 -1.9185762 5.3317318 0.0106839 0.7115645 0.2551974 0.6545503
1403636942.901667 5.9725208 -1.8455911 5.2046652 0.0062359 0.7162128 0.2479271 0.6523285
1403636943.101666 5.8803654 -1.8091649 5.0622597 0.0076702 0.7211255 0.2396364 0.6499950
1403636943.251667 5.8110218 -1.7840316 4.9588771 0.0106821 0.7232906 0.2378891 0.6481863
1403636943.601666 5.6424727 -1.6854692 4.7390695 0.0098317 0.7296593 0.2327353 0.6429113
1403636943.801666 5.5390506 -1.5990521 4.6325798 0.0090562 0.7317317 0.2299378 0.6415726
1403636943.951666 5.4580021 -1.5260531 4.5680451 0.0019104 0.7221555 0.2388019 0.6492007
1403636944.101666 5.3743563 -1.4441249 4.5099225 -0.0161471 0.7073636 0.2538723 0.6594883
1403636945.501667 4.9957461 -1.3128096 4.0559745 0.0031539 0.6906806 0.2112564 0.6916077
1403636945.701667 4.9229650 -1.3049530 4.0420966 -0.0108003 0.6877856 0.2275885 0.6892298
1403636946.001667 4.8409424 -1.2590724 4.0485649 -0.0183489 0.6893902 0.2326520 0.6857678
1403636946.251667 4.8005228 -1.1986433 4.0850439 -0.0065889 0.6966963 0.2222806 0.6820280
1403636946.751667 4.7195024 -1.0035068 4.2253747 0.0109733 0.6989654 0.2346845 0.6754630
1403636947.301666 4.6061621 -0.8146164 4.2815003 -0.0107938 0.6923680 0.2601838 0.6729149
1403636947.451666 4.5862803 -0.7760896 4.2603297 -0.0322466 0.6918582 0.2617523 0.6721444
1403636947.851666 4.6512570 -0.7563509 4.1721072 -0.0228604 0.7017574 0.2368371 0.6715074
1403636948.201667 4.7589216 -0.7058620 4.1456900 -0.0295470 0.6991552 0.2359532 0.6742664
1403636950.151666 5.5541277 -0.6844556 4.8637295 -0.0078934 0.6766757 0.2502544 0.6924019
1403636950.351666 5.6292853 -0.6960900 4.9092150 -0.0122789 0.6811264 0.2406254 0.6913867
1403636950.601666 5.7419319 -0.6892332 4.9784546 -0.0136014 0.6904995 0.2151075 0.6904739
1403636951.301666 6.0338955 -0.8075432 5.1941938 -0.0008328 0.6793508 0.2389296 0.6938260
1403636951.751667 6.2383237 -0.8262629 5.3302512 -0.0157071 0.6819150 0.2341307 0.6927684
1403636951.951666 6.3553023 -0.8552913 5.3885984 -0.0147239 0.6874607 0.2192742 0.6921704
1403636952.701667 6.7722983 -0.8822810 5.7054486 0.0084943 0.6887925 0.2117173 0.6933026
1403636953.251667 7.0003023 -0.8554227 5.9534011 0.0024043 0.6773783 0.2467356 0.6930183
1403636953.801666 7.2767901 -0.8525589 6.1273632 -0.0223919 0.6826648 0.2206125 0.6962740
1403636954.401667 7.6279101 -1.0160648 6.3508391 -0.0176151 0.6787409 0.2281151 0.6978281
1403636955.701667 8.5320282 -1.2108901 7.1287026 -0.0052910 0.7127017 0.2231297 0.6650123
1403636956.001667 8.7132673 -1.2909408 7.3451014 0.0067138 0.7108050 0.2370103 0.6622216
1403636956.251667 8.8504829 -1.3885760 7.5010605 0.0236060 0.7080601 0.2523893 0.6590852
1403636956.501667 8.9780922 -1.4300855 7.6374207 0.0017734 0.7166248 0.2320122 0.6577356
1403636956.801666 9.1123295 -1.4608376 7.8174057 0.0275503 0.6840515 0.2314389 0.6911950
1403636957.101666 9.1939344 -1.5096636 7.9534817 0.0131629 0.6249260 0.2027833 0.7537726
1403636962.051666 9.4008656 -1.9728899 9.4082766 0.0001782 0.1286935 0.0167659 0.9915426
1403636962.251667 9.3382492 -2.0273526 9.4394245 0.0008870 0.0842451 -0.0001141 0.9964446
1403636962.651666 9.1962967 -2.1948504 9.4636106 0.0005827 -0.0069207 -0.0510460 0.9986721
1403636963.101666 8.9917564 -2.3147359 9.4761333 0.0176328 -0.0526122 -0.0596876 0.9966737
1403636963.701667 8.6661673 -2.3071783 9.4428368 0.0044344 -0.0372946 -0.0447994 0.9982898
1403636964.251667 8.3591852 -2.4025383 9.2911816 0.0101004 -0.0287796 -0.0458568 0.9984823
1403636965.151666 7.7180619 -2.3412461 8.9235640 0.0163134 -0.1373763 -0.0965077 0.9856713
1403636965.401667 7.4872828 -2.3502579 8.7499323 -0.0298051 -0.1616976 -0.1109676 0.9801284
1403636965.651666 7.2276297 -2.4303524 8.5953684 -0.0266092 -0.1734101 -0.0884538 0.9805084
1403636965.901667 6.9912372 -2.5186262 8.4819937 0.0047310 -0.1726200 -0.0798690 0.9817336
1403636966.401667 6.5249252 -2.5502000 8.2534876 0.0138330 -0.1619870 -0.0807332 0.9833875
1403636968.601666 5.3643928 -1.7182266 6.7963595 0.0183631 -0.1446989 -0.0768920 0.9863126
1403636969.001667 5.2127652 -1.5653520 6.3740859 0.0178166 -0.1420077 -0.0821133 0.9862930
1403636969.301666 5.0885906 -1.4886683 6.0159912 -0.0034010 -0.1432855 -0.0761114 0.9867445
1403636969.601666 4.9628510 -1.4573852 5.6506934 -0.0179879 -0.1383314 -0.0805334 0.9869424
1403636969.951666 4.8179193 -1.3673034 5.3006997 -0.0162515 -0.1373145 -0.0795914 0.9871909
1403636970.601666 4.5066228 -1.1294497 4.7777052 -0.0184999 -0.1402669 -0.0801222 0.9866931
1403636970.951666 4.3227472 -1.0726191 4.5273957 -0.0454081 -0.1418745 -0.0848920 0.9851919
1403636971.251667 4.1454601 -1.0210785 4.4062939 -0.0278216 -0.1547301 -0.0498272 0.9863071
1403636971.551666 4.0156465 -0.9417641 4.3551121 -0.0165657 -0.1589186 -0.0412578 0.9862902
1403636972.151666 3.9083452 -0.7532687 4.3230987 0.0079541 -0.1540298 -0.0659040 0.9858338
1403636972.451666 3.8941829 -0.7380025 4.2718763 -0.0104828 -0.1527300 -0.0663270 0.9859840
1403636973.901667 3.9431038 -0.6027152 4.1881185 0.0055351 -0.0943998 -0.0621290 0.9935784
1403636974.251667 3.9458735 -0.5774118 4.1708064 -0.0068699 -0.0622470 -0.0443789 0.9970500
1403636974.601666 3.9652698 -0.5125799 4.1840100 0.0014553 0.0380028 -0.0151183 0.9991622
1403636977.051666 4.2813787 -0.2897188 4.3295574 -0.0079172 0.3606049 0.1226390 0.9245870
1403636977.651666 4.5122170 -0.2279566 4.3310246 0.0088253 0.3507938 0.1084157 0.9301139
1403636978.301666 4.8139248 -0.0935576 4.3021960 -0.0011234 0.3662502 0.1129183 0.9236390
1403636978.951666 5.1497025 -0.1010023 4.2711225 -0.0259185 0.3700011 0.1171067 0.9212564
1403636979.501667 5.4598770 -0.0351314 4.4055896 -0.0257355 0.3704639 0.1153204 0.9213009
1403636980.051666 5.8014278 -0.1447077 4.6036310 -0.0149192 0.3808520 0.1088161 0.9180894
1403636980.601666 6.1197066 -0.1815346 4.9167252 0.0123124 0.3815670 0.1157771 0.9169791
1403636981.201667 6.3890920 -0.2360460 5.2066770 0.0000994 0.3777580 0.1138468 0.9188786
1403636981.751667 6.6180091 -0.2405785 5.4467192 -0.0117517 0.3900096 0.1100215 0.9141388
1403636982.301666 6.8540959 -0.3691212 5.7062435 -0.0379717 0.3879702 0.1387190 0.9103814
1403636983.401667 7.6370220 -0.6105556 6.4060583 -0.0023670 0.3906177 0.1092100 0.9140489
1403636983.951666 7.9969263 -0.7218012 6.7654281 -0.0251176 0.3965083 0.1161364 0.9103091
1403636984.551666 8.4046345 -0.9274634 7.2366734 -0.0090065 0.4055076 0.1118934 0.9071727
1403636985.651666 8.9583073 -1.2551221 8.2052851 -0.0086383 0.3857233 0.0954674 0.9176213
1403636990.851666 7.4022050 -1.7600331 8.0347290 -0.0026576 0.3513184 0.0946555 0.9314551
1403636991.351666 7.1201062 -1.5659828 7.6431904 -0.0036847 0.3529584 0.0953115 0.9307644
1403636991.851666 6.8381405 -1.5254508 7.2665005 0.0005208 0.3544973 0.1198671 0.9273421
1403636992.901667 6.3972836 -1.3831588 6.5618091 -0.0117527 0.3807684 0.1034356 0.9187918
1403636993.451666 6.1492572 -1.3371617 6.3026133 0.0094615 0.3396271 0.0972471 0.9354715
1403636994.601666 5.5446939 -1.2216347 5.6963034 0.0295358 0.2725683 0.0626260 0.9596416
1403636997.301666 3.9921987 -0.7622885 3.4621408 -0.0136271 0.1112329 0.0197286 0.9935051
1403636998.051666 3.7429626 -0.7558956 3.0790818 -0.0194691 0.1122805 0.0146479 0.9933778
1403636998.751667 3.5684035 -0.9537224 2.8820097 0.0079626 0.1212816 0.0152280 0.9924694
1403636999.851666 3.2127056 -1.0283375 2.6321383 0.0137865 0.1274145 0.0137127 0.9916589
1403637000.551666 2.8701155 -0.9481419 2.3946445 0.0077465 0.1301091 0.0074830 0.9914412
1403637001.301666 2.4245160 -0.8844083 2.0555177 0.0125449 0.1303189 0.0162121 0.9912602
1403637001.951666 2.0364430 -0.8339378 1.6862533 0.0008332 0.1333817 0.0223291 0.9908128
1403637002.551666 1.7121205 -0.6772473 1.3875294 -0.0025394 0.1369011 0.0135354 0.9904890
1403637003.151666 1.3801006 -0.6006209 1.1023687 -0.0014482 0.1403991 0.0208047 0.9898753
1403637004.351666 0.7422985 -0.3789732 0.6001161 -0.0096682 0.1371563 0.0221020 0.9902556
1403637005.201667 0.3985506 -0.3226247 0.2924148 -0.0048618 0.1484529 0.0367255 0.9882253
1403637005.651666 0.2968526 -0.1768866 0.1897203 -0.0068128 0.1449706 0.0288357 0.9889922
1403637008.301666 0.0454562 0.0521220 -0.0350448 -0.0273598 0.0370147 -0.0155869 0.9988185
1403637009.101666 0.0014646 0.0608061 0.0190448 -0.0101037 0.0410357 0.0102313 0.9990542
1403637009.401667 0.0433989 0.1021551 0.0625707 -0.0027845 0.0417914 -0.0145815 0.9990160
1403637009.701667 0.0626207 0.1109505 0.0524570 0.0404017 0.0118258 0.0142604 0.9990118
1403637010.001667 0.0643760 0.1119346 0.0525355 0.0406987 0.0127013 0.0195233 0.9988999
