1403636580.013556 0.0000000 0.0000000 0.0000000 0.0000000 0.0000000 0.0000000 1.0000000
1403636582.113555 0.0005703 0.0838800 0.0224238 -0.0287750 0.0166150 -0.0092276 0.9994052
1403636584.013556 0.0093895 0.1047397 0.0304895 -0.0472008 0.0217392 -0.0101102 0.9985977
1403636587.763556 0.1278988 -0.0156276 -0.0196832 -0.1722557 0.0346542 0.0227735 0.9841791
1403636588.163556 0.2100931 -0.0129686 -0.0102838 -0.1891301 0.0601093 0.0322130 0.9795811
1403636588.913555 0.1588673 -0.0079632 -0.0218928 -0.1858220 0.0451858 0.0316964 0.9810320
1403636589.963556 -0.1391398 0.0063954 -0.0552188 -0.1852462 -0.0096774 0.0080740 0.9826113
1403636590.063555 -0.1565506 0.0087023 -0.0567638 -0.1822952 -0.0174455 0.0074567 0.9830608
1403636590.213556 -0.1700679 0.0085365 -0.0588855 -0.1733855 -0.0245080 0.0066474 0.9845266
1403636591.013556 -0.0073288 -0.0000427 -0.0585409 -0.1815014 0.0101195 0.0100101 0.9832877
1403636591.163556 0.0359496 -0.0013981 -0.0534606 -0.1800381 0.0084913 0.0133392 0.9835325
1403636591.313555 0.0732295 -0.0011847 -0.0477147 -0.1832676 0.0122928 0.0157149 0.9828606
1403636593.613555 -0.1032633 0.0183351 -0.0176885 -0.1669778 -0.1027830 -0.0043685 0.9805789
1403636593.763556 -0.0844861 0.0369280 -0.0539856 -0.1800155 -0.0725093 0.0138951 0.9808893
1403636593.913555 -0.0457868 0.0507019 -0.0796036 -0.1741167 -0.0184880 0.0368267 0.9838625
1403636594.063555 0.0052572 0.0551458 -0.0933754 -0.1590989 0.0414879 0.0566997 0.9847596
1403636594.213556 0.0593835 0.0524088 -0.0914771 -0.1574400 0.0910271 0.0734650 0.9805762
1403636594.363556 0.1139183 0.0446362 -0.0687506 -0.1587947 0.1213250 0.0754564 0.9769191
1403636594.513556 0.1631807 0.0309098 -0.0292956 -0.1467688 0.1340335 0.0666976 0.9777758
1403636594.663556 0.1897459 0.0141658 0.0164987 -0.1324950 0.1321936 0.0676592 0.9799960
1403636596.313555 0.0824587 0.0837769 -0.1000324 -0.1544096 0.0593995 0.0312560 0.9857243
1403636596.463556 0.0477119 0.0864782 -0.1386806 -0.1462561 0.0605845 0.0291585 0.9869592
1403636596.613555 0.0130969 0.0891192 -0.1710208 -0.1417047 0.0573600 0.0210829 0.9880208
1403636596.813555 -0.0106030 0.0909451 -0.1816712 -0.1418250 0.0548891 0.0149296 0.9882560
1403636597.113555 0.0102375 0.0708001 -0.1056606 -0.1496653 0.0552911 0.0046072 0.9871788
1403636597.313555 0.0316501 0.0403347 -0.0276760 -0.1566330 0.0294925 -0.0063700 0.9871959
1403636598.813555 0.0164650 0.0852118 0.0394873 -0.1158502 -0.0904995 -0.0562909 0.9875323
1403636599.163556 0.0284078 0.1080270 0.1054267 -0.0457653 -0.1081571 -0.0431462 0.9921421
1403636599.663556 0.0316534 0.1246122 0.1456946 0.0073984 -0.0883307 -0.0325759 0.9955309
1403636600.763556 0.0358834 0.1275548 0.1461419 0.0363303 -0.0912637 -0.0185237 0.9949914
1403636624.463556 0.0408257 0.1285400 0.1440910 0.0197162 -0.0825744 -0.0188787 0.9962110
1403636624.913555 0.0753763 0.1346702 0.1235718 0.0038040 -0.0659488 -0.0531759 0.9963978
1403636625.163556 0.0935294 0.1128966 0.0940084 -0.0224314 -0.0630460 -0.0662202 0.9955586
1403636625.413555 0.0958729 0.0845853 0.0773306 -0.0130495 -0.0700412 -0.0545805 0.9959643
1403636625.613555 0.0948953 0.0912036 0.0835105 -0.0188566 -0.0717298 -0.0567654 0.9956289
1403636627.663556 0.1367757 -0.1084434 0.0520869 0.0054367 -0.0758263 -0.0437049 0.9961479
1403636627.913555 0.1592164 -0.0906729 0.0509154 -0.0210438 -0.0458806 -0.0396195 0.9979391
1403636628.113555 0.1746945 -0.0970842 0.0574779 -0.0158937 -0.0307831 -0.0364176 0.9987360
1403636629.463556 0.3555840 -0.2265064 0.1339530 0.0030766 0.0250546 0.0003613 0.9996813
1403636629.663556 0.3969554 -0.2219946 0.1649854 -0.0029857 0.0539798 0.0150707 0.9984238
1403636629.813555 0.4351648 -0.2112911 0.1945787 -0.0156679 0.0861265 0.0219691 0.9959188
1403636630.613555 0.6614770 -0.2794397 0.3707991 0.0009003 0.1511973 0.0289188 0.9880801
1403636635.263556 1.4422246 -0.7304455 1.8994910 -0.0048768 -0.0082123 -0.0302957 0.9994953
1403636635.463556 1.4665762 -0.7577557 1.9857429 -0.0095366 -0.0137936 -0.0220584 0.9996160
1403636635.663556 1.4930450 -0.8007538 2.0717025 -0.0087977 -0.0150433 -0.0161598 0.9997175
1403636636.413555 1.6394656 -1.0702721 2.3869910 0.0192413 -0.0059528 -0.0283746 0.9993944
1403636636.813555 1.7214017 -1.1746471 2.5408585 0.0300847 0.0037483 -0.0570009 0.9979137
1403636637.063555 1.7434390 -1.1929839 2.6215620 0.0191546 -0.0055140 -0.0406725 0.9989737
1403636637.563555 1.7574396 -1.2214434 2.7623506 -0.0042622 -0.0145185 -0.0327137 0.9993502
1403636638.163556 1.7562286 -1.3497787 2.9133582 0.0122408 -0.0198291 -0.0315978 0.9992290
1403636638.563555 1.7599437 -1.3514240 3.0347304 -0.0296869 -0.0280769 -0.0122230 0.9990901
1403636638.763556 1.7713616 -1.3656795 3.1071894 -0.0218502 -0.0238129 -0.0265275 0.9991255
1403636639.163556 1.8031762 -1.4536335 3.2600050 -0.0055290 -0.0337512 -0.0028893 0.9994108
1403636639.363556 1.8335632 -1.4678044 3.3515649 -0.0066265 -0.0314936 -0.0087906 0.9994434
1403636639.763556 1.9175541 -1.4727521 3.5533400 0.0102700 -0.0227647 -0.0383837 0.9989510
1403636641.963556 2.1866889 -1.6532416 4.1903501 0.0139991 -0.0539824 -0.0442555 0.9974625
1403636642.163556 2.2067199 -1.6861181 4.2136822 0.0175571 -0.0368980 -0.0392048 0.9983953
1403636643.113555 2.2904804 -1.7013336 4.3136415 0.0002389 -0.0016215 -0.0199192 0.9998003
1403636644.513556 2.4529104 -1.8425771 4.6136522 0.0131124 -0.0166584 0.0052596 0.9997614
1403636644.713556 2.4989564 -1.8336190 4.6957669 0.0193194 -0.0145119 -0.0005157 0.9997079
1403636644.913555 2.5544872 -1.8070689 4.7753057 0.0145456 -0.0031732 -0.0261184 0.9995480
1403636646.213556 2.8560491 -1.9577612 5.4071960 0.0042734 0.0320818 0.0067775 0.9994531
1403636646.413555 2.9220245 -2.0204022 5.5089860 0.0189916 0.0805275 0.0329676 0.9960260
1403636646.613555 2.9880445 -2.0697541 5.6108713 0.0312155 0.1249984 0.0343941 0.9910691
1403636647.613555 3.3028045 -2.3047881 5.9289532 0.0300989 0.1411452 0.0448333 0.9885151
1403636647.813555 3.3631334 -2.3373659 5.9717517 0.0255851 0.1471937 0.0423187 0.9878707
1403636648.013556 3.4334986 -2.3542676 6.0051279 0.0225287 0.1684876 0.0469971 0.9843250
1403636649.013556 3.7827592 -2.2919853 6.0832930 -0.0121685 0.3432575 0.1144152 0.9321671
1403636649.513556 3.9439771 -2.3879969 6.0519581 0.0118548 0.3375348 0.0992056 0.9359958
1403636649.913555 4.0538177 -2.4908824 6.0052066 0.0292201 0.3531238 0.1035974 0.9293639
1403636650.813555 4.2241430 -2.4371786 5.8798685 0.0103230 0.4829880 0.1577027 0.8612467
1403636651.813555 4.2800646 -2.4207544 5.6683435 0.0316057 0.4805611 0.1553659 0.8625100
1403636652.013556 4.2770696 -2.3895738 5.6192675 0.0411678 0.5039878 0.1706822 0.8456767
1403636653.063555 4.2791276 -2.1851103 5.2854972 -0.0077179 0.6472751 0.2327189 0.7258218
1403636653.363556 4.3226228 -2.1481919 5.1987472 0.0106754 0.6466542 0.2095127 0.7333682
1403636653.963556 4.3763962 -2.1248193 5.0343809 0.0198028 0.6372542 0.1984348 0.7444048
1403636655.413555 4.2667732 -1.9957875 4.7120166 0.0312486 0.7276270 0.2330934 0.6443989
1403636655.563555 4.2330275 -1.9802753 4.6857414 0.0292458 0.7372183 0.2404271 0.6307525
1403636656.063555 4.1075344 -1.8681940 4.5952468 0.0196887 0.7746487 0.2855566 0.5639053
1403636656.163556 4.0818005 -1.8471721 4.5714417 0.0167035 0.7817261 0.2871048 0.5533500
1403636656.263556 4.0579944 -1.8329740 4.5426173 0.0116604 0.7859510 0.2887041 0.5466214
1403636656.963556 3.9186692 -1.7919018 4.3113232 0.0231428 0.7946599 0.2567714 0.5495894
1403636657.213556 3.8575692 -1.7467161 4.2469654 0.0338985 0.7908478 0.2589836 0.5534783
1403636657.513556 3.7590725 -1.7020427 4.1638060 0.0269610 0.7818479 0.2838695 0.5544413
1403636657.963556 3.6026824 -1.5970577 4.0301204 0.0306461 0.7806062 0.3020903 0.5463115
1403636658.263556 3.4984374 -1.5364155 3.9014528 0.0090321 0.7887192 0.2915018 0.5411720
1403636658.413555 3.4519160 -1.5021459 3.8319736 0.0018203 0.7908774 0.2889716 0.5394488
1403636658.663556 3.3858659 -1.4366978 3.7222962 -0.0123565 0.7948842 0.2804033 0.5379410
1403636659.213556 3.2880905 -1.2798418 3.5440331 0.0102270 0.8024718 0.2595956 0.5371634
1403636659.463556 3.2404075 -1.2163184 3.4911602 0.0007698 0.7981117 0.2714998 0.5378708
1403636659.563555 3.2227845 -1.1994848 3.4691525 -0.0007184 0.7975905 0.2733100 0.5377272
1403636659.663556 3.2060714 -1.1822071 3.4498668 -0.0000550 0.7993577 0.2700208 0.5367644
1403636659.963556 3.1565976 -1.1144427 3.4113300 -0.0016731 0.8014833 0.2714489 0.5328577
1403636660.063555 3.1397457 -1.0870730 3.4047308 -0.0064900 0.7995330 0.2788626 0.5319214
1403636660.363556 3.1063519 -1.0026320 3.3955610 -0.0212930 0.7943370 0.2959097 0.5301063
1403636660.513556 3.1036801 -0.9731373 3.3889709 -0.0274912 0.7914099 0.3037907 0.5297412
1403636661.463556 3.2089884 -0.7638585 3.4716587 0.0053363 0.8059750 0.2597820 0.5318732
1403636661.613555 3.2203033 -0.7540019 3.5029712 0.0068401 0.8036312 0.2655874 0.5325350
1403636662.513556 3.1934202 -0.8278331 3.6606386 -0.0070633 0.8013890 0.2716650 0.5328451
1403636662.813555 3.1734393 -0.8327562 3.7328703 0.0223134 0.7948795 0.2936325 0.5305173
1403636663.263556 3.1523223 -0.7986577 3.8022032 0.0081311 0.7906621 0.3097771 0.5280394
1403636663.713556 3.1816242 -0.7228634 3.8221960 -0.0407938 0.7930969 0.3011477 0.5278668
1403636664.263556 3.3793254 -0.7064879 3.8803275 -0.0212243 0.8034542 0.2528934 0.5385683
1403636664.463556 3.4703801 -0.7044155 3.9361844 -0.0060864 0.7997772 0.2519963 0.5448095
1403636664.813555 3.6164763 -0.6947630 4.0670381 0.0046857 0.7901809 0.2557694 0.5569328
1403636664.963556 3.6703393 -0.7077608 4.1205826 0.0028310 0.7861003 0.2588146 0.5612960
1403636665.163556 3.7393711 -0.7406102 4.1910028 -0.0038452 0.7784970 0.2730632 0.5651230
1403636666.563555 4.1824064 -1.0139335 4.6611199 0.0238288 0.7821773 0.2711574 0.5604503
1403636666.763556 4.2158909 -1.0488696 4.7201042 0.0025041 0.7787112 0.2751293 0.5638319
1403636668.613555 4.6393285 -1.1244690 5.1303816 -0.0055845 0.7836514 0.2757514 0.5566153
1403636668.863556 4.7200170 -1.1060292 5.1932669 -0.0179859 0.7922933 0.2577233 0.5527446
1403636669.113555 4.8065810 -1.1240249 5.2649984 0.0008606 0.7939966 0.2548418 0.5519279
1403636669.513556 4.9268947 -1.1603816 5.4110508 0.0110752 0.7957796 0.2520177 0.5505445
1403636669.713556 4.9724813 -1.1709813 5.5010996 0.0221269 0.8002899 0.2352531 0.5510920
1403636670.163556 5.0006013 -1.2525330 5.6915145 0.0702537 0.7747982 0.2877359 0.5585340
1403636670.363556 4.9723268 -1.2892822 5.7388058 0.1000592 0.7628217 0.2905668 0.5689132
1403636670.963556 4.7201614 -1.3149989 5.6476035 0.1204682 0.6754934 0.2855977 0.6690516
1403636671.563555 4.2776189 -1.2531130 5.1205950 -0.0003747 0.5877810 0.2116928 0.7808326
1403636672.313555 3.9256668 -1.1655847 4.4595890 -0.0817309 0.5773034 0.1984137 0.7878279
1403636672.613555 3.9172156 -1.1630909 4.3134975 -0.0267265 0.5913827 0.1639773 0.7890904
1403636674.863556 4.1602764 -1.0763091 4.5993266 0.0001641 0.4691378 0.1787565 0.8648444
1403636678.463556 4.8405013 -1.4238330 6.1449008 0.0060560 0.0264244 -0.0105567 0.9995767
1403636679.463556 4.8091540 -1.5097512 6.3249803 0.0189454 -0.1983335 -0.0908623 0.9757299
1403636679.863556 4.7711053 -1.5607985 6.3351493 0.0187078 -0.2493493 -0.1126979 0.9616517
1403636680.063555 4.7606988 -1.6098565 6.3237057 0.0320959 -0.2444866 -0.1346889 0.9597161
1403636680.763556 4.6447673 -1.6516274 6.1648860 0.0225870 -0.2249551 -0.1427381 0.9635927
1403636681.013556 4.5616145 -1.6180041 6.0712662 -0.0115168 -0.2345071 -0.1065624 0.9661875
1403636682.613555 3.9964554 -1.4390191 5.5798807 0.0100427 -0.2412522 -0.1166247 0.9633770
1403636682.863556 3.9081666 -1.4077113 5.4973655 0.0218109 -0.2378743 -0.1126150 0.9644988
1403636683.413555 3.7202709 -1.3373650 5.2785492 0.0171946 -0.2396646 -0.1132058 0.9640797
1403636684.813555 3.3076906 -1.1228046 4.7104325 0.0178248 -0.2630025 -0.1033651 0.9590765
1403636689.613555 2.4773016 -0.2413977 3.1032717 -0.0121816 -0.2906411 -0.1270135 0.9482863
1403636689.813555 2.4286041 -0.2554667 3.0559340 -0.0301691 -0.2938096 -0.1158639 0.9483361
1403636690.063555 2.3759604 -0.2691719 3.0257971 -0.0267221 -0.2955533 -0.1004503 0.9496546
1403636690.413555 2.3099375 -0.3024123 3.0343246 -0.0211789 -0.2837955 -0.1230984 0.9507146
1403636690.913555 2.2231119 -0.3533731 3.1228366 -0.0099009 -0.3047090 -0.0627910 0.9503219
1403636691.113555 2.2256610 -0.3602032 3.1889167 0.0217860 -0.3111788 -0.0481388 0.9488813
1403636691.313555 2.2726693 -0.3862238 3.2482946 0.0492169 -0.3026473 -0.0802883 0.9484388
1403636692.213556 2.6545842 -0.5810484 3.3622308 0.0194921 -0.2950667 -0.1273958 0.9467450
1403636692.913555 2.9437087 -0.7995121 3.3408892 0.0073030 -0.2736112 -0.1636975 0.9477798
1403636693.263556 3.0334535 -0.8806420 3.3145816 -0.0017718 -0.2823592 -0.1458477 0.9481553
1403636693.613555 3.0860012 -0.9189631 3.3074012 -0.0393183 -0.2870031 -0.1397095 0.9468709
1403636693.963556 3.0995524 -0.9534804 3.3521974 -0.0063714 -0.2926504 -0.1318211 0.9470683
1403636695.013556 3.1039596 -1.0252900 3.5163496 -0.0011059 -0.2980704 -0.1102522 0.9481547
1403636696.413555 3.1464581 -1.0555867 3.7121964 0.0178196 -0.2751592 -0.1273196 0.9527642
1403636697.213556 3.1453447 -1.0272539 3.7230680 0.0268734 -0.2607541 -0.1562428 0.9522989
1403636698.563555 2.9038072 -0.9911655 3.4633923 0.0025885 -0.1199787 -0.0774770 0.9897453
1403636700.363556 2.6567013 -0.7747392 3.3107641 0.0063761 0.2272584 0.0889203 0.9697454
1403636701.113555 2.7519906 -0.5964400 3.2709014 -0.0045175 0.2870983 0.0965108 0.9530162
1403636702.513556 3.0151925 -0.5091715 3.2030487 -0.0036247 0.3808825 0.1217295 0.9165682
1403636703.663556 3.2928755 -0.3494653 3.3145144 0.0035023 0.3843788 0.1197798 0.9153652
1403636704.163556 3.4216726 -0.3440593 3.3387413 0.0106591 0.3744463 0.1266323 0.9184991
1403636705.163556 3.7304521 -0.3192319 3.4705567 -0.0275204 0.3688908 0.1154488 0.9218643
1403636705.563555 3.8898127 -0.3480189 3.6120365 -0.0162990 0.3701516 0.1095666 0.9223434
1403636705.913555 4.0268264 -0.3694586 3.7649987 0.0007672 0.3685359 0.1158703 0.9223637
1403636706.713556 4.3461008 -0.4324299 4.0773072 -0.0079998 0.3673365 0.1001713 0.9246435
1403636707.113555 4.4877405 -0.5084566 4.2385983 -0.0075473 0.3742767 0.1043825 0.9213926
1403636708.163556 4.8483224 -0.7840500 4.7512684 0.0005297 0.3717600 0.1152521 0.9211467
1403636708.613555 5.0244327 -0.8131605 5.0003219 0.0256181 0.3614739 0.1322483 0.9226000
1403636709.463556 5.2912836 -0.8992540 5.3310223 0.0052678 0.3924006 0.0996529 0.9143650
1403636710.563555 5.3302937 -1.0067321 5.8286061 0.0188665 0.3463487 0.1210145 0.9300764
1403636711.663556 5.2412810 -1.0694073 6.2250714 0.0434552 0.2689117 0.0487120 0.9609502
1403636712.013556 5.1399922 -1.1145629 6.2777152 0.0292075 0.2664764 0.0763850 0.9603658
1403636712.363556 5.0260615 -1.1784338 6.2865314 0.0266486 0.2519124 0.0588959 0.9655886
1403636714.013556 4.3356962 -1.3649311 5.9114017 0.0150479 0.2042789 0.0668435 0.9765120
1403636714.463556 4.1970992 -1.3311435 5.7567043 0.0082556 0.2120885 0.0681244 0.9748381
1403636714.913555 4.0886769 -1.2753490 5.6157942 -0.0106313 0.1443918 0.0331179 0.9889091
1403636717.813555 3.8113995 -1.1013309 4.8928390 0.0118857 -0.0219518 -0.0540599 0.9982256
1403636718.463556 3.6319478 -1.0072074 4.6787724 0.0050920 -0.1228453 -0.0672926 0.9901287
1403636718.963556 3.4874971 -0.8791601 4.5543447 0.0044105 -0.1691444 -0.0823112 0.9821383
1403636721.013556 3.1875558 -0.5823736 4.0398088 0.0043583 -0.1346030 -0.0597623 0.9890862
1403636722.313555 3.2227266 -0.4651033 3.7968185 0.0117627 -0.0449455 -0.0400716 0.9981161
1403636723.513556 3.1991186 -0.3700663 3.5301535 0.0179869 -0.0110397 -0.0357611 0.9991375
1403636728.213556 2.9546185 -0.5662466 2.5858178 0.0171537 0.0937746 0.0005775 0.9954455
1403636729.263556 2.7753608 -0.5264050 2.3370147 0.0190518 0.0296441 -0.0198281 0.9991822
1403636730.113555 2.6100161 -0.4597808 2.0711205 0.0042554 0.0240380 -0.0165778 0.9995645
1403636730.963556 2.4379566 -0.4030218 1.8764262 -0.0169812 0.0175719 -0.0045770 0.9996909
1403636731.863556 2.3753653 -0.3682482 1.8062699 0.0095855 0.0210550 -0.0043238 0.9997230
1403636733.463556 2.2890944 -0.2340941 1.5191267 0.0123903 0.0168393 -0.0223476 0.9995316
1403636734.963556 1.9759722 -0.1734352 1.0466124 -0.0017487 0.0071537 -0.0198595 0.9997756
1403636737.563555 1.5137070 -0.1676218 0.6627109 0.0009377 -0.0507785 -0.0389524 0.9979496
1403636738.163556 1.4154135 -0.2365695 0.5762606 -0.0021651 -0.0521096 -0.0271610 0.9982696
1403636739.763556 1.5019671 -0.1933422 0.6290014 0.0097886 0.2290259 0.0700089 0.9708502
1403636740.313555 1.5788482 -0.1263424 0.6566341 0.0092492 0.2369213 0.0564422 0.9698438
1403636740.863556 1.6376932 -0.0280804 0.6834860 0.0102039 0.2207586 0.0664197 0.9730108
1403636741.363556 1.6821185 0.1033508 0.7043452 0.0163664 0.2402370 0.0681846 0.9681783
1403636742.613555 1.7546737 0.2896174 0.7722610 0.0060873 0.2294868 0.0655866 0.9710804
1403636743.213556 1.7969412 0.3665916 0.8342808 -0.0182348 0.2362768 0.0804222 0.9681803
1403636743.813555 1.8965358 0.4114609 0.9624467 0.0006740 0.2542239 0.0745177 0.9642701
1403636744.413555 2.0131702 0.5421554 1.1574901 0.0214616 0.2846519 0.0934963 0.9538192
1403636744.963556 2.1090958 0.7589363 1.3130156 0.0195301 0.2852903 0.0878659 0.9542052
1403636745.463556 2.1947515 0.8727868 1.3894506 0.0162510 0.2697736 0.0766822 0.9597281
1403636745.963556 2.2590497 0.8700891 1.4272939 0.0183729 0.2966798 0.0723377 0.9520561
1403636746.813555 2.1913362 0.7831743 1.4393045 -0.0121545 0.2892688 0.1094687 0.9508904
1403636748.613555 2.0999777 0.4530591 1.5983723 0.0098574 0.3120294 0.0918649 0.9455693
1403636750.163556 2.1600692 0.2312526 1.6087718 0.0331118 0.3167136 0.0853581 0.9440922
1403636751.713556 1.9642396 -0.1433455 1.3667902 0.0113494 0.2814370 0.1073441 0.9534892
1403636752.563555 1.9621438 -0.3311358 1.2971299 0.0157129 0.2237400 0.0597728 0.9726874
1403636753.363556 1.9425247 -0.3959816 1.2590870 0.0066773 0.0480055 -0.0335453 0.9982613
1403636755.063555 1.6065824 -0.3851074 1.0990921 0.0208223 -0.0523427 -0.0558236 0.9968503
1403636755.763556 1.3719535 -0.3514311 0.9185425 0.0011129 -0.0592005 -0.0563754 0.9966523
1403636756.463556 1.1056962 -0.3120318 0.7603992 0.0169121 -0.0618440 -0.0525243 0.9965593
1403636757.563555 0.6880586 -0.2036785 0.4232442 0.0067473 -0.0717021 -0.0621031 0.9954680
1403636758.063555 0.4768724 -0.2004433 0.2558021 -0.0059518 -0.1019100 -0.0656960 0.9926041
1403636758.463556 0.3076712 -0.1964327 0.1643799 -0.0031812 -0.1108256 -0.0532329 0.9924081
1403636758.863556 0.1685829 -0.1632637 0.1165671 -0.0050156 -0.1123836 -0.0418612 0.9927701
1403636759.213556 0.0790035 -0.1286801 0.1100199 0.0090600 -0.1209645 -0.0205930 0.9924018
1403636761.463556 -0.0056153 0.1216075 0.0458550 -0.0107510 -0.1099697 -0.0697373 0.9914271
1403636761.763556 -0.0400745 0.1148000 0.0539057 0.0097206 -0.1157307 -0.0485450 0.9920460
1403636762.063555 -0.0577173 0.1030297 0.0548458 0.0114711 -0.1084446 -0.0627686 0.9920526
1403636762.363556 -0.0758033 0.0952202 0.0491381 -0.0152650 -0.0992497 -0.0812638 0.9916213
1403636762.663556 -0.1138975 0.1138988 0.0669384 -0.0048543 -0.1212314 -0.0192032 0.9924266
1403636763.313555 -0.1018804 0.1507854 0.0703397 0.0208920 -0.0738041 -0.0087741 0.9970153
