1403715530.162143 -0.0027543 0.0090527 0.0022840 -0.0023852 0.0005493 -0.0011573 0.9999963
1403715530.512143 -0.0596767 -0.0829226 0.0017567 -0.0162825 -0.0039902 0.0007142 0.9998592
1403715531.362143 -0.2578966 -0.2662324 0.0202771 -0.0433828 -0.0934136 0.0179775 0.9945193
1403715531.462143 -0.2798121 -0.2851197 0.0330953 -0.0283221 -0.0958007 0.0206020 0.9947842
1403715531.762143 -0.3269318 -0.3150955 0.0860914 -0.0197538 -0.0967675 0.0145449 0.9950047
1403715531.962143 -0.3486389 -0.3244511 0.1221623 0.0056251 -0.0872752 -0.0006660 0.9961681
1403715532.562143 -0.3997161 -0.3411033 0.1826561 0.0039929 -0.1059140 0.0155748 0.9942453
1403715533.412143 -0.2730206 -0.2807597 0.1982570 0.0195985 -0.0044398 0.0710929 0.9972672
1403715533.612143 -0.1937430 -0.2790056 0.1705024 0.0003897 0.0155658 0.0922000 0.9956188
1403715533.712143 -0.1476394 -0.2876449 0.1501758 -0.0095743 0.0183156 0.1076791 0.9939709
1403715534.362143 0.2636974 -0.2921201 0.0177917 -0.0223218 0.0462218 0.0416041 0.9978148
1403715534.512143 0.3594972 -0.2673281 0.0016520 -0.0245339 0.0571879 0.0395801 0.9972768
1403715534.812143 0.5454478 -0.2078670 -0.0221088 -0.0391745 0.1136926 0.0590872 0.9909834
1403715535.312143 0.8316941 -0.1210178 -0.0121725 -0.0879382 0.2147283 0.0998647 0.9675668
1403715535.712143 1.0639420 -0.0924735 0.0624533 -0.0409093 0.2174041 0.1223137 0.9675233
1403715535.912143 1.1857439 -0.0773854 0.1099514 -0.0395567 0.1948101 0.0875177 0.9761275
1403715536.262143 1.3866508 -0.0604511 0.2064708 -0.0715617 0.1453631 0.0530490 0.9853600
1403715536.712143 1.5951842 -0.0909317 0.3878873 -0.0351264 0.1371431 -0.0054284 0.9899133
1403715537.412143 1.6171035 -0.1986223 0.6186134 0.0962183 0.1255235 -0.0070589 0.9873885
1403715537.612143 1.5395032 -0.2196631 0.6112829 0.0226294 0.1076585 0.0557508 0.9923655
1403715538.112143 1.3528225 -0.2588528 0.5211560 0.0148876 0.1110895 0.0849202 0.9900637
1403715540.462143 0.8143323 0.0826000 -0.3795634 -0.0700509 0.5011042 0.2418180 0.8279562
1403715542.212143 1.6392059 0.1643759 -0.8255196 -0.0711707 0.5214977 0.1158712 0.8423472
1403715542.512143 1.7770350 0.1399998 -0.7891330 0.0082939 0.4508418 0.1171458 0.8848445
1403715542.912143 1.8775568 0.1173182 -0.7374693 -0.0041859 0.3941160 0.1344867 0.9091581
1403715543.762143 1.9545300 0.1724877 -0.7135471 0.0230306 0.4128461 0.1152341 0.9031881
1403715544.512143 1.7778438 0.3307332 -0.7512088 -0.0166904 0.6233727 0.2180574 0.7507190
1403715544.662143 1.7197183 0.3699229 -0.7490078 -0.0163153 0.6583080 0.2351712 0.7148839
1403715544.812143 1.6575450 0.3857883 -0.7530921 -0.0098278 0.6789426 0.2273240 0.6980431
1403715545.262143 1.4375169 0.3556117 -0.7812949 -0.0313223 0.6975679 0.2433804 0.6731893
1403715545.412143 1.3621943 0.3530459 -0.7831838 -0.0275154 0.7099163 0.2590430 0.6543382
1403715545.612143 1.2614460 0.3485570 -0.7878035 -0.0014905 0.7143332 0.2870747 0.6382115
1403715545.762143 1.1851411 0.3432267 -0.7993184 0.0049598 0.7129039 0.2937060 0.6367732
1403715545.912143 1.1074277 0.3427645 -0.8178512 -0.0053903 0.7056768 0.2824989 0.6497581
1403715546.062143 1.0294595 0.3422526 -0.8399642 -0.0215235 0.6865308 0.2590195 0.6790590
1403715546.212143 0.9501439 0.3405594 -0.8633227 -0.0279186 0.6490487 0.2387664 0.7217665
1403715546.362143 0.8721002 0.3367571 -0.8864458 -0.0280298 0.5977340 0.2227208 0.7696258
1403715546.512143 0.7933899 0.3297288 -0.9107487 -0.0295621 0.5394810 0.2079881 0.8153694
1403715546.762143 0.6634808 0.3173637 -0.9481485 -0.0539729 0.4339744 0.1765629 0.8818042
1403715547.012143 0.5507446 0.3077070 -0.9795309 -0.0809921 0.3240197 0.1450321 0.9313524
1403715547.262143 0.4594290 0.2926328 -0.9902444 -0.0851057 0.2241150 0.0900593 0.9666534
1403715547.512143 0.3746855 0.2707113 -0.9698358 -0.0951314 0.1338537 0.0541779 0.9849355
1403715547.762143 0.2939028 0.2416010 -0.9139916 -0.1013082 0.0414425 0.0144769 0.9938861
1403715548.012143 0.2119087 0.1993201 -0.8199612 -0.0779410 -0.0433804 -0.0123483 0.9959372
1403715548.262143 0.1159803 0.1445130 -0.6912569 -0.0257690 -0.0742458 -0.0285924 0.9964969
1403715548.462143 0.0371229 0.1142214 -0.5848435 -0.0156392 -0.0743650 -0.0325349 0.9965775
1403715548.812143 -0.1169873 0.0811519 -0.4001079 -0.0189707 -0.0651948 -0.0101581 0.9976405
1403715549.012143 -0.2034069 0.0616252 -0.2989324 -0.0150100 -0.0644308 -0.0054745 0.9977943
1403715549.362143 -0.3625267 0.0204490 -0.1332163 0.0276497 -0.0963272 -0.0059177 0.9949480
1403715549.762143 -0.5071829 -0.0090962 0.0095476 -0.0083567 -0.1146249 0.0446699 0.9923688
1403715549.912143 -0.5423418 -0.0259932 0.0610255 -0.0081945 -0.0867706 0.0700187 0.9937309
1403715550.962143 -0.3297969 -0.1708143 0.3593540 -0.0163263 0.2881638 0.2029386 0.9356874
1403715551.262143 -0.1744959 -0.1775846 0.4040326 -0.0082999 0.3926505 0.2295157 0.8905500
1403715551.562143 0.0211251 -0.1921523 0.4011159 0.0100134 0.4925525 0.2664514 0.8284295
1403715551.862143 0.2321281 -0.1951452 0.3416333 0.0292118 0.6044412 0.2453358 0.7573690
1403715552.262143 0.4488535 -0.1720811 0.2135144 0.0233508 0.7264295 0.2266187 0.6483818
1403715552.562143 0.5411487 -0.1519241 0.1065301 0.0252858 0.8070528 0.2262235 0.5448388
1403715552.812143 0.5646796 -0.1365697 0.0345454 0.0438868 0.8636300 0.2516438 0.4346177
1403715553.262143 0.4676726 -0.1031846 -0.0814679 0.0692667 0.9238945 0.3041456 0.2216227
1403715554.262143 -0.1637578 -0.0475170 -0.1046589 -0.0369346 0.9158107 0.3998802 -0.0047375
1403715554.462143 -0.2813776 -0.0330134 -0.1047825 -0.1104710 0.9134534 0.3915271 0.0102779
1403715554.762143 -0.3976770 0.0307847 -0.1323437 -0.2862551 0.9137685 0.2836784 0.0511056
1403715554.962143 -0.3557984 0.0621692 -0.1346969 -0.2845527 0.9258960 0.2424360 0.0545085
1403715556.762143 0.2610326 -0.2048873 -0.0521634 -0.0226272 0.9328830 0.3519912 0.0729350
1403715557.012143 0.1914251 -0.1839032 -0.0745178 -0.0556213 0.9317204 0.3502175 0.0784294
1403715557.162143 0.1575817 -0.1695926 -0.0930416 -0.0434734 0.9215939 0.3778609 0.0774333
1403715557.312143 0.1270002 -0.1548096 -0.1218775 -0.0337658 0.9127596 0.4001995 0.0746335
1403715558.212143 0.0088182 -0.0368440 -0.5067123 -0.0455739 0.9355634 0.3473614 0.0445432
1403715558.662143 0.0031806 -0.0020128 -0.7372476 -0.0444436 0.9572285 0.2825976 0.0433226
1403715559.012143 0.0161613 0.0479274 -0.8581476 -0.0639229 0.9559116 0.2738454 0.0845904
1403715559.162143 0.0263449 0.0609768 -0.8884487 -0.0669987 0.9528378 0.2703827 0.1204342
1403715560.312143 0.2684879 0.1433657 -0.8269196 -0.0742321 0.8711857 0.3138787 0.3701423
1403715560.562143 0.3711461 0.1338007 -0.7913224 -0.0601192 0.8460228 0.3117906 0.4282728
1403715561.162143 0.6551229 0.1117980 -0.6985044 -0.0671706 0.7598920 0.2756691 0.5848580
1403715561.512143 0.8390332 0.0924669 -0.6356511 -0.0302907 0.7067453 0.2814269 0.6483768
1403715561.812143 0.9953358 0.0852204 -0.5956767 -0.0356099 0.6781153 0.2278828 0.6978259
1403715562.112143 1.1308351 0.0668022 -0.5468305 -0.0058707 0.6383445 0.1751433 0.7495376
1403715562.462143 1.2215317 0.0367026 -0.4773000 -0.0462847 0.6220671 0.1516725 0.7667370
1403715564.112143 1.0795596 -0.1095477 0.1615430 0.0343674 0.1507512 0.0713821 0.9853921
1403715565.612143 0.6476052 -0.2179362 0.0595767 0.0494950 -0.5078458 -0.1323444 0.8497811
1403715565.812143 0.6205553 -0.2301444 0.0120668 0.0490040 -0.5891637 -0.1615064 0.7901901
1403715565.962143 0.6137122 -0.2384295 -0.0279859 0.0451207 -0.6552559 -0.1871555 0.7304634
1403715566.262143 0.6256195 -0.2533855 -0.1077037 0.0494227 -0.7715124 -0.2283821 0.5917495
1403715566.562143 0.6719735 -0.2546061 -0.1742471 -0.0557622 0.8551670 0.2536615 -0.4485933
1403715566.812143 0.7241663 -0.2354095 -0.2058884 -0.0603472 0.9044368 0.2697427 -0.3249478
1403715566.912143 0.7549646 -0.2269925 -0.2158485 -0.0582831 0.9219725 0.2732530 -0.2681466
1403715567.212143 0.8618227 -0.2093871 -0.2240699 -0.0371817 0.9528047 0.2936758 -0.0673445
1403715567.312143 0.9027483 -0.2061527 -0.2198646 -0.0345358 0.9511003 0.3068930 0.0056638
1403715567.462143 0.9595489 -0.1967207 -0.2085159 -0.0437958 0.9389800 0.3204330 0.1171368
1403715567.612143 1.0151809 -0.1764380 -0.1894516 -0.0523721 0.9191410 0.3225442 0.2200050
1403715567.812143 1.0878918 -0.1394597 -0.1582332 -0.0498660 0.8866003 0.3007082 0.3478906
1403715568.212143 1.2256937 -0.0849165 -0.0781086 -0.0448482 0.7856684 0.2394743 0.5686527
1403715568.462143 1.2942475 -0.0663713 -0.0082657 -0.0314434 0.7008774 0.2132571 0.6799291
1403715568.762143 1.3416413 -0.0663089 0.0843487 -0.0272277 0.5839256 0.1756084 0.7921182
1403715569.812143 1.3191357 -0.1339287 0.4149515 -0.0001122 0.2373189 0.0702379 0.9688892
1403715571.712143 0.7487449 -0.0526811 0.3014283 -0.0322990 -0.4130750 -0.0817048 0.9064492
1403715571.962143 0.7055796 -0.0028014 0.2712937 -0.1301340 -0.4174109 -0.0528797 0.8977957
1403715572.212143 0.6656778 0.0177134 0.3143015 -0.1315569 -0.3994214 -0.1221815 0.8990145
1403715572.762143 0.4842999 0.0143302 0.4845743 0.0498835 -0.5041699 -0.1999663 0.8386524
1403715573.512143 0.2251507 -0.0493932 0.4812211 0.0044547 -0.7097431 -0.2190974 0.6695081
1403715573.712143 0.1669935 -0.0696401 0.4716179 0.0011566 -0.7464613 -0.2443632 0.6189352
1403715573.912143 0.1062096 -0.0895147 0.4660946 0.0065942 -0.7736689 -0.2909946 0.5627744
1403715574.112143 0.0393075 -0.1081172 0.4538894 0.0002313 0.8101813 0.3203695 -0.4908866
1403715574.312143 -0.0393587 -0.1251279 0.4350673 -0.0247273 0.8531458 0.3215351 -0.4100561
1403715574.562143 -0.1433465 -0.1374325 0.3983421 -0.0802951 0.8784662 0.3263015 -0.3396722
1403715574.812143 -0.2240818 -0.1363454 0.3407001 -0.0791629 0.8882831 0.3408565 -0.2974948
1403715575.062143 -0.2842897 -0.1314730 0.2590629 -0.0489723 0.9038723 0.3181845 -0.2817364
1403715575.312143 -0.3308573 -0.1284557 0.1669033 -0.0727267 0.9145003 0.2741208 -0.2885443
1403715575.512143 -0.3488894 -0.1232399 0.1034897 -0.0680784 0.9021410 0.2979097 -0.3045598
1403715575.762143 -0.3471282 -0.1193949 0.0222738 -0.1178809 0.8915002 0.2960600 -0.3219938
1403715575.962143 -0.3136307 -0.1135571 -0.0519856 -0.1009140 0.8893504 0.2991796 -0.3307022
1403715576.162143 -0.2567826 -0.1026164 -0.1317316 -0.0627804 0.8938361 0.2932221 -0.3333712
1403715576.362143 -0.1906996 -0.0895454 -0.2114112 -0.0542209 0.8992102 0.2807046 -0.3311888
1403715578.162143 0.7830465 0.0393087 -0.4611698 0.0542245 0.8428757 0.2608854 -0.4675030
1403715578.412143 0.8764040 0.0856918 -0.4140939 -0.0556524 -0.8011863 -0.2534123 0.5392454
1403715578.662143 0.9358970 0.1248660 -0.3448184 -0.0423755 -0.7342986 -0.3047687 0.6050833
1403715578.912143 0.9486595 0.1640095 -0.2843276 -0.0494766 -0.6962429 -0.3351203 0.6328446
1403715579.062143 0.9254361 0.1813420 -0.2630799 -0.0004661 -0.6968754 -0.3256670 0.6389878
1403715579.512143 0.8099924 0.2186734 -0.3301557 0.0856052 -0.7005126 -0.3028559 0.6404937
1403715579.912143 0.7297883 0.2705871 -0.5271044 0.0654307 -0.7176921 -0.2748725 0.6364605
1403715580.712143 0.6197526 0.4334181 -1.0181613 -0.0284828 -0.6239139 -0.1543684 0.7655655
1403715581.012143 0.5996182 0.4760411 -1.1473981 -0.0945421 -0.6126053 -0.1198773 0.7755037
1403715581.312143 0.5692005 0.4805233 -1.1850851 -0.0765261 -0.5997803 -0.1530485 0.7816544
1403715581.562143 0.5284442 0.4686964 -1.1664678 -0.0265637 -0.6244439 -0.1850343 0.7583709
1403715582.062143 0.4341009 0.4690423 -1.1152717 0.0465629 -0.7283856 -0.2510309 0.6358222
1403715582.862143 0.3338749 0.4663552 -1.1488721 0.0143622 -0.7475550 -0.2949896 0.5949256
1403715583.112143 0.2843706 0.4921429 -1.1793189 -0.0025371 -0.7320895 -0.3091842 0.6069956
1403715583.362143 0.2109919 0.5310209 -1.2275033 0.0311463 -0.7535135 -0.2321042 0.6143085
1403715583.612143 0.1456832 0.5650281 -1.2718388 0.0664607 -0.7748001 -0.1606448 0.6078331
1403715583.862143 0.1381076 0.5963625 -1.2910377 0.1276021 -0.7898169 -0.0892548 0.5932458
1403715584.062143 0.2105698 0.5914023 -1.2841527 0.0993008 -0.7959850 -0.0918906 0.5900028
1403715584.612143 0.6117164 0.4942564 -1.1462766 -0.0384736 -0.7610042 -0.2505139 0.5971894
1403715584.912143 0.7891003 0.4496973 -1.0302256 -0.0095593 -0.7409216 -0.3005394 0.6005164
1403715585.262143 0.9242675 0.3980270 -0.9350752 -0.0273824 -0.7185681 -0.3438381 0.6038919
1403715585.562143 0.9610067 0.3628280 -0.9102432 0.0128592 -0.7372634 -0.3086144 0.6008614
1403715587.712143 0.9939516 0.3553094 -0.9509133 -0.0177975 -0.7584679 -0.2101023 0.6166577
1403715588.062143 1.0260855 0.3188121 -0.9070632 0.0011855 -0.6810434 -0.1817682 0.7093228
1403715588.462143 1.0774478 0.3259031 -0.7938549 0.0357087 -0.5657237 -0.1285859 0.8137243
1403715588.862143 1.2000958 0.3574776 -0.6733153 -0.0118680 -0.4447102 -0.1259858 0.8866903
1403715589.212143 1.2922008 0.3798236 -0.5525970 -0.0703757 -0.3378297 -0.1399568 0.9280789
1403715589.862143 1.2664859 0.2074132 -0.2547955 -0.0490507 -0.2454769 -0.1037694 0.9625835
1403715590.212143 1.1651357 0.0449683 -0.0482160 0.0052013 -0.2588823 -0.0887673 0.9618073
1403715590.562143 1.0385333 -0.0869582 0.1224423 0.0138994 -0.3072020 -0.1583194 0.9382796
1403715591.312143 0.6344627 -0.3089638 0.3505710 0.0229553 -0.5774353 -0.2409247 0.7797415
1403715591.712143 0.3843852 -0.3743361 0.3987341 0.0347945 -0.7013545 -0.2896192 0.6503937
1403715592.112143 0.1239432 -0.3380330 0.4047103 0.0762628 -0.7823714 -0.3265246 0.5248435
1403715592.512143 -0.0869103 -0.2755420 0.3051495 -0.1257404 0.8580577 0.3327868 -0.3703771
1403715592.862143 -0.1653645 -0.2189756 0.1270597 -0.1251530 0.9045814 0.3395834 -0.2252828
1403715594.162143 0.0129520 0.0291578 -0.5591738 -0.0895546 0.8943166 0.2937637 0.3253933
1403715594.512143 0.1507936 0.0666314 -0.6428098 -0.0968904 0.8416089 0.2751031 0.4545601
1403715594.912143 0.3496586 0.0896560 -0.6712916 -0.0985538 0.7347811 0.2900647 0.6051829
1403715595.312143 0.6139472 0.1076149 -0.6639547 -0.0680719 0.6208189 0.2644795 0.7348474
1403715595.762143 0.9468387 0.1327819 -0.6490417 -0.0309410 0.4991212 0.1150049 0.8583091
1403715596.162143 1.1235652 0.1179401 -0.6116272 0.0776763 0.4103661 0.0058286 0.9085880
1403715596.612143 1.0504187 0.0499720 -0.6061966 -0.0995659 0.3100608 0.1141553 0.9385720
1403715597.012143 0.9725387 -0.0389505 -0.5168201 -0.1684091 0.2214094 0.1348064 0.9510223
1403715597.412143 0.9914369 -0.1688764 -0.2785518 -0.0615131 0.1840327 0.1244013 0.9730737
1403715597.812143 1.0526558 -0.2794047 -0.0078262 -0.0044784 0.1006875 0.0687606 0.9925291
1403715598.162143 1.1165160 -0.3619166 0.1988226 0.0213498 0.0733481 0.0404534 0.9962569
1403715598.462143 1.1637307 -0.3940813 0.3434032 0.0917515 0.0757427 0.0434043 0.9919479
1403715598.812143 1.2065421 -0.3805718 0.4080114 0.0592250 0.0818509 0.0474009 0.9937535
1403715599.212143 1.2297273 -0.3131037 0.3938822 0.0051032 0.0849781 0.0440110 0.9953973
1403715599.512143 1.2395607 -0.2412060 0.3691607 -0.0035512 0.0705025 0.0874402 0.9936655
1403715600.712143 1.3367293 0.0653956 0.1582719 -0.0528884 -0.0889277 -0.0375161 0.9939252
1403715601.162143 1.2447891 0.0673042 0.1013581 -0.0230606 -0.2242637 -0.0858923 0.9704620
1403715602.012143 0.9611444 -0.0601574 0.0097143 0.0291177 -0.2332985 -0.0699970 0.9694454
1403715602.412143 0.8215405 -0.0826402 -0.0637759 0.0272339 -0.1514070 -0.0271789 0.9877224
1403715602.962143 0.6608794 -0.0342546 -0.1949569 -0.0222091 0.0020042 0.0000865 0.9997513
1403715603.862143 0.3483192 0.1331852 -0.3109612 -0.0273673 0.1124425 0.1134822 0.9867774
1403715604.262143 0.2811635 0.1455058 -0.3390520 -0.0566697 0.1232681 0.0785317 0.9876367
1403715604.662143 0.2503341 0.1521783 -0.3193578 -0.0307822 0.1295131 0.0653424 0.9889435
1403715605.062143 0.2191590 0.1531246 -0.2811803 -0.0315112 0.1302949 0.0608095 0.9891069
1403715605.462143 0.1839497 0.1367962 -0.2373786 -0.0190403 0.1181656 0.0726803 0.9901474
1403715605.862143 0.1600870 0.1518305 -0.1818796 -0.0215545 0.1163998 0.0613752 0.9910699
1403715606.312143 0.1365060 0.1755462 -0.1158298 -0.0158821 0.1091854 0.0612086 0.9920080
1403715606.712143 0.1169166 0.1714612 -0.0690872 -0.0082423 0.0930474 0.0791543 0.9924761
1403715607.062143 0.1179664 0.1829311 -0.0400541 0.0035180 0.0952523 0.0565628 0.9938387
1403715607.362143 0.1179721 0.1987720 -0.0303222 -0.0075711 0.0961104 0.0470395 0.9942297
1403715607.662143 0.1087671 0.2067297 -0.0314179 -0.0103556 0.0998230 0.0453130 0.9939190
1403715608.212143 0.0929766 0.2189460 -0.0346039 -0.0158254 0.0993222 0.0399289 0.9941279
1403715608.662143 0.0931104 0.2193141 -0.0344955 -0.0158084 0.0991559 0.0410439 0.9940994
