1403715278.812143 0.0000000 0.0000000 0.0000000 0.0000000 0.0000000 0.0000000 1.0000000
1403715279.062143 -0.0051265 -0.0412141 0.0059491 0.0047038 0.0000817 -0.0003478 0.9999889
1403715279.112143 -0.0058496 -0.0446858 0.0081254 0.0046168 0.0002455 -0.0005444 0.9999892
1403715285.062143 0.0331658 -0.1722768 0.5557605 0.0063896 0.6591394 0.2225996 0.7182923
1403715285.712143 0.0511547 -0.2339671 0.5402841 -0.0004486 0.7014914 0.2776148 0.6563838
1403715285.862143 0.0564755 -0.2544011 0.5233905 -0.0042010 0.7059262 0.2720544 0.6539395
1403715286.462143 0.1015517 -0.3048863 0.4498909 -0.0223401 0.7117100 0.2608502 0.6518642
1403715286.712143 0.1325682 -0.3168750 0.4231637 -0.0147972 0.7227799 0.2527227 0.6430409
1403715287.662143 0.2677609 -0.3578958 0.3647071 0.0019530 0.7625973 0.2755182 0.5852616
1403715288.262143 0.3273282 -0.3824492 0.3102405 0.0020222 0.8360615 0.2887196 0.4665170
1403715288.512143 0.3388349 -0.3671666 0.2967627 0.0012003 0.8439617 0.2930067 0.4493042
1403715289.412143 0.3391309 -0.3090099 0.2454813 -0.0241706 0.8665832 0.3021695 0.3964126
1403715290.762143 0.4756185 -0.2357289 0.1888168 -0.0143226 0.8734715 0.3183776 0.3680735
1403715291.062143 0.5332147 -0.2321524 0.1635983 0.0053725 0.8772202 0.3178405 0.3597682
1403715291.412143 0.5876940 -0.2167442 0.1298387 0.0251140 0.8845813 0.3244707 0.3340718
1403715291.862143 0.6209188 -0.1732583 0.0672396 0.0048508 0.8941971 0.3357628 0.2960597
1403715292.012143 0.6283382 -0.1543258 0.0412070 -0.0112034 0.8969563 0.3330008 0.2906101
1403715292.512143 0.6716841 -0.0909452 -0.0479510 -0.0248534 0.8737053 0.3232348 0.3626853
1403715301.012143 1.0430065 0.0159107 -0.2815532 0.0246565 -0.3316895 -0.1154487 0.9359731
1403715301.412143 1.0719877 0.0202901 -0.2824287 0.0448148 -0.3187126 -0.1295828 0.9378818
1403715305.612143 1.0069181 0.2457033 -0.6871729 -0.0063123 -0.5336003 -0.1916465 0.8237126
1403715306.062143 1.0109991 0.1747708 -0.7273349 -0.0098991 -0.5433239 -0.1957722 0.8163176
1403715306.212143 1.0108175 0.1556908 -0.7354246 -0.0166016 -0.5447296 -0.1883320 0.8170221
1403715307.812143 1.2379786 0.1149386 -0.6976599 -0.0224152 -0.2092111 -0.0920209 0.9732730
1403715308.062143 1.2673056 0.1472835 -0.6985260 -0.0239438 -0.1448959 -0.0771652 0.9861427
1403715308.612143 1.2911907 0.2018819 -0.6811876 -0.0243372 -0.0651447 -0.0355261 0.9969462
1403715313.712143 1.8999091 -0.0514945 -0.3777961 -0.0025884 0.0107147 -0.0239844 0.9996516
1403715314.112143 1.8973250 -0.0797871 -0.3967786 -0.0075579 0.0301491 -0.0097772 0.9994690
1403715314.512143 1.8809626 -0.0889440 -0.4086839 -0.0190108 0.1132054 0.0087882 0.9933509
1403715317.512143 1.5916085 -0.0315514 -0.2599133 -0.0178612 0.5279737 0.1822425 0.8292843
1403715317.762143 1.5728108 -0.0251217 -0.2233625 -0.0088256 0.5810304 0.2060118 0.7873277
1403715318.512143 1.5396369 -0.0005171 -0.1905687 -0.0128440 0.6686695 0.2470416 0.7012037
1403715319.262143 1.5966425 0.0513288 -0.2222556 -0.0411383 0.7555447 0.2636623 0.5982827
1403715319.862143 1.7325236 0.0476010 -0.2243000 -0.0292304 0.8090402 0.2765106 0.5178238
1403715320.662143 1.9456637 -0.0578325 -0.1929967 0.0159615 0.8841129 0.3011930 0.3568927
1403715320.862143 1.9825256 -0.0824417 -0.1765781 0.0435072 0.8955575 0.3175646 0.3086042
1403715321.312143 2.0078397 -0.1136580 -0.1545033 0.0293534 0.9008216 0.3356139 0.2739017
1403715321.712143 1.9773148 -0.1240980 -0.1700727 0.0240911 0.9015962 0.3284029 0.2805271
1403715321.912143 1.9451196 -0.1272525 -0.1910669 0.0400044 0.9091278 0.3139740 0.2707519
1403715322.612143 1.7460632 -0.0989344 -0.2800949 -0.0233340 0.9192038 0.3455965 0.1873046
1403715322.812143 1.6971898 -0.0681813 -0.3087513 -0.0265239 0.9207456 0.3481822 0.1740491
1403715323.012143 1.6585513 -0.0462752 -0.3470035 -0.0321650 0.9227419 0.3440066 0.1707987
1403715325.262143 1.6463469 -0.0612549 -0.6053970 -0.0069470 0.9357103 0.3013735 0.1832263
1403715325.912143 1.6055795 -0.0780621 -0.5612795 0.0206332 0.9215854 0.3404563 0.1853214
1403715326.412143 1.5345238 -0.0626868 -0.5628648 -0.0122070 0.9336897 0.3114487 0.1762789
1403715326.662143 1.5014664 -0.0537071 -0.5603240 -0.0100744 0.9406580 0.2926184 0.1715676
1403715326.912143 1.4674736 -0.0463254 -0.5406956 -0.0027114 0.9345438 0.3144682 0.1665241
1403715327.662143 1.3268226 -0.0348953 -0.4955785 0.0079559 0.9239616 0.3416921 0.1716923
1403715328.412143 1.1542829 -0.0002857 -0.5247213 -0.0201939 0.9200045 0.2959669 0.2561004
1403715328.662143 1.1060165 0.0032075 -0.5239962 -0.0267725 0.9174258 0.3082006 0.2502508
1403715328.912143 1.0713544 0.0028326 -0.5098112 -0.0213995 0.9036610 0.3172716 0.2868406
1403715329.812143 1.0134840 0.0214441 -0.4442446 -0.0110236 0.8375604 0.2995284 0.4567863
1403715330.212143 1.0065250 0.0504393 -0.4233939 -0.0106200 0.8341387 0.2982218 0.4638573
1403715330.562143 1.0059872 0.0716554 -0.4122518 -0.0134568 0.8322719 0.2999702 0.4660046
1403715332.412143 0.9439548 -0.0505897 -0.5874760 0.0065489 0.7622706 0.2952250 0.5759713
1403715334.912143 0.8747783 0.1161356 -1.0854901 -0.0158020 0.6983264 0.2495611 0.6706786
1403715335.262143 0.8834819 0.1427455 -1.1552557 -0.0205996 0.6965161 0.2475644 0.6731663
1403715335.612143 0.9020641 0.1669027 -1.2157080 -0.0153289 0.6778156 0.2450372 0.6930281
1403715336.362143 0.9655005 0.2182211 -1.3322536 -0.0055519 0.6422693 0.2215614 0.7337370
1403715336.712143 0.9940167 0.2387870 -1.3818383 -0.0139211 0.6396290 0.2240848 0.7351645
1403715337.062143 1.0271939 0.2485359 -1.4282354 -0.0151674 0.6408164 0.2191384 0.7355968
1403715337.412143 1.0618634 0.2453747 -1.4642450 -0.0186003 0.6049656 0.2251994 0.7635155
1403715337.762143 1.1115706 0.2446953 -1.4996797 -0.0080275 0.5865188 0.2175770 0.7801228
1403715338.112143 1.1719129 0.2485887 -1.5397068 -0.0060060 0.5943471 0.2124000 0.7756299
1403715339.262143 1.3634270 0.2713273 -1.6849751 -0.0229008 0.5047106 0.1730048 0.8454657
1403715339.612143 1.4264255 0.2907282 -1.7198306 -0.0124378 0.5057591 0.1783722 0.8439410
1403715340.012143 1.4962776 0.3235211 -1.7436424 -0.0356404 0.5209262 0.1432137 0.8407470
1403715340.362143 1.5311506 0.3169471 -1.7271128 -0.0223296 0.4556727 0.1380173 0.8790990
1403715340.762143 1.5579522 0.2790764 -1.6901678 -0.0223099 0.3771800 0.1382072 0.9154978
1403715341.162143 1.6056799 0.2479310 -1.6481489 -0.0181466 0.3773063 0.1459698 0.9143323
1403715341.562143 1.6745040 0.2187313 -1.6146132 -0.0058856 0.4084938 0.1297187 0.9034773
1403715341.962143 1.7210948 0.1958912 -1.5825981 -0.0130038 0.4207788 0.1153040 0.8997117
1403715342.312143 1.7373592 0.1760140 -1.5438691 -0.0201695 0.3990272 0.1488845 0.9045463
1403715342.712143 1.7672353 0.1592144 -1.4921570 -0.0329488 0.3527350 0.1004957 0.9297274
1403715343.112143 1.7981576 0.1331981 -1.4187050 -0.0141334 0.3076370 0.0986935 0.9462660
1403715343.562143 1.8325895 0.1152685 -1.3247885 -0.0265267 0.3021728 0.0983808 0.9477917
1403715343.962143 1.8658144 0.0920458 -1.2287086 -0.0158678 0.3111846 0.0884021 0.9460959
1403715344.362143 1.8770663 0.0617796 -1.1275437 -0.0009721 0.2697291 0.0547679 0.9613770
1403715347.062143 1.2233416 -0.0656149 -0.5814477 -0.0119046 0.2475648 0.1040205 0.9631976
1403715349.512143 1.0003792 -0.0597471 -0.3264983 0.0144152 -0.0534391 -0.0139580 0.9983695
1403715350.212143 1.1108085 0.0074521 -0.3111026 -0.0145178 -0.1411147 -0.0546585 0.9883766
1403715350.562143 1.1624734 0.0362145 -0.2983196 -0.0383056 -0.1369222 -0.0888051 0.9858492
1403715353.762143 0.7252211 -0.0948539 -0.0282216 0.0033669 -0.2566893 -0.0976794 0.9615394
1403715354.112143 0.6989319 -0.0691480 -0.0175939 -0.0029389 -0.2674287 -0.0924264 0.9591302
1403715354.462143 0.6803989 -0.0437579 -0.0042269 -0.0149811 -0.2712710 -0.0951746 0.9576687
1403715356.062143 0.6336449 -0.1859167 0.0618486 -0.0049095 -0.3981714 -0.1606941 0.9031129
1403715356.962143 0.5356753 -0.2212668 0.1005518 -0.0240723 -0.4209704 -0.1499698 0.8942670
1403715357.462143 0.4536945 -0.2666781 0.1377476 -0.0011041 -0.4992681 -0.1886132 0.8456685
1403715357.712143 0.4114623 -0.2915728 0.1594771 0.0024467 -0.5029669 -0.2018158 0.8404098
1403715357.962143 0.3627710 -0.2997590 0.1766731 0.0138167 -0.4988382 -0.2165335 0.8390964
1403715359.212143 0.0002150 -0.2680497 0.1371142 0.0104499 -0.5700934 -0.1922893 0.7986922
1403715359.462143 -0.0552820 -0.2511119 0.1245516 0.0214719 -0.5650800 -0.2031502 0.7993457
1403715360.062143 -0.1475123 -0.2272134 0.0491443 0.0028585 -0.5619108 -0.1982164 0.8030930
1403715360.262143 -0.1691795 -0.2196541 0.0175576 0.0014579 -0.5606653 -0.2019635 0.8030336
1403715360.412143 -0.1841023 -0.2157253 -0.0048888 -0.0077211 -0.5563654 -0.1881063 0.8093294
1403715360.562143 -0.1969988 -0.2145732 -0.0224885 -0.0198996 -0.5431852 -0.1667112 0.8226550
1403715360.762143 -0.2096616 -0.2166081 -0.0361585 -0.0158572 -0.5042304 -0.1580630 0.8488324
1403715363.012143 -0.4591012 -0.2140788 0.0088854 -0.0031455 0.0345841 0.0516283 0.9980624
1403715363.362143 -0.5003511 -0.2254167 0.0253784 -0.0032524 0.1012204 0.0901297 0.9907676
1403715364.262143 -0.4275444 -0.2621176 0.0088584 0.0036299 0.3237207 0.1199162 0.9385157
1403715364.712143 -0.3841362 -0.2763404 -0.0316753 0.0029089 0.3421554 0.1384413 0.9293844
1403715365.212143 -0.3215032 -0.2930306 -0.0955401 -0.0132987 0.4065171 0.1280770 0.9045238
1403715365.712143 -0.2835521 -0.3074888 -0.1405909 0.0024263 0.4761641 0.1635197 0.8640157
1403715366.312143 -0.2630499 -0.3030560 -0.2215237 0.0161307 0.5403605 0.2115230 0.8142533
1403715366.962143 -0.2455883 -0.2579975 -0.3640396 -0.0243251 0.5350372 0.1983362 0.8208570
1403715367.612143 -0.1748774 -0.2320960 -0.4916035 -0.0261190 0.5158454 0.2067061 0.8309596
1403715368.312143 -0.0077821 -0.2075365 -0.6183167 0.0009246 0.5186848 0.1942184 0.8326131
1403715369.762143 0.3211581 -0.0809884 -0.9458762 -0.0275650 0.3837843 0.1332295 0.9133453
1403715370.512143 0.4993548 -0.0472816 -1.0178617 -0.0103897 0.3601871 0.1298429 0.9237414
1403715371.362143 0.7002172 -0.0232666 -1.0467063 -0.0537113 0.3711211 0.1367851 0.9168828
1403715372.462143 1.0704967 -0.0249689 -0.9841611 -0.0111951 0.3373767 0.1179455 0.9338846
1403715373.162143 1.3042676 -0.0655488 -0.9580697 -0.0048636 0.3054171 0.1140287 0.9453540
1403715373.812143 1.5034268 -0.0830745 -0.9353203 -0.0118130 0.2859685 0.0737240 0.9553257
1403715374.412143 1.6141497 -0.0996709 -0.8992273 -0.0135092 0.1289562 0.0325733 0.9910231
1403715375.662143 1.7194924 -0.1692234 -0.6873333 -0.0160425 0.1260468 0.0339273 0.9913142
1403715376.512143 1.6980137 -0.2032625 -0.4925468 0.0141316 0.1297010 0.0271172 0.9910815
1403715376.862143 1.6701541 -0.2014461 -0.4360994 0.0038469 0.1227850 0.0188241 0.9922473
1403715377.212143 1.6189541 -0.1993556 -0.3989701 0.0082205 0.1122499 0.0113875 0.9935808
1403715378.562143 1.2879986 -0.1392405 -0.4079593 -0.0152878 0.0886902 0.0365142 0.9952723
1403715379.612143 1.0972084 -0.1548634 -0.4116865 -0.0293849 0.1013235 0.0055287 0.9944041
1403715380.112143 0.9764552 -0.1929654 -0.3600963 -0.0094579 0.1030974 0.0032883 0.9946209
1403715381.512143 0.5352343 -0.2726611 -0.2357261 0.0055043 0.1080995 0.0328768 0.9935811
1403715384.012143 -0.0375197 -0.3474279 0.1293993 -0.0105905 0.4109977 0.1538567 0.8984970
1403715384.712143 -0.0460630 -0.3755752 0.2404072 -0.0138355 0.5664743 0.2246984 0.7927333
1403715389.912143 0.4430451 -0.0520341 -0.6833662 -0.0116830 0.5968851 0.2107468 0.7740655
1403715390.662143 0.5711097 0.0178971 -0.8151258 -0.0419262 0.4798917 0.1477631 0.8637779
1403715393.212143 1.4501671 -0.0822197 -0.7909957 -0.0165000 0.1509952 0.0266309 0.9880379
1403715393.862143 1.5709567 -0.0955751 -0.7610402 -0.0061244 -0.0427333 -0.0379253 0.9983476
1403715394.412143 1.6002988 -0.0924965 -0.7464159 0.0007839 -0.2114062 -0.0886779 0.9733669
1403715394.962143 1.5999309 -0.0815602 -0.7642846 -0.0008071 -0.3872443 -0.1507773 0.9095644
1403715395.462143 1.5792289 -0.0582244 -0.8039415 -0.0052618 -0.5309191 -0.2063900 0.8218883
1403715396.212143 1.4999896 0.0059596 -0.8525819 -0.0220397 -0.6207277 -0.2067667 0.7559490
1403715396.562143 1.4537542 0.0242520 -0.8524716 0.0048601 -0.6129830 -0.2255854 0.7571918
1403715396.862143 1.4171396 0.0437178 -0.8574767 0.0026599 -0.6328430 -0.2328667 0.7384279
1403715397.162143 1.3799521 0.0715557 -0.8622137 -0.0213972 -0.6407140 -0.2491162 0.7259262
1403715397.462143 1.3216987 0.0968281 -0.8607555 -0.0435721 -0.6503670 -0.2317632 0.7220873
1403715397.712143 1.2590415 0.1055115 -0.8456283 -0.0353550 -0.6543576 -0.2230125 0.7216867
1403715399.912143 1.0689324 0.1376013 -0.7898898 -0.0111809 -0.6251459 -0.2516350 0.7387472
1403715400.212143 1.0738581 0.1481773 -0.8495900 -0.0028521 -0.6001159 -0.2482993 0.7603948
1403715400.762143 1.0262443 0.1797825 -0.9915383 -0.0193312 -0.4925005 -0.2057833 0.8454128
1403715401.012143 0.9818519 0.2034445 -1.0589793 -0.0398021 -0.4411147 -0.1667718 0.8809204
1403715401.312143 0.9140065 0.2252968 -1.1231846 -0.0430654 -0.4062230 -0.1686424 0.8970440
1403715401.612143 0.8236144 0.2285977 -1.1679736 -0.0277697 -0.4050007 -0.1545679 0.9007286
1403715401.912143 0.7239000 0.2202924 -1.1956295 -0.0153239 -0.3966788 -0.1219326 0.9096942
1403715402.212143 0.6383485 0.2118566 -1.2057718 0.0135550 -0.3881589 -0.1319069 0.9120030
1403715402.512143 0.5661696 0.2111248 -1.2156867 0.0221794 -0.3502195 -0.1442154 0.9252331
1403715402.862143 0.4859448 0.2203417 -1.2496580 0.0155624 -0.3241090 -0.1251305 0.9375786
1403715403.212143 0.4112224 0.2350656 -1.2989731 -0.0370982 -0.3191193 -0.1050178 0.9411471
1403715403.512143 0.3501662 0.2330907 -1.3150254 -0.0312204 -0.3051656 -0.1139992 0.9449357
1403715403.862143 0.2740648 0.2214688 -1.3023366 -0.0429226 -0.2444960 -0.0860892 0.9648668
1403715404.262143 0.1877417 0.1890764 -1.2436316 -0.0210042 -0.1529908 -0.0697849 0.9855368
1403715404.762143 0.0566942 0.1552958 -1.1518255 -0.0041120 -0.1165583 -0.0579083 0.9914857
1403715405.262143 -0.0815162 0.1440810 -1.0702010 -0.0035933 -0.0462970 0.0069539 0.9988971
1403715405.712143 -0.1587706 0.1415254 -1.0044956 -0.0233731 0.0987628 0.0416735 0.9939632
1403715406.112143 -0.2047892 0.1366202 -0.9376146 -0.0191844 0.2172460 0.0757000 0.9729880
1403715406.612143 -0.2459241 0.1446783 -0.8408224 -0.0194879 0.3428919 0.1446114 0.9279725
1403715407.162143 -0.2433537 0.1608119 -0.7475708 -0.0215366 0.4672103 0.1826155 0.8648134
1403715407.662143 -0.1892941 0.1558145 -0.6693745 -0.0372453 0.5049828 0.1909364 0.8409212
1403715408.112143 -0.1039332 0.1096680 -0.5858711 -0.0263673 0.5058299 0.1741398 0.8444620
1403715414.362143 0.0586670 0.0209796 -0.2154586 -0.0359993 0.3154728 0.1097717 0.9418764
1403715414.762143 0.0495763 0.0184987 -0.1983953 -0.0144415 0.3179579 0.1077351 0.9418532
1403715415.112143 0.0427595 0.0370512 -0.1699420 0.0031631 0.3137301 0.1407068 0.9390234
1403715415.462143 0.0527347 0.0619336 -0.1609939 -0.0061649 0.3350014 0.1127492 0.9354270
1403715418.112143 0.0546921 0.0754082 -0.1558415 -0.0111618 0.3453911 0.1020678 0.9328250
1403715418.412143 0.0551206 0.0756478 -0.1557328 -0.0112287 0.3455099 0.1014725 0.9328452
