1403637130.538319 0.0000000 0.0000000 0.0000000 0.0000000 0.0000000 0.0000000 1.0000000
1403637133.238319 0.0004542 -0.0017104 -0.0017480 0.0019090 0.0019392 -0.0015490 0.9999951
1403637133.288319 0.0008059 -0.0024732 -0.0023442 0.0012988 0.0034352 -0.0038695 0.9999858
1403637133.738319 0.0064383 -0.0222535 -0.0108249 -0.0239598 0.0223122 -0.0012300 0.9994631
1403637135.238319 0.0186060 -0.0311816 -0.0146199 -0.0883265 0.0615235 0.0055763 0.9941741
1403637135.338319 0.0185125 -0.0470195 -0.0192604 -0.0969049 0.0641073 0.0036149 0.9932203
1403637136.738319 0.0178536 -0.0644205 -0.0163044 -0.1119191 0.0736520 0.0088085 0.9909449
1403637136.988319 0.0144915 -0.1794642 -0.0430340 -0.0666902 0.0835577 0.0001470 0.9942688
1403637137.738319 0.0197503 -0.1093980 -0.0183008 -0.0684851 0.0926824 -0.0035422 0.9933314
1403637137.888319 0.0192731 -0.0561743 -0.0118281 -0.0943259 0.0823269 0.0026221 0.9921280
1403637138.038319 0.0208077 -0.0453500 -0.0140318 -0.1198213 0.0795701 0.0017449 0.9896001
1403637138.138319 0.0210884 -0.0700467 -0.0206779 -0.1202572 0.0754230 0.0043218 0.9898641
1403637138.238319 0.0226561 -0.1138703 -0.0298525 -0.1018741 0.0769390 -0.0117372 0.9917481
1403637149.638319 0.0279816 -0.0048611 0.0187751 -0.0136408 0.0482706 0.0114904 0.9986750
1403637149.888319 0.0305833 -0.0040859 0.0163676 -0.0370522 0.0359024 0.0076098 0.9986392
1403637149.988319 0.0354937 -0.0046264 0.0149381 -0.0567931 0.0380245 0.0004656 0.9976615
1403637151.438319 0.1508647 -0.2170938 0.1335568 -0.0378527 0.0639916 -0.0061191 0.9972135
1403637152.088319 0.1999843 -0.3093978 0.1663852 -0.0434290 0.0627193 -0.0180484 0.9969225
1403637154.688319 0.4909355 -0.4406314 0.4351477 -0.0532301 0.0695078 -0.0189547 0.9959799
1403637154.838319 0.5194436 -0.4392383 0.4622123 -0.0639776 0.0852388 -0.0208921 0.9940848
1403637154.988319 0.5457046 -0.4437366 0.4932619 -0.0674648 0.1002530 -0.0127054 0.9925907
1403637157.238319 1.1472011 -0.4120197 0.8456283 -0.0343118 0.4490315 0.1285338 0.8835567
1403637157.538319 1.2782695 -0.3896120 0.8382986 -0.0249074 0.4358891 0.1448798 0.8879133
1403637159.938319 2.6089211 -0.2474847 0.1326144 -0.0264311 0.5437199 0.1486063 0.8255824
1403637160.338319 2.8497436 -0.1902708 -0.0375110 -0.0060638 0.6168401 0.1712060 0.7682187
1403637160.738319 3.0813103 -0.1001680 -0.2044278 -0.0196243 0.7061812 0.1997307 0.6789924
1403637160.938319 3.1932151 -0.0666594 -0.2814800 -0.0256129 0.7224137 0.2109803 0.6579891
1403637162.988319 3.9819310 0.0481546 -1.4041820 0.0497642 0.7980605 0.1971980 0.5672176
1403637163.188319 3.9601605 0.1021667 -1.5266799 0.0393865 0.8363780 0.2007188 0.5085592
1403637163.288319 3.9425869 0.1287559 -1.5864010 0.0369130 0.8551463 0.2035586 0.4753168
1403637163.688319 3.8161407 0.2401476 -1.7795584 0.0514395 0.8847443 0.2615924 0.3822968
1403637163.788319 3.7711298 0.2578336 -1.8304261 0.0539002 0.8833297 0.2773584 0.3740263
1403637164.088319 3.6172342 0.2899170 -2.0005512 0.0698964 0.8836130 0.2820439 0.3671428
1403637164.738319 3.1643953 0.3562655 -2.4474380 0.0473065 0.8785275 0.2740908 0.3883630
1403637164.988319 2.9672413 0.4223852 -2.6339231 0.0274913 0.8919848 0.2538583 0.3730460
1403637165.138319 2.8481724 0.4643848 -2.7404356 0.0288350 0.9032168 0.2487928 0.3485256
1403637165.238319 2.7690656 0.4945939 -2.8094702 0.0276363 0.9118612 0.2475968 0.3262532
1403637169.738319 3.0317085 0.6344310 -1.9450182 -0.0298959 0.8332660 0.1902832 0.5182338
1403637169.938319 3.1386425 0.5888258 -1.7791995 -0.0338826 0.8010679 0.1705308 0.5727665
1403637170.138319 3.2444513 0.5520050 -1.5937886 -0.0389111 0.7714496 0.1523043 0.6165670
1403637171.688319 3.3536551 0.3062937 -0.0428407 0.0102679 0.4821560 0.0570416 0.8741661
1403637171.938319 3.2327380 0.2641042 0.1334748 0.0101839 0.4931807 0.0495992 0.8684521
1403637172.388319 2.9120162 0.2240285 0.4358781 0.0117580 0.4897757 0.1116678 0.8645877
1403637173.188319 2.3152559 0.1171402 0.7104946 -0.0466333 0.5172892 0.2199470 0.8257484
1403637173.388319 2.2354896 0.1343471 0.7444924 -0.0285039 0.5594522 0.2259951 0.7969485
1403637173.838319 2.1565125 0.2021894 0.7536811 0.0022607 0.6312329 0.2796559 0.7234172
1403637174.038319 2.1669171 0.2477198 0.7106419 -0.0244097 0.6583125 0.2725393 0.7012497
1403637174.238319 2.2060461 0.2597078 0.6361074 -0.0009687 0.6888887 0.2087793 0.6941489
1403637174.538319 2.2634850 0.2502062 0.4995219 0.0435601 0.6890705 0.2155748 0.6905157
1403637174.738319 2.2906809 0.2452972 0.3834361 0.0424306 0.7163333 0.2079236 0.6647061
1403637175.788319 2.2036252 0.4082269 -0.3114793 0.0533639 0.7922958 0.2463043 0.5556563
1403637176.388319 1.9397310 0.4915680 -0.8002794 0.0446796 0.8044025 0.1981053 0.5582962
1403637177.038319 1.5174594 0.6583036 -1.2904196 0.0090684 0.8179491 0.2578862 0.5141710
1403637177.538319 1.2486262 0.8426387 -1.6716630 -0.0422436 0.8103261 0.2959135 0.5040063
1403637177.838319 1.1780660 0.9460824 -1.9303018 -0.0587883 0.8280566 0.2628365 0.4917144
1403637179.038319 1.5630233 1.1427401 -2.5452380 -0.0052317 0.8893583 0.2222163 0.3995425
1403637179.838319 2.0138104 1.1338637 -2.5336649 -0.0344902 0.8873063 0.2243233 0.4014685
1403637181.138319 2.8471427 1.1004591 -2.0362561 -0.0445601 0.8914238 0.2290398 0.3884827
1403637183.138319 3.9139910 0.1976802 -0.6956396 0.0699441 0.8928310 0.2236246 0.3846461
1403637183.438319 3.9006553 0.1521724 -0.4324828 0.0824799 0.8894921 0.2327615 0.3844776
1403637183.738319 3.8112354 0.1307754 -0.1834101 0.0936097 0.8863316 0.2412659 0.3839847
1403637184.438319 3.2905998 0.1013502 0.2340010 0.0480233 0.8825915 0.2719148 0.3805104
1403637184.788319 2.9588225 0.1456546 0.3705025 0.0136602 0.8730722 0.3026444 0.3820532
1403637185.538319 2.3757873 0.1399311 0.4038143 -0.0223850 0.8666130 0.3226778 0.3799471
1403637186.438319 1.9969317 0.0581747 0.1461706 0.0033753 0.8890151 0.2596979 0.3770913
1403637186.988319 1.8118882 -0.0188617 -0.0084040 0.0475888 0.8786865 0.2914570 0.3750975
1403637187.438319 1.6257578 0.0180016 -0.1682911 0.0138666 0.8846875 0.2972420 0.3588634
1403637187.838319 1.4755304 0.0929457 -0.3495345 0.0066824 0.8837329 0.3133650 0.3475254
1403637188.438319 1.3410765 0.2563370 -0.7008457 -0.0074691 0.9002932 0.2679678 0.3429427
1403637188.988319 1.2605289 0.4434018 -1.0038872 0.0431954 0.9149697 0.2841348 0.2832526
1403637190.038319 1.0221424 0.7643173 -1.6281136 0.0163721 0.9237123 0.2717612 0.2695059
1403637190.938319 0.7810165 0.8003581 -2.1110251 0.0167892 0.9186097 0.2606834 0.2965107
1403637191.588319 0.5973068 0.8927158 -2.3302889 0.0078623 0.9162910 0.2502460 0.3126115
1403637192.088319 0.4641141 0.8882287 -2.4522676 -0.0312170 0.9123250 0.2741667 0.3025249
1403637192.338319 0.4367193 0.8436542 -2.5040338 -0.0466749 0.9107308 0.2806157 0.2994088
1403637192.638319 0.4523220 0.7926891 -2.5592821 -0.0223014 0.9055268 0.2999255 0.2992803
1403637193.138319 0.5532116 0.7379223 -2.6703346 0.0055180 0.9042287 0.2999952 0.3038798
1403637193.388319 0.6191134 0.7092521 -2.7452903 0.0143760 0.9014790 0.3078974 0.3038555
1403637193.638319 0.6895916 0.7077097 -2.8318400 -0.0114289 0.9089707 0.2862314 0.3028418
1403637193.888319 0.7701335 0.6862126 -2.9282231 -0.0202485 0.9095836 0.2831946 0.3033950
1403637194.388319 0.9791955 0.6915634 -3.0911586 -0.0119195 0.9121493 0.2770903 0.3017659
1403637194.638319 1.0964429 0.6851604 -3.1653872 -0.0125471 0.9111900 0.2811247 0.3009055
1403637194.888319 1.2244351 0.6655622 -3.2391584 -0.0152044 0.9079338 0.2936898 0.2986158
1403637195.188319 1.3952421 0.6645083 -3.3317320 -0.0034239 0.9162217 0.2689550 0.2969668
1403637195.688319 1.6837507 0.6774681 -3.4426501 0.0013944 0.9125316 0.2582253 0.3171812
1403637197.038319 2.5220032 0.5860872 -3.1547236 -0.0144873 0.9252341 0.2011254 0.3213730
1403637198.688319 3.3073227 -0.1211509 -1.5097877 -0.0430804 0.6855639 0.0955022 0.7204342
1403637209.138319 1.5086427 -0.2640403 0.3242092 -0.0353075 0.4169890 0.0598990 0.9062482
1403637210.038319 1.4067429 -0.3031943 0.3656535 -0.1123319 0.3451333 0.0914589 0.9273078
1403637211.938319 2.2616565 -0.3506818 1.7503203 -0.0509656 0.3471915 0.1118886 0.9296997
1403637212.138319 2.3991997 -0.3849388 1.8936061 -0.0339298 0.3550846 0.0908713 0.9297882
1403637212.588319 2.7087333 -0.4962862 2.1762440 -0.0258580 0.3630902 0.0817633 0.9277993
1403637212.788319 2.8335795 -0.5583763 2.2834249 -0.0415443 0.3644445 0.0832430 0.9265662
1403637213.038319 2.9850872 -0.6367372 2.4190147 -0.0483287 0.3654190 0.0759278 0.9264817
1403637213.488319 3.2589958 -0.7577310 2.6757393 -0.0401301 0.3597801 0.0787785 0.9288390
1403637213.988319 3.5428216 -0.8300977 2.9823270 -0.0508272 0.3671593 0.0457565 0.9276406
1403637214.238319 3.6543548 -0.8726910 3.1502976 -0.0284908 0.3420396 0.0492463 0.9379616
1403637214.438319 3.7264814 -0.9230263 3.2766273 -0.0182027 0.3073530 0.0238593 0.9511222
1403637214.688319 3.7852983 -0.9964050 3.4252739 -0.0153912 0.2612556 -0.0290505 0.9647096
1403637214.888319 3.7965627 -1.0611997 3.5330386 -0.0125921 0.2419879 -0.0498540 0.9689158
1403637215.188319 3.7413988 -1.1374375 3.6951773 -0.0005160 0.2356396 -0.0499059 0.9705582
1403637215.438319 3.6404953 -1.1818200 3.8118536 0.0188698 0.2124539 -0.0329470 0.9764332
1403637216.438319 2.9486678 -1.2976837 3.9314611 -0.0033573 0.0116705 -0.0331987 0.9993750
1403637217.088319 2.5387790 -1.2701465 3.7651548 0.0234290 0.0176816 -0.0167934 0.9994280
1403637217.288319 2.4352138 -1.2504206 3.6584706 0.0115212 0.0153493 0.0101052 0.9997647
1403637217.488319 2.3512623 -1.2114614 3.5406225 0.0074948 0.0171990 0.0229543 0.9995605
1403637217.938319 2.2344546 -1.0848309 3.2033234 0.0218821 -0.0355966 -0.0595987 0.9973475
1403637218.088319 2.1972220 -1.0466522 3.0637372 0.0114375 -0.0631131 -0.0675679 0.9956508
1403637218.288319 2.1508026 -0.9903054 2.8610914 0.0031599 -0.0827365 -0.0726463 0.9939151
1403637218.488319 2.1059189 -0.9168862 2.6549881 0.0046632 -0.0877382 -0.0753629 0.9932777
1403637218.738319 2.0534177 -0.8287861 2.3798890 -0.0048590 -0.0847988 -0.0755878 0.9935150
1403637218.988319 2.0014699 -0.7297627 2.0928032 -0.0113601 -0.0745261 -0.0920627 0.9928954
1403637219.238319 1.9358598 -0.5999686 1.8073453 -0.0127681 -0.0711902 -0.0961391 0.9927367
1403637219.488319 1.8480247 -0.4845377 1.5102335 -0.0282656 -0.0708690 -0.0884448 0.9931546
1403637219.788319 1.7317299 -0.3790237 1.1511313 -0.0612992 -0.0690884 -0.0807402 0.9924466
1403637220.938319 1.1883804 -0.2739737 0.0657182 -0.0599951 -0.0723681 -0.0486196 0.9943841
1403637222.038319 0.8918443 -0.0481133 -0.4842395 -0.0758083 0.0340378 -0.0131892 0.9964540
1403637222.538319 0.8392365 0.0801544 -0.5624234 -0.0413896 0.1217847 0.0100833 0.9916419
1403637222.988319 0.8133112 0.1324086 -0.6250032 -0.0647289 0.1307786 0.0126204 0.9892158
1403637226.538319 0.6388162 0.0405896 -0.6910256 -0.0533453 0.1172661 -0.0148888 0.9915550
1403637227.188319 0.5159146 0.0613089 -0.6839419 -0.0466120 0.1082392 0.0228057 0.9927696
1403637228.038319 0.4620548 0.0589644 -0.6176172 -0.0312408 0.1221548 0.0001264 0.9920192
1403637229.488319 0.3677561 0.0881224 -0.6416076 -0.0433770 0.1426325 0.0092815 0.9887812
1403637229.888319 0.3540416 0.1391500 -0.6529762 -0.0486807 0.2500970 0.0551572 0.9654219
1403637230.288319 0.3723576 0.1822377 -0.6526391 -0.0500981 0.3568470 0.0789662 0.9294701
1403637230.838319 0.3862370 0.1378859 -0.6488057 -0.0201927 0.4195375 0.1021078 0.9017509
1403637231.288319 0.4046685 0.1256141 -0.6658814 -0.0329310 0.5449378 0.1754222 0.8192590
1403637231.788319 0.5145196 0.2795630 -0.6760141 -0.0061781 0.7086393 0.2409887 0.6631113
1403637232.538319 0.7095951 0.4412069 -0.9001843 0.0401150 0.8422959 0.2588377 0.4710959
1403637233.138319 0.7703705 0.4809091 -1.2610211 0.0147351 0.8693841 0.3377801 0.3603592
1403637233.638319 0.8637002 0.5854713 -1.7107373 -0.0585739 0.8764246 0.3051948 0.3678385
1403637235.238319 2.2229075 1.0199354 -2.0805960 0.0001753 0.8352203 0.1911538 0.5156233
1403637235.688319 2.5849431 1.0107696 -1.8822119 -0.0314282 0.7912724 0.2191878 0.5699623
1403637238.888319 2.2971005 -0.4783311 0.3786363 0.0543335 0.6945277 0.3704205 0.6143840
1403637239.338319 2.0224249 -0.4564249 0.0297591 -0.0051347 0.7420481 0.3376836 0.5790579
1403637239.838319 1.9108697 -0.2815300 -0.5544870 0.0180668 0.8356807 0.2920593 0.4647717
1403637240.288319 1.8461773 0.0106652 -1.1171659 0.0224833 0.9036249 0.2719834 0.3301235
1403637240.838319 1.7824148 0.3337107 -1.7691941 -0.0174810 0.9141391 0.2933279 0.2792901
1403637241.338319 1.8023363 0.5626729 -2.3299825 -0.0242506 0.9182519 0.2643659 0.2938297
1403637241.738319 1.8740754 0.7337709 -2.7015185 -0.0450675 0.9242969 0.2289278 0.3020535
1403637242.088319 1.9832762 0.8065394 -2.9341447 -0.0027560 0.9294643 0.2064581 0.3057182
1403637242.788319 2.2078366 0.8276033 -3.0801475 -0.0275440 0.9236248 0.1920965 0.3305413
1403637243.138319 2.3331788 0.7601154 -2.9777014 -0.0211852 0.9116535 0.1845864 0.3665610
1403637243.488319 2.4398277 0.7057973 -2.7815542 -0.0159848 0.9021030 0.2139894 0.3743837
1403637244.788319 2.7458730 0.1976324 -2.0450473 -0.0228664 0.8726681 0.2717100 0.4050939
1403637245.288319 2.8935940 0.0348480 -1.8557427 -0.0148453 0.8514051 0.2982726 0.4311873
1403637245.738319 3.0870805 -0.0342887 -1.7447320 -0.0310182 0.8430738 0.2699427 0.4641070
1403637246.688319 3.5623398 -0.0380896 -1.4496163 -0.0169380 0.6285540 0.1089224 0.7699148
1403637247.188319 3.6721823 -0.0369441 -1.2055027 -0.0416493 0.5059275 0.0922613 0.8566158
1403637247.538319 3.7015982 -0.0350540 -1.0147215 -0.0011283 0.4992490 0.0782088 0.8629209
1403637247.938319 3.6593158 -0.0357368 -0.7781000 -0.0079596 0.4686296 0.0458091 0.8821703
1403637248.538319 3.4244061 -0.0395342 -0.4487403 -0.0191323 0.3972319 0.0592957 0.9156008
1403637248.888319 3.2460992 -0.0619383 -0.2662942 -0.0351860 0.4031698 0.0641944 0.9121925
1403637249.838319 2.6873791 -0.1832028 0.2373710 -0.0151800 0.4123572 0.0646217 0.9086007
1403637250.238319 2.4142568 -0.2175090 0.4426307 -0.0214496 0.3615224 0.0782658 0.9288250
1403637250.788319 2.0683408 -0.2399785 0.6793478 -0.0310304 0.3216919 0.0909750 0.9419527
1403637251.888319 1.7033174 -0.4630541 0.8982824 -0.0222278 0.2428590 0.0511498 0.9684571
1403637252.388319 1.6132852 -0.4979379 0.9311159 -0.0078964 0.2362949 0.0390167 0.9708656
1403637254.538319 1.3712258 -0.4623939 0.7195874 -0.0402933 0.2139003 0.0181284 0.9758558
1403637255.638319 1.1424824 -0.4213119 0.5342680 -0.0264422 0.1391939 -0.0035227 0.9899058
1403637256.088319 1.0246001 -0.3989342 0.4304198 -0.0430927 0.0594998 -0.0349370 0.9966856
1403637257.638319 0.5622551 -0.3129301 0.1118991 -0.0487091 0.0101707 -0.0485049 0.9975827
1403637258.038319 0.4388348 -0.2717838 0.0531711 -0.0682248 -0.0234287 -0.0480091 0.9962387
1403637258.438319 0.3142623 -0.2453167 0.0314435 -0.0449125 -0.0873953 -0.0700909 0.9926894
1403637258.788319 0.2105814 -0.2051808 0.0318905 -0.0426742 -0.1052183 -0.0617892 0.9916099
1403637259.338319 0.0852154 -0.1914116 0.0227729 -0.0384640 -0.1020174 -0.0526717 0.9926423
1403637259.638319 0.0436816 -0.2018119 0.0127262 -0.0363685 -0.1037904 -0.0370334 0.9932439
1403637260.238319 0.0317166 -0.1719781 -0.0000927 -0.0382008 -0.0961686 -0.0612877 0.9927417
1403637260.988319 0.0259884 -0.0780274 -0.0079153 -0.0361221 -0.0961594 -0.0741764 0.9919407
1403637261.238319 0.0106754 -0.0453173 -0.0098176 -0.0573528 -0.0954384 -0.0748279 0.9909606
1403637261.488319 -0.0098125 -0.0292649 -0.0089891 -0.0466156 -0.0980385 -0.0670199 0.9918285
1403637261.688319 -0.0263833 -0.0237228 -0.0069838 -0.0654476 -0.0957072 -0.0701353 0.9907764
1403637261.888319 -0.0441072 -0.0318094 0.0008747 -0.0487585 -0.0953037 -0.0703632 0.9917605
1403637262.088319 -0.0615528 -0.0299124 0.0143258 -0.0348657 -0.0951547 -0.0646559 0.9927485
1403637262.488319 -0.0682426 -0.0078498 0.0248615 -0.0278960 -0.0686666 -0.0349477 0.9966370
1403637262.838319 -0.0671660 -0.0077440 0.0236418 -0.0117534 -0.0674626 -0.0243294 0.9973559
