1403715895.484058 -0.0006985 -0.0005667 0.0013159 -0.0000845 0.0004796 0.0004980 0.9999998
1403715895.734058 -0.0553292 -0.0277919 -0.0053024 -0.0024008 0.0012336 0.0016391 0.9999950
1403715898.234058 0.5896438 -0.1942950 -0.1050233 0.0317149 0.0021472 0.0278862 0.9991056
1403715898.334058 0.6628011 -0.1963248 -0.1095266 0.0306711 0.0187122 0.0253360 0.9990332
1403715899.234058 1.2771062 -0.0737901 -0.1392943 -0.0314134 0.1538348 0.0570139 0.9859501
1403715899.584058 1.4771663 -0.0359171 -0.1137076 -0.0602631 0.1565157 0.0423296 0.9849261
1403715899.784058 1.5809846 -0.0355304 -0.0785720 -0.0563235 0.1532162 0.0365454 0.9859092
1403715899.884058 1.6267394 -0.0375244 -0.0551050 -0.0459698 0.1561498 0.0224661 0.9864073
1403715900.184058 1.7481267 -0.0538615 0.0311511 -0.0353463 0.1611837 -0.0114678 0.9862246
1403715900.284058 1.7735943 -0.0621878 0.0652249 -0.0343577 0.1626164 -0.0164184 0.9859543
1403715900.384058 1.7935841 -0.0698226 0.1020358 -0.0345427 0.1631864 -0.0188150 0.9858108
1403715900.584058 1.8128428 -0.0962161 0.1815050 -0.0198962 0.1532713 0.0151139 0.9878682
1403715901.584058 1.7601942 -0.2097632 0.3755177 0.0528002 0.1507385 0.0512389 0.9858319
1403715901.784058 1.7273529 -0.2134843 0.3409186 0.0372542 0.1500121 0.0492114 0.9867557
1403715902.084058 1.6649430 -0.1981758 0.2726726 0.0263534 0.1468406 0.0495400 0.9875672
1403715902.234058 1.6187428 -0.1985258 0.2350601 0.0200639 0.1548695 0.0387852 0.9869694
1403715902.384058 1.5802346 -0.1938363 0.1949484 0.0038854 0.1558135 0.0311975 0.9872861
1403715902.534058 1.5331159 -0.1842809 0.1515507 -0.0061464 0.1518677 0.0410967 0.9875270
1403715902.684058 1.4868858 -0.1762123 0.1087670 -0.0168934 0.1378505 0.0541944 0.9888250
1403715904.884058 0.8635325 -0.3447639 0.1102224 0.0451660 -0.4501782 -0.1549818 0.8782256
1403715904.984058 0.8408586 -0.3420103 0.1136086 0.0454521 -0.4897294 -0.1595739 0.8559412
1403715905.084058 0.8212125 -0.3372439 0.1158602 0.0518608 -0.5270900 -0.1668265 0.8316583
1403715905.684058 0.7978653 -0.3311984 0.1219333 -0.0084734 -0.6832951 -0.2490480 0.6863025
1403715905.884058 0.7997937 -0.3315025 0.1216335 -0.0490150 -0.7410040 -0.2625920 0.6160812
1403715906.034058 0.8006184 -0.3318522 0.1214217 -0.0615764 -0.7742377 -0.3063259 0.5503898
1403715910.934058 0.5571785 -0.0944896 0.2270388 0.0500318 -0.1678641 -0.0600170 0.9827088
1403715911.084058 0.5150990 -0.0916990 0.2133612 0.0474465 -0.2245133 -0.0708826 0.9707308
1403715911.234058 0.4794573 -0.0756404 0.1935080 0.0581136 -0.2821053 -0.0813287 0.9541619
1403715912.984058 0.3082765 0.0103906 -0.3555171 0.0173487 -0.7127451 -0.2397674 0.6589423
1403715913.084058 0.3063306 0.0212364 -0.3831498 0.0169638 -0.7404696 -0.2492415 0.6239356
1403715913.184058 0.3057010 0.0356356 -0.4091941 0.0198066 -0.7661511 -0.2577749 0.5883640
1403715913.284058 0.3057568 0.0490068 -0.4335784 0.0283303 -0.7898588 -0.2614694 0.5540346
1403715913.784058 0.3457165 0.1130735 -0.5448397 -0.1058750 0.8242194 0.2833361 -0.4787207
1403715914.584058 0.6380789 0.2113694 -0.8338819 -0.0075958 -0.7721849 -0.3180214 0.5500320
1403715914.784058 0.7013690 0.2352612 -0.9252374 -0.0589689 -0.7460452 -0.3034503 0.5897940
1403715914.884058 0.7234204 0.2478439 -0.9706430 -0.0911565 -0.7350560 -0.2902625 0.6059132
1403715914.984058 0.7354698 0.2560212 -1.0087069 -0.1089232 -0.7274477 -0.2813261 0.6162882
1403715915.134058 0.7376342 0.2699592 -1.0588645 -0.1190838 -0.7215279 -0.2701845 0.6262723
1403715916.134058 0.4654867 0.3929906 -1.1879582 -0.0040638 -0.7335998 -0.2786070 0.6198330
1403715916.284058 0.4056651 0.4130337 -1.1992024 0.0020466 -0.7236733 -0.2654226 0.6370585
1403715916.434058 0.3439933 0.4332591 -1.2145945 0.0028806 -0.7013071 -0.2499092 0.6676117
1403715916.584058 0.2857993 0.4578412 -1.2277910 -0.0038730 -0.6705938 -0.2329882 0.7042765
1403715916.734058 0.2206068 0.4643956 -1.2463720 -0.0212314 -0.6373750 -0.2163567 0.7392511
1403715916.934058 0.1420421 0.4881344 -1.2502329 -0.0373869 -0.6127632 -0.1787375 0.7688800
1403715917.084058 0.0846561 0.4914544 -1.2454830 -0.0341379 -0.6015325 -0.1598728 0.7819425
1403715917.234058 0.0301517 0.4911464 -1.2305807 0.0240083 -0.5810412 -0.1575503 0.7981182
1403715917.434058 -0.0240386 0.4890493 -1.2045881 0.0590058 -0.5513343 -0.1590924 0.8168467
1403715918.034058 -0.0909778 0.4978764 -1.1456023 0.0508868 -0.5510042 -0.1372247 0.8215681
1403715918.234058 -0.0751357 0.4998846 -1.1262455 0.0613249 -0.5282556 -0.1538455 0.8327765
1403715918.834058 0.0576477 0.5556549 -1.0561593 -0.0100436 -0.4496137 -0.1483970 0.8807525
1403715918.984058 0.0988122 0.5576488 -1.0363350 -0.0242617 -0.4352012 -0.1784458 0.8821386
1403715919.184058 0.1399714 0.5397500 -1.0113999 -0.0273384 -0.4247903 -0.2108005 0.8799824
1403715919.384058 0.1577894 0.5182579 -0.9874530 0.0131167 -0.4247060 -0.2282953 0.8759760
1403715919.934058 0.1353007 0.5622272 -0.9406616 0.0156340 -0.4374005 -0.1942176 0.8779043
1403715920.134058 0.1111895 0.5851304 -0.9345416 -0.0047688 -0.4394614 -0.1971638 0.8763432
1403715920.384058 0.0622290 0.5835348 -0.9450082 -0.0071369 -0.4553217 -0.1790738 0.8721031
1403715920.584058 0.0169102 0.5671408 -0.9538081 0.0079641 -0.4728692 -0.1566682 0.8670561
1403715921.984058 -0.1291715 0.2652501 -1.0651138 -0.0025377 -0.5447740 -0.1882902 0.8171669
1403715922.484058 -0.1785664 0.1116505 -1.0989672 0.0256372 -0.5439651 -0.1806957 0.8190200
1403715922.884058 -0.1893465 0.0082972 -1.1277511 0.0283901 -0.5457779 -0.1819806 0.8174372
1403715923.334058 -0.1741953 -0.0500290 -1.1575533 0.0138395 -0.5430576 -0.1975982 0.8159974
1403715923.534058 -0.1677035 -0.0829451 -1.1810865 -0.0085503 -0.5507976 -0.1773423 0.8155358
1403715923.734058 -0.1592640 -0.0893662 -1.1895562 -0.0162041 -0.5580269 -0.1586389 0.8143569
1403715923.884058 -0.1511011 -0.0740627 -1.1805648 -0.0055767 -0.5614239 -0.1508121 0.8136510
1403715924.084058 -0.1352072 -0.0391447 -1.1556709 0.0194867 -0.5611845 -0.1495715 0.8138309
1403715924.284058 -0.1060743 0.0057732 -1.1238874 0.0269392 -0.5555373 -0.1631883 0.8148755
1403715924.484058 -0.0680377 0.0489369 -1.0925465 0.0138641 -0.5478400 -0.1790502 0.8170803
1403715924.734058 -0.0162791 0.0970284 -1.0479348 -0.0106167 -0.5403463 -0.1716346 0.8236836
1403715925.034058 0.0445351 0.1396635 -0.9813669 0.0006394 -0.4888818 -0.1339856 0.8619989
1403715925.384058 0.1462910 0.1511724 -0.8986529 0.0167368 -0.3941528 -0.0943036 0.9140406
1403715925.734058 0.2785991 0.1377243 -0.8284968 -0.0119767 -0.2898931 -0.0561415 0.9553359
1403715926.084058 0.4412629 0.1204564 -0.7447546 0.0070990 -0.1737646 -0.0159319 0.9846327
1403715926.334058 0.5724944 0.1340941 -0.6739095 0.0331945 -0.0802640 0.0254813 0.9958948
1403715926.584058 0.7187023 0.1705604 -0.6210527 0.0529393 0.0225316 0.0382161 0.9976118
1403715926.834058 0.8648466 0.2163792 -0.5993079 0.0147625 0.1147247 0.0486495 0.9920955
1403715927.084058 1.0019981 0.2452219 -0.5952937 -0.0030739 0.1842822 0.0576114 0.9811786
1403715927.334058 1.1250196 0.2611291 -0.5975474 0.0122448 0.2543403 0.0341022 0.9664358
1403715928.784058 1.0923924 0.5249563 -0.8330511 -0.0021535 0.6658041 0.2466996 0.7041587
1403715928.984058 1.0229051 0.5427591 -0.8929855 -0.0592946 0.6367714 0.2860131 0.7135845
1403715929.084058 0.9970563 0.5339109 -0.9270920 -0.0779689 0.6157370 0.2963090 0.7259406
1403715929.234058 0.9768810 0.5151027 -0.9788651 -0.1025684 0.5914029 0.2956930 0.7431608
1403715929.384058 0.9777681 0.5003753 -1.0232167 -0.1161963 0.5949331 0.2366175 0.7593189
1403715929.534058 0.9950576 0.4880413 -1.0550417 -0.1194149 0.6122547 0.1494462 0.7671701
1403715929.684058 1.0145235 0.4690016 -1.0635794 -0.1159168 0.6239068 0.1085578 0.7651920
1403715930.284058 1.0562083 0.3755962 -0.9318240 0.0636755 0.6003129 0.2643692 0.7521162
1403715931.034058 1.1047400 0.3791595 -0.9409241 -0.0553358 0.6130996 0.2655789 0.7419668
1403715931.884058 1.4658774 0.3310181 -1.0071560 -0.0441709 0.6152011 0.2339246 0.7515689
1403715932.484058 1.7636700 0.2815314 -0.9935821 0.0905155 0.6424885 0.1212509 0.7512082
1403715932.634058 1.7825800 0.2647210 -0.9909004 0.1213521 0.6456323 0.1015639 0.7470726
1403715932.784058 1.7643406 0.2412918 -0.9944287 0.1382174 0.6481437 0.0895401 0.7434973
1403715934.234058 1.5183988 0.0025279 -1.0701815 0.0269543 0.6549647 0.1916302 0.7304605
1403715934.534058 1.6559024 -0.0279531 -1.0545607 0.1336784 0.6772104 0.0948264 0.7173034
1403715934.634058 1.6695112 -0.0313717 -1.0501592 0.1565181 0.6775124 0.0761124 0.7146229
1403715934.734058 1.6608778 -0.0352025 -1.0496551 0.1709756 0.6739283 0.0693330 0.7153887
1403715934.834058 1.6271323 -0.0420003 -1.0515959 0.1707311 0.6682154 0.0785208 0.7198427
1403715934.934058 1.5720209 -0.0475982 -1.0576470 0.1290179 0.6612581 0.1154771 0.7299021
1403715935.684058 1.0437376 0.0228251 -1.0814073 -0.1328718 0.5920628 0.3215083 0.7269382
1403715935.884058 0.9975162 0.0561159 -1.0724567 -0.1583118 0.5827894 0.3380988 0.7217916
1403715936.084058 1.0221326 0.0684653 -1.0594412 -0.1180409 0.6045290 0.3045765 0.7265289
1403715936.284058 1.0935878 0.0699386 -1.0427307 -0.0188890 0.6464155 0.2175013 0.7310836
1403715936.634058 1.1911204 0.0739020 -1.0031877 0.0746258 0.6682427 0.1683738 0.7207863
1403715937.334058 1.0998976 0.1106030 -0.9546232 -0.0011242 0.6121349 0.2157319 0.7607558
1403715937.584058 1.0333669 0.1487383 -0.9311087 -0.0287034 0.5600048 0.2194595 0.7983785
1403715937.884058 0.9743536 0.2082320 -0.8932053 -0.0718812 0.4999844 0.2297908 0.8318923
1403715938.184058 0.9701707 0.2472113 -0.8424990 -0.0895787 0.4402641 0.2126391 0.8677141
1403715938.434058 1.0141454 0.2347291 -0.7880418 -0.0583299 0.3974070 0.1495058 0.9035006
1403715940.684058 1.2131909 -0.0746463 -0.3856660 -0.1878760 0.3016197 0.1983942 0.9134374
1403715941.434058 1.4055063 -0.3361969 -0.1389949 0.1374963 0.3544918 0.0823594 0.9212205
1403715941.684058 1.4515315 -0.3696715 -0.0741726 0.1974216 0.3473022 0.0769191 0.9135039
1403715942.084058 1.3618079 -0.3250051 -0.1196963 0.1606216 0.3531656 0.0816530 0.9180455
1403715943.034058 1.0811981 0.1246901 -0.3631779 -0.1650607 0.3032803 0.1677842 0.9233767
1403715944.484058 1.1372602 0.1189388 -0.3175946 -0.1242319 0.2282634 0.1429100 0.9550073
1403715944.734058 1.1173606 0.1107902 -0.3542470 -0.1685218 0.1561414 0.1263884 0.9650110
1403715945.384058 1.1993819 -0.0375344 -0.2104216 0.1209740 0.0796029 -0.0261313 0.9891136
1403715946.434058 1.0978476 -0.1231104 -0.3384890 -0.1390358 0.0129528 0.0045629 0.9901921
1403715946.784058 1.0544398 -0.2274681 -0.2258985 0.0591123 -0.0214730 -0.0097142 0.9979731
1403715947.134058 1.0091412 -0.2956606 -0.1611458 0.1494373 -0.0265927 -0.0038952 0.9884059
1403715947.384058 0.9837288 -0.2976855 -0.1946370 0.1715260 -0.0186266 0.0083423 0.9849682
1403715947.784058 0.9602842 -0.1879508 -0.3485144 -0.0618343 -0.0272414 0.0272334 0.9973429
1403715948.184058 0.9441442 -0.0631814 -0.4149275 -0.1819500 -0.0296409 -0.0076266 0.9828314
1403715948.534058 0.9300559 -0.0522456 -0.3058681 -0.0434086 -0.0312818 -0.0034225 0.9985617
1403715948.884058 0.9131209 -0.0581994 -0.1559805 0.0929942 -0.0142344 -0.0036627 0.9955581
1403715949.234058 0.8996884 -0.0387352 -0.1063946 0.0975763 -0.0558166 -0.0072067 0.9936355
1403715949.784058 0.8873370 0.0214403 -0.1468034 -0.1288945 -0.1509977 -0.0717847 0.9774625
1403715950.034058 0.8572639 0.0057593 -0.0938887 -0.1127917 -0.1924666 -0.1263614 0.9665751
1403715950.784058 0.6475478 -0.1106214 0.1054416 0.1714417 -0.2607635 -0.0546866 0.9484828
1403715950.984058 0.6456972 -0.1210193 0.0751754 0.1575357 -0.2715815 -0.0513205 0.9480465
1403715952.734058 0.4190594 -0.2461347 -0.0802000 0.1559201 -0.5160923 -0.0697600 0.8393278
1403715953.734058 0.7811348 -0.1885822 -0.1475655 -0.1526143 -0.5204364 -0.2965879 0.7860601
1403715954.084058 0.6731207 -0.1963205 -0.0840258 -0.0008462 -0.5640824 -0.3217525 0.7604510
1403715954.384058 0.4885846 -0.1968277 -0.0946040 0.1111450 -0.6030839 -0.2055818 0.7626747
1403715954.684058 0.3941606 -0.1791036 -0.1047496 0.1643108 -0.6371708 -0.0976692 0.7466432
1403715954.934058 0.4182009 -0.1564828 -0.1423421 0.1200726 -0.6350777 -0.1337647 0.7512429
1403715955.234058 0.5271972 -0.1109148 -0.2264260 -0.0139718 -0.5995191 -0.2283587 0.7669641
1403715955.834058 0.6127471 -0.0774080 -0.3291095 -0.0981411 -0.6065628 -0.2858934 0.7353331
1403715956.134058 0.5046465 -0.1133348 -0.3499499 0.0609207 -0.7001857 -0.2165401 0.6775981
1403715956.484058 0.4419189 -0.1481823 -0.3842028 0.1316636 -0.7891928 -0.1778607 0.5728918
1403715956.784058 0.5091528 -0.1769172 -0.3958661 0.1167247 -0.8301432 -0.1745156 0.5165094
1403715957.234058 0.7582977 -0.2049462 -0.3647674 -0.0223793 -0.7815201 -0.3393676 0.5230250
1403715957.584058 0.9043432 -0.1529532 -0.3489389 -0.1028028 -0.7253353 -0.4345558 0.5239099
1403715957.834058 0.8711219 -0.1089236 -0.3715507 -0.0740526 -0.7423133 -0.4140874 0.5215542
1403715958.034058 0.7909685 -0.0683181 -0.4249697 0.0061028 -0.8048307 -0.3065937 0.5081443
1403715958.284058 0.7015361 -0.0204169 -0.5040024 -0.0791984 0.8597059 0.2039966 -0.4615395
1403715958.534058 0.6727508 0.0229280 -0.5549920 -0.1083641 0.8955179 0.1408868 -0.4079900
1403715958.734058 0.7119526 0.0527889 -0.5493097 -0.0748977 0.9134094 0.1566543 -0.3681481
1403715959.134058 0.8457008 0.0555964 -0.4353191 0.0442753 0.9021002 0.3271244 -0.2779290
1403715959.684058 0.9418746 0.0772648 -0.3246750 0.0102389 0.8522358 0.4891210 -0.1853374
1403715959.784058 0.9366711 0.0778651 -0.3553687 0.0000337 0.8781201 0.4470193 -0.1705250
1403715960.384058 0.8990671 0.0808352 -0.5533200 -0.0529016 0.9784956 0.1565820 -0.1234095
1403715960.584058 0.9212630 0.0552500 -0.5305278 -0.0537404 0.9751848 0.1732943 -0.1268687
1403715960.984058 1.0028856 -0.0178898 -0.3701553 -0.0289939 0.8938189 0.4232112 -0.1453941
1403715961.184058 1.0520440 -0.0524803 -0.3207072 -0.0143986 0.8512140 0.5013936 -0.1543757
1403715961.384058 1.0834093 -0.0731258 -0.3403234 0.0173985 0.8573840 0.4892288 -0.1588870
1403715961.784058 1.0982194 -0.0948696 -0.5240371 -0.0141674 0.9519283 0.2950042 -0.0812665
1403715962.184058 1.1018133 -0.0867397 -0.6351827 -0.0301934 0.9907947 0.1319346 0.0027433
1403715962.434058 1.1147823 -0.0920164 -0.5733181 0.0083979 0.9843627 0.1676828 0.0533119
1403715962.584058 1.1123142 -0.0939064 -0.4895612 0.0483590 0.9662621 0.2393507 0.0819158
1403715963.084058 1.0110278 -0.0617840 -0.1522870 -0.0100168 0.8806697 0.4420640 0.1699997
1403715963.684058 0.9277764 0.1616373 -0.0008482 -0.0222562 0.8947052 0.3129283 0.3179356
1403715964.284058 0.9205692 0.2534012 0.0115318 -0.0509357 0.8617396 0.3395289 0.3735379
1403715964.584058 0.9502643 0.2154216 -0.0048890 -0.0305440 0.8675116 0.3247426 0.3755437
1403715964.834058 0.9856377 0.1743245 -0.0260032 0.0151954 0.8700555 0.3176900 0.3766239
1403715967.584058 1.2096730 -0.1522882 -0.1682309 0.0396285 0.9119539 0.1928658 0.3599618
1403715967.934058 1.1575279 -0.2310483 -0.0611937 0.0290459 0.8294578 0.3648241 0.4219711
1403715968.884058 1.0518321 -0.1685251 0.0395964 0.0468391 0.8668620 0.1845642 0.4607520
1403715969.034058 1.0012963 -0.1430344 0.0735669 0.0376755 0.8612291 0.2043740 0.4637847
1403715969.334058 0.8682707 -0.1113091 0.1602379 -0.0746239 0.7927684 0.3948647 0.4582919
1403715969.484058 0.8230175 -0.0950214 0.1898196 -0.1127625 0.7691854 0.4399008 0.4495840
1403715969.634058 0.8105233 -0.0771463 0.1965249 -0.1534314 0.7721899 0.4197882 0.4516187
1403715969.834058 0.8564793 -0.0565906 0.1862548 -0.1554555 0.8064083 0.3327235 0.4635023
1403715970.334058 1.0693440 -0.0562800 0.1953381 0.0576446 0.8611059 0.1670897 0.4767124
1403715970.634058 1.0886426 -0.0840444 0.2691641 0.0751106 0.8402882 0.2263605 0.4868625
1403715970.784058 1.0567508 -0.0986441 0.3196436 0.0378195 0.8084871 0.3305490 0.4854437
1403715970.934058 1.0219673 -0.1215838 0.3489578 -0.0056185 0.7688081 0.4289484 0.4742424
1403715971.084058 0.9961350 -0.1347136 0.3527927 -0.0531337 0.7418543 0.4737796 0.4715527
1403715973.584058 0.8023731 -0.3264911 0.1726221 -0.0220530 0.6479398 0.2931011 0.7026944
1403715973.784058 0.7383263 -0.3169025 0.1408807 -0.0311041 0.6342530 0.3243031 0.7011299
1403715973.984058 0.6984583 -0.3009017 0.0985736 -0.0393053 0.6316211 0.3255302 0.7025240
1403715974.234058 0.6881714 -0.2809785 0.0227916 -0.0315156 0.6458380 0.2803923 0.7094225
1403715974.434058 0.6952222 -0.2523713 -0.0379518 -0.0353214 0.6459782 0.2712050 0.7126798
1403715975.634058 0.8649814 -0.0667287 -0.3624335 -0.0228329 0.6446218 0.2191620 0.7320583
1403715975.834058 0.8929121 -0.0620096 -0.4021074 -0.0251729 0.6417586 0.2248968 0.7327576
1403715976.034058 0.9216282 -0.0590636 -0.4358396 -0.0310209 0.6407136 0.2286089 0.7322990
1403715976.484058 0.9924192 -0.0630307 -0.4786384 -0.0363702 0.6482159 0.2137059 0.7299473
1403715978.134058 1.1600428 -0.1485564 -0.1972006 -0.0089287 0.2767427 0.0464092 0.9597812
1403715979.834058 0.6494603 -0.2347363 0.0335657 0.0789139 -0.4546388 -0.1876819 0.8670938
1403715980.134058 0.5656325 -0.2230945 -0.0532345 0.0988976 -0.5785019 -0.2053896 0.7831793
1403715980.484058 0.5232474 -0.1754522 -0.2144283 0.0836748 -0.7086083 -0.2213961 0.6647230
1403715980.884058 0.5452920 -0.1171644 -0.4149112 -0.0480135 0.8349415 0.2411297 -0.4923656
1403715981.284058 0.6401907 -0.0711982 -0.5675347 -0.0287807 0.9249738 0.2562307 -0.2791789
1403715981.584058 0.7561036 -0.0477533 -0.6187258 -0.0144556 0.9643856 0.2454489 -0.0974999
1403715981.834058 0.8366447 -0.0725089 -0.6064909 -0.0185241 0.9620501 0.2661027 0.0574959
1403715982.134058 0.9352772 -0.1021330 -0.5371668 -0.0242855 0.9311933 0.2944690 0.2134882
1403715982.484058 1.0314432 -0.1454000 -0.4149255 -0.0196988 0.8853171 0.2815008 0.3695711
1403715982.884058 1.1063805 -0.2106122 -0.2416399 -0.0126018 0.7945318 0.2498865 0.5532785
1403715983.284058 1.1379298 -0.2793126 -0.0301476 0.0022725 0.6703005 0.2102144 0.7116895
1403715983.684058 1.1203812 -0.3608466 0.1633186 0.0512828 0.5006661 0.1507633 0.8508666
1403715984.084058 1.0082544 -0.4092573 0.2767274 0.0768557 0.3245633 0.1097372 0.9363278
1403715984.384058 0.8958848 -0.4311844 0.3002636 0.0650143 0.2053735 0.0882639 0.9725248
1403715984.634058 0.7960671 -0.4382842 0.2718047 0.0375096 0.1124085 0.0477097 0.9918070
1403715984.734058 0.7572690 -0.4322679 0.2525080 0.0248613 0.0688461 0.0331167 0.9967675
1403715984.834058 0.6903938 -0.4371034 0.2229625 0.0156213 0.0337653 0.0289123 0.9988894
1403715984.984058 0.6632047 -0.4115091 0.1899556 0.0297079 -0.0485362 0.0124239 0.9983022
1403715986.334058 0.3124167 -0.2166830 -0.1741045 -0.0178512 -0.0313467 0.0317268 0.9988454
1403715986.634058 0.2762306 -0.1450482 -0.1965221 -0.0341803 -0.0261169 0.0034203 0.9990685
1403715986.934058 0.2412960 -0.0806509 -0.1951005 -0.0484611 -0.0281020 -0.0014889 0.9984286
1403715987.234058 0.2131114 -0.0407591 -0.1680089 0.0131453 -0.0063375 0.0457539 0.9988461
1403715989.134058 0.2374652 0.1240313 -0.1353576 -0.0155708 0.0254086 0.0237834 0.9992729
1403715989.334058 0.2527812 0.1249020 -0.1353272 -0.0153336 0.0286566 0.0224752 0.9992189
1403715989.584058 0.2727952 0.1243314 -0.1300362 -0.0140774 0.0305161 0.0215050 0.9992037
1403715989.834058 0.2919565 0.1244773 -0.1208658 0.0059829 0.0329076 0.0151877 0.9993251
1403715990.384058 0.3154352 0.1481518 -0.1080779 0.0013737 0.0308342 0.0012364 0.9995228
1403715990.634058 0.3126911 0.1756618 -0.1004763 -0.0065717 0.0299091 -0.0023949 0.9995282
1403715990.834058 0.3030590 0.2014237 -0.0911038 -0.0183657 0.0297526 -0.0032587 0.9993833
1403715990.984058 0.2902428 0.2177663 -0.0834482 -0.0216294 0.0294323 -0.0044235 0.9993230
1403715991.084058 0.2745558 0.1867091 -0.0848031 -0.0321150 0.0302559 -0.0034699 0.9990201
1403715991.184058 0.2800068 0.1913943 -0.0789328 -0.0201657 0.0254499 -0.0027892 0.9994688
