1413394888.505760 -0.0001588 -0.0060062 0.0001456 -0.0010534 0.0000468 0.0013734 0.9999985
1413394888.655760 -0.0134582 -0.0205780 0.0135855 -0.0034866 -0.0037041 0.0081331 0.9999540
1413394888.705760 -0.0179201 -0.0239169 0.0196653 -0.0001518 -0.0046336 0.0091759 0.9999471
1413394893.005760 -0.1366406 -0.2336501 0.3090820 0.0268025 -0.3012647 -0.1101764 0.9467747
1413394893.305761 -0.1802282 -0.2397597 0.2791800 0.0228030 -0.3843601 -0.1587483 0.9091459
1413394894.105761 -0.3598821 -0.1999390 0.1412939 0.1072684 -0.4166106 -0.1785109 0.8849084
1413394896.955760 -0.6802416 0.2153639 -0.6818120 -0.0796169 -0.6172738 -0.0630512 0.7801659
1413394897.055760 -0.6820999 0.2139108 -0.6569929 -0.0867779 -0.6182522 -0.0564503 0.7791323
1413394897.155760 -0.6795548 0.2064116 -0.6200004 -0.0840463 -0.6165152 -0.0641486 0.7802116
1413394901.055760 -0.5811899 0.0497988 -0.4869819 -0.1241083 0.8812775 0.3221465 -0.3227518
1413394901.655760 -0.4249287 0.1108264 -0.7257236 -0.0205862 0.9547750 0.2692097 -0.1245270
1413394902.505760 -0.1496500 0.1733996 -0.8239259 -0.0341250 0.9451373 0.2691460 0.1819656
1413394902.705760 -0.0795094 0.1718574 -0.8044006 0.0378164 0.9330646 0.2912329 0.2077109
1413394902.805761 -0.0524719 0.1683669 -0.7913200 0.0618046 0.9251896 0.3085383 0.2121524
1413394903.055760 -0.0114827 0.1640525 -0.7577481 0.0438325 0.9179270 0.3382431 0.2026827
1413394905.455760 -0.1058549 0.2820846 -0.7950152 0.0396234 0.8133380 0.3443421 -0.4672683
1413394905.605761 -0.1217936 0.2802200 -0.7959678 0.0605583 0.7798452 0.4004653 -0.4772858
1413394905.755760 -0.1532324 0.2794331 -0.8055732 0.0018704 0.8034304 0.3514242 -0.4806215
1413394906.255760 -0.2516021 0.2365544 -0.8693359 -0.0517579 0.8740336 0.1612319 -0.4554016
1413394908.505760 -0.1779331 0.1899894 -0.4731114 -0.0477996 -0.6519552 -0.3384572 0.6768429
1413394909.455760 -0.2412915 0.0501346 -0.4489596 -0.0432247 -0.6663159 -0.2663775 0.6951243
1413394910.255760 -0.2049448 -0.0562316 -0.3405243 -0.0026501 -0.5977568 -0.2530554 0.7606857
1413394910.455760 -0.1888847 -0.0631130 -0.3092001 -0.0612892 -0.5856544 -0.2904733 0.7542399
1413394911.455760 -0.1314329 -0.0622218 -0.1413236 -0.0353000 -0.5987154 -0.2956762 0.7435518
1413394914.955760 -0.4097608 0.0151342 -0.3128061 -0.0508508 0.8503116 0.3099515 -0.4222730
1413394915.155760 -0.4200490 0.0573144 -0.3682805 -0.0876321 0.8676911 0.3185394 -0.3714370
1413394915.355760 -0.4164151 0.0982910 -0.4311379 -0.1182503 0.8848767 0.3333990 -0.3030764
1413394915.555760 -0.3949641 0.1369712 -0.4961269 -0.1259676 0.9098001 0.3252565 -0.2249539
1413394916.255760 -0.1915151 0.2126431 -0.6906063 -0.0312649 0.9528500 0.2908456 0.0806739
1413394916.405761 -0.1453146 0.2157579 -0.7063277 -0.0128230 0.9345297 0.3315254 0.1287659
1413394916.505760 -0.1130685 0.2195977 -0.7103240 0.0219775 0.9232454 0.3493833 0.1583229
1413394916.655760 -0.0733081 0.2293624 -0.7160611 0.0882171 0.9099590 0.3480529 0.2074888
1413394916.855760 -0.0409042 0.2563697 -0.7241837 0.0824962 0.8825841 0.3579905 0.2933981
1413394916.955760 -0.0322147 0.2773520 -0.7279360 0.0564104 0.8657044 0.3655104 0.3373069
1413394917.155760 -0.0282787 0.3212666 -0.7481214 -0.0149778 0.8299273 0.3568201 0.4285741
1413394917.255760 -0.0252030 0.3428338 -0.7591409 -0.0426614 0.8090249 0.3512860 0.4693154
1413394917.355760 -0.0195008 0.3626767 -0.7756433 -0.0569123 0.7889447 0.3473856 0.5036373
1413394917.555760 0.0016346 0.4034673 -0.8060252 -0.0656353 0.7713066 0.3273480 0.5418684
1413394917.755760 0.0413297 0.4364003 -0.8341445 -0.0762177 0.7759992 0.2956770 0.5518978
1413394917.955760 0.0952348 0.4516419 -0.8519302 -0.1034028 0.7795634 0.2621915 0.5593249
1413394918.055760 0.1256259 0.4535717 -0.8546832 -0.1028082 0.7720720 0.2619103 0.5698582
1413394918.155760 0.1609968 0.4587734 -0.8498858 -0.0769778 0.7591031 0.2768047 0.5841371
1413394918.255760 0.1984408 0.4618887 -0.8446993 -0.0465526 0.7412518 0.2941312 0.6015526
1413394918.355760 0.2364963 0.4657674 -0.8355223 -0.0152222 0.7186928 0.3205926 0.6168219
1413394918.455760 0.2780755 0.4669563 -0.8247964 0.0093090 0.6988531 0.3375978 0.6305119
1413394918.555760 0.3188140 0.4717659 -0.8224558 0.0211070 0.6826266 0.3351481 0.6490386
1413394918.655760 0.3595783 0.4768704 -0.8230966 0.0151520 0.6690871 0.3194408 0.6708581
1413394918.755760 0.4016830 0.4836727 -0.8223666 0.0015782 0.6608551 0.2940411 0.6905128
1413394918.855760 0.4442855 0.4883035 -0.8258570 -0.0094137 0.6562901 0.2617678 0.7075821
1413394918.955760 0.4878394 0.4911119 -0.8260583 -0.0055487 0.6559305 0.2277043 0.7196354
1413394919.055760 0.5301203 0.4798096 -0.8270935 0.0091110 0.6481242 0.2160353 0.7301924
1413394919.155760 0.5677381 0.4701417 -0.8316528 0.0285042 0.6342239 0.2066707 0.7444694
1413394919.255760 0.6011470 0.4548167 -0.8378811 0.0470199 0.6157485 0.1949312 0.7620005
1413394919.355760 0.6272015 0.4401196 -0.8446741 0.0573545 0.5987086 0.1698577 0.7806451
1413394919.455760 0.6508625 0.4167528 -0.8549721 0.0503257 0.5818729 0.1418817 0.7992252
1413394919.555760 0.6645564 0.4126114 -0.8669327 0.0349169 0.5567154 0.1151463 0.8219429
1413394919.655760 0.6721891 0.3948705 -0.8690099 0.0134714 0.5265172 0.1256506 0.8407199
1413394919.755760 0.6760924 0.3762126 -0.8703310 0.0016017 0.4891865 0.1497601 0.8592240
1413394919.855760 0.6800538 0.3615564 -0.8688794 -0.0060588 0.4499334 0.1751820 0.8756909
1413394919.955760 0.6839325 0.3500560 -0.8654366 -0.0130052 0.4137410 0.1817297 0.8919774
1413394920.055760 0.6872631 0.3448431 -0.8531129 -0.0173594 0.3778464 0.1737753 0.9092485
1413394920.155760 0.6923016 0.3429752 -0.8388585 -0.0207066 0.3421523 0.1600264 0.9256860
1413394920.255760 0.7025118 0.3428591 -0.8227554 -0.0261365 0.3062930 0.1400523 0.9412156
1413394920.355760 0.7136748 0.3441401 -0.8052942 -0.0221343 0.2786541 0.1077325 0.9540732
1413394920.455760 0.7286462 0.3412504 -0.7882394 -0.0148007 0.2552501 0.0754214 0.9638153
1413394920.555760 0.7436980 0.3370595 -0.7674673 -0.0067599 0.2376529 0.0414049 0.9704437
1413394920.655760 0.7584980 0.3301833 -0.7404213 -0.0038614 0.2287591 0.0099433 0.9734246
1413394920.855760 0.7768676 0.3090447 -0.6875566 -0.0096274 0.2166957 -0.0032015 0.9761865
1413394920.955760 0.7800817 0.2985392 -0.6544517 -0.0099947 0.2139253 0.0057332 0.9767821
1413394921.055760 0.7813528 0.2885472 -0.6173567 -0.0098898 0.2117239 0.0267064 0.9769145
1413394921.155760 0.7801011 0.2767828 -0.5792508 0.0038207 0.2101624 0.0512405 0.9763153
1413394921.255760 0.7787656 0.2688982 -0.5368887 0.0173833 0.2085465 0.0804144 0.9745459
1413394921.355760 0.7794926 0.2635197 -0.4937533 0.0225048 0.1996522 0.1300335 0.9709396
1413394921.455760 0.7792085 0.2621321 -0.4494488 0.0244875 0.1948254 0.1728013 0.9651855
1413394921.555760 0.7884370 0.2635502 -0.4076743 0.0151438 0.2021959 0.1766123 0.9631696
1413394921.655760 0.7986372 0.2699517 -0.3646309 0.0151220 0.2277753 0.1365871 0.9639677
1413394921.755760 0.8248100 0.2730819 -0.3193142 0.0201957 0.2483239 0.0881923 0.9644426
1413394921.855760 0.8480431 0.2739888 -0.2772346 0.0352243 0.2535454 0.0582276 0.9649267
1413394921.955760 0.8669881 0.2722340 -0.2365555 0.0684735 0.2359763 0.0530087 0.9678929
1413394922.055760 0.8760996 0.2653058 -0.2013113 0.0906151 0.2073977 0.0602024 0.9721887
1413394922.255760 0.8978633 0.2534373 -0.1441212 0.0740002 0.1451380 0.0327603 0.9860962
1413394922.455760 0.9180628 0.2238424 -0.1061363 0.0286301 0.1100990 -0.0223761 0.9932562
1413394922.655760 0.9288424 0.1739847 -0.0764250 0.0210103 0.0746934 -0.0058914 0.9969678
1413394922.855760 0.9359814 0.1228072 -0.0440788 0.0036565 0.0566834 0.0130200 0.9983006
1413394923.055760 0.9436806 0.0678469 -0.0043935 -0.0134296 0.0559271 0.0149951 0.9982319
1413394923.255760 0.9509110 0.0240018 0.0448669 0.0033410 0.0695404 -0.0107686 0.9975154
1413394923.455760 0.9598339 -0.0302435 0.1046528 0.0053334 0.0618766 -0.0084934 0.9980334
1413394923.655760 0.9640705 -0.0786192 0.1668701 -0.0061689 0.0220712 -0.0158718 0.9996114
1413394923.855760 0.9608969 -0.1233701 0.2396546 0.0163580 -0.0263356 -0.0561587 0.9979404
1413394924.055760 0.9469524 -0.1562122 0.3168953 0.0338732 -0.0855682 -0.0835230 0.9922472
1413394924.255760 0.9236795 -0.1851849 0.3900395 0.0352646 -0.1596261 -0.0828829 0.9830597
1413394924.455760 0.9060464 -0.2179198 0.4664810 0.0307452 -0.2386661 -0.0870871 0.9667001
1413394924.555760 0.8939198 -0.2338241 0.5015496 0.0351036 -0.2699679 -0.1005959 0.9569564
1413394924.655760 0.8830972 -0.2512309 0.5379198 0.0374802 -0.2999242 -0.1229843 0.9452595
1413394924.955760 0.8501249 -0.3046719 0.6369534 0.0848395 -0.3779196 -0.1927747 0.9015636
1413394925.055760 0.8356486 -0.3201270 0.6650654 0.1042580 -0.3899027 -0.2124068 0.8899379
1413394925.155760 0.8229209 -0.3331293 0.6847224 0.0999369 -0.4003466 -0.2290751 0.8816234
1413394925.255760 0.8077272 -0.3443609 0.6984048 0.0930696 -0.4091786 -0.2481898 0.8731052
1413394925.655760 0.7226024 -0.3618367 0.7129718 0.0685351 -0.4432647 -0.2420781 0.8603590
1413394925.955760 0.6385773 -0.3493359 0.6977462 0.0289888 -0.4698951 -0.1903274 0.8614718
1413394926.055760 0.6105055 -0.3446028 0.6921424 0.0280856 -0.4740295 -0.1969356 0.8577433
1413394926.155760 0.5855260 -0.3369669 0.6856623 0.0313908 -0.4753869 -0.2053408 0.8549017
1413394926.255760 0.5576432 -0.3307773 0.6752036 0.0348892 -0.4740222 -0.2164002 0.8527935
1413394926.555760 0.4613717 -0.3050917 0.6446971 0.0087905 -0.4944579 -0.1973235 0.8464618
1413394926.655760 0.4241509 -0.3008808 0.6330454 0.0050089 -0.5183579 -0.1894330 0.8339036
1413394926.755760 0.3840326 -0.2983860 0.6197512 -0.0062312 -0.5528102 -0.1744396 0.8148208
1413394926.855760 0.3456026 -0.2978516 0.6112450 -0.0233787 -0.5908474 -0.1586169 0.7906918
1413394926.955760 0.3076134 -0.2977878 0.6067884 -0.0351766 -0.6231216 -0.1528261 0.7662416
1413394927.155760 0.2314973 -0.2905611 0.6153873 -0.0053050 -0.6491362 -0.1892774 0.7367280
1413394927.255760 0.1941857 -0.2883502 0.6269839 0.0229913 -0.6499029 -0.2162787 0.7282314
1413394927.555760 0.0859939 -0.3072000 0.6492414 0.0249437 -0.6489661 -0.2426276 0.7206613
1413394927.705760 0.0316343 -0.3302869 0.6532207 0.0198915 -0.6510131 -0.2415440 0.7193350
1413394927.855760 -0.0246256 -0.3522752 0.6569011 0.0277829 -0.6548350 -0.2414635 0.7156218
1413394928.005760 -0.0807259 -0.3650633 0.6612325 0.0288645 -0.6566240 -0.2412108 0.7140232
1413394928.455760 -0.2430843 -0.3767940 0.6630565 0.0842809 -0.6582091 -0.2245756 0.7135988
1413394928.605761 -0.2867510 -0.3793052 0.6548538 0.0567932 -0.6611912 -0.2141412 0.7167596
1413394928.805761 -0.3362443 -0.3817699 0.6382986 0.0453887 -0.6570113 -0.2137540 0.7215160
1413394930.805761 -0.4921479 -0.2484918 0.5786479 -0.0464295 -0.6199092 -0.2759216 0.7330922
1413394931.255760 -0.5416825 -0.2313310 0.5932787 0.0895532 -0.6439504 -0.1946793 0.7344440
1413394931.405761 -0.5430422 -0.2419882 0.5825583 0.0995428 -0.6462923 -0.1789099 0.7351114
1413394931.555760 -0.5326926 -0.2512780 0.5707435 0.0662422 -0.6349656 -0.2096249 0.7405998
1413394932.405761 -0.4646045 -0.2398247 0.4255870 0.0427631 -0.8124021 -0.2316338 0.5334042
1413394932.705760 -0.4242932 -0.2461644 0.3789889 -0.0661853 0.8693210 0.2415942 -0.4260666
1413394933.055760 -0.3521200 -0.2478164 0.3588789 -0.0299284 0.8857082 0.3255048 -0.3296543
1413394933.355760 -0.2896609 -0.2286495 0.3485202 -0.0302152 0.9089941 0.3326204 -0.2493601
1413394933.655760 -0.2351669 -0.1842929 0.3469526 -0.0336295 0.9296293 0.3223042 -0.1754379
1413394933.905761 -0.1907406 -0.1523462 0.3495551 -0.0343058 0.9422598 0.3086177 -0.1253983
1413394934.155760 -0.1444716 -0.1317825 0.3601390 -0.0304529 0.9412971 0.3296622 -0.0659942
1413394934.405761 -0.0966073 -0.1050615 0.3781779 -0.0234930 0.9446456 0.3270219 0.0122219
1413394934.605761 -0.0615035 -0.0702069 0.4011406 -0.0182236 0.9373852 0.3424100 0.0610918
1413394934.805761 -0.0316449 -0.0419958 0.4202940 -0.0205294 0.9358785 0.3413593 0.0847577
1413394935.255760 0.0280620 -0.0382852 0.4383270 -0.0094884 0.9458354 0.3167366 0.0705931
1413394935.755760 0.0675667 -0.0190017 0.4961354 -0.0294132 0.9446829 0.3251301 0.0316157
1413394936.005760 0.0877687 -0.0284875 0.5306663 -0.0303555 0.9421415 0.3330010 0.0236283
1413394936.205760 0.1084003 -0.0229527 0.5659885 -0.0329849 0.9269950 0.3700805 0.0513088
1413394936.305761 0.1186571 -0.0209212 0.5857139 -0.0337185 0.9272593 0.3625263 0.0873384
1413394936.405761 0.1318460 -0.0187407 0.6045663 -0.0340416 0.9286640 0.3445048 0.1331945
1413394936.505760 0.1441292 -0.0149869 0.6226988 -0.0384004 0.9248180 0.3275135 0.1896626
1413394936.605761 0.1573405 -0.0142077 0.6393103 -0.0475178 0.9132949 0.3203218 0.2470392
1413394936.705760 0.1736374 -0.0160920 0.6605470 -0.0462343 0.8987228 0.3214728 0.2946437
1413394936.805761 0.1935302 -0.0193100 0.6785892 -0.0455894 0.8845362 0.3226719 0.3337665
1413394936.905761 0.2148192 -0.0226020 0.6999764 -0.0485455 0.8708502 0.3220138 0.3681989
1413394937.005760 0.2360267 -0.0267400 0.7206164 -0.0520956 0.8548247 0.3236432 0.4022634
1413394937.105761 0.2576087 -0.0311349 0.7391874 -0.0564404 0.8361374 0.3249615 0.4382792
1413394937.205760 0.2840635 -0.0341878 0.7590366 -0.0588321 0.8202144 0.3222627 0.4689710
1413394937.255760 0.2984926 -0.0345643 0.7686453 -0.0551792 0.8106561 0.3245739 0.4841938
1413394937.305761 0.3104296 -0.0354758 0.7757840 -0.0504421 0.8020378 0.3285034 0.4962624
1413394937.355760 0.3256242 -0.0347029 0.7816633 -0.0437013 0.7941922 0.3312473 0.5075669
1413394937.455760 0.3533870 -0.0320509 0.7911644 -0.0350592 0.7848796 0.3301231 0.5232147
1413394937.555760 0.3841905 -0.0297220 0.8017945 -0.0290286 0.7807938 0.3257054 0.5323855
1413394937.655760 0.4189034 -0.0308837 0.8129964 -0.0250085 0.7809874 0.3210384 0.5351333
1413394937.755760 0.4536295 -0.0305024 0.8226300 -0.0180672 0.7829710 0.3176345 0.5345449
1413394937.855760 0.4883823 -0.0254640 0.8261526 -0.0091790 0.7858992 0.3177356 0.5303983
1413394937.955760 0.5227649 -0.0229678 0.8326142 -0.0002161 0.7915182 0.3243443 0.5179765
1413394938.055760 0.5607464 -0.0302350 0.8336231 0.0065789 0.7950467 0.3410708 0.5015259
1413394938.155760 0.5963491 -0.0331661 0.8310792 0.0146483 0.7979801 0.3545839 0.4871175
1413394938.255760 0.6322997 -0.0403867 0.8213859 0.0175856 0.8036215 0.3620335 0.4720328
1413394938.355760 0.6689711 -0.0480347 0.8104994 0.0107437 0.8181107 0.3525640 0.4541785
1413394938.455760 0.7031694 -0.0639002 0.7879347 0.0063841 0.8328975 0.3396795 0.4368739
1413394938.555760 0.7389323 -0.0802262 0.7638028 -0.0049525 0.8468707 0.3312913 0.4159706
1413394938.755760 0.8110574 -0.1026760 0.7130210 -0.0242631 0.8667966 0.3470577 0.3572477
1413394938.855760 0.8476195 -0.1022304 0.6881159 -0.0191306 0.8757189 0.3599187 0.3212614
1413394939.055760 0.9169074 -0.0981404 0.6389068 0.0367187 0.8971593 0.3735372 0.2328668
1413394939.155760 0.9473642 -0.0870528 0.6111634 0.0553034 0.9081835 0.3709324 0.1858858
1413394939.255760 0.9713247 -0.0723895 0.5832968 0.0542313 0.9172992 0.3674829 0.1434484
1413394939.355760 0.9912167 -0.0553981 0.5550673 0.0422209 0.9239421 0.3643848 0.1084991
1413394939.455760 1.0083854 -0.0386198 0.5255948 0.0104289 0.9288937 0.3604262 0.0845018
1413394939.655760 1.0361006 -0.0231001 0.4609122 -0.0119988 0.9349640 0.3495055 0.0595337
1413394939.755760 1.0496830 -0.0224884 0.4271179 0.0104682 0.9356008 0.3501232 0.0442186
1413394939.855760 1.0600773 -0.0215174 0.3910118 0.0393271 0.9345162 0.3528707 0.0248005
1413394940.055760 1.0669681 -0.0084055 0.3231589 -0.0025498 0.9260976 0.3771593 -0.0093605
1413394940.255760 1.0676142 0.0183260 0.2568559 -0.0061425 0.9257044 0.3734643 -0.0596503
1413394940.355760 1.0655808 0.0362266 0.2218775 -0.0039938 0.9279968 0.3607016 -0.0932759
1413394940.455760 1.0632175 0.0562996 0.1869660 -0.0021653 0.9274937 0.3500547 -0.1311965
1413394940.655760 1.0488244 0.0955235 0.1217842 -0.0356950 0.9170794 0.3415111 -0.2026358
1413394940.755760 1.0443275 0.1127551 0.0873868 -0.0565039 0.9086881 0.3437923 -0.2300003
1413394940.855760 1.0430993 0.1242924 0.0519142 -0.0575994 0.9047729 0.3423982 -0.2466412
1413394940.955760 1.0422375 0.1312191 0.0138205 -0.0383717 0.9040630 0.3394187 -0.2568903
1413394941.055760 1.0426266 0.1379837 -0.0282649 -0.0057898 0.9003840 0.3421803 -0.2686779
1413394941.205760 1.0385020 0.1464186 -0.0878503 0.0365532 0.8906018 0.3497745 -0.2883577
1413394941.405761 1.0169624 0.1558208 -0.1692734 0.0417662 0.8795651 0.3643491 -0.3031016
1413394941.605761 0.9760485 0.1613632 -0.2533108 -0.0319158 0.8757679 0.3731944 -0.3045289
1413394941.705760 0.9547129 0.1656056 -0.2962032 -0.0496509 0.8748694 0.3678971 -0.3111110
1413394941.805761 0.9302796 0.1678729 -0.3455387 -0.0524029 0.8767555 0.3546818 -0.3205535
1413394941.905761 0.9077793 0.1705965 -0.3949049 -0.0176691 0.8819996 0.3359781 -0.3299746
1413394942.055760 0.8737931 0.1746540 -0.4705175 0.0518375 0.8850209 0.3113122 -0.3422507
1413394942.205760 0.8288691 0.1761039 -0.5398129 0.1083049 0.8812860 0.2915109 -0.3558462
1413394942.355760 0.7623122 0.1677913 -0.5950899 0.1341977 0.8704078 0.2794625 -0.3824682
1413394942.505760 0.6801649 0.1528881 -0.6407995 0.1188477 0.8547059 0.2716701 -0.4260850
1413394942.655760 0.5757120 0.1379251 -0.6646363 0.0956404 0.8350573 0.2564045 -0.4772723
1413394942.755760 0.4958646 0.1277663 -0.6679318 -0.0640209 -0.8204591 -0.2479157 0.5111614
1413394942.855760 0.4131387 0.1267385 -0.6655302 0.0033050 -0.8022871 -0.2377650 0.5475329
1413394942.955760 0.3267619 0.1330210 -0.6477332 0.0739273 -0.7818854 -0.2242662 0.5769702
1413394943.055760 0.2517509 0.1479046 -0.6277903 0.1201387 -0.7594862 -0.2087244 0.6043025
1413394943.155760 0.1919798 0.1625377 -0.6214480 0.1458747 -0.7318562 -0.1959677 0.6361632
1413394943.305761 0.1201627 0.1903815 -0.6119747 0.1638277 -0.6902186 -0.1776650 0.6820513
1413394943.605761 0.0476943 0.2398894 -0.6209471 0.1426638 -0.6043208 -0.1812023 0.7626330
1413394944.155760 0.0449837 0.3393362 -0.7178383 0.0349086 -0.5628526 -0.1713346 0.8078507
1413394944.555760 0.0680837 0.3772831 -0.7827563 -0.0095176 -0.5209671 -0.2033682 0.8289415
1413394944.805761 0.0640095 0.3993469 -0.8057013 -0.0649845 -0.4491701 -0.1847551 0.8717160
1413394945.055760 0.0333019 0.4208393 -0.7995356 -0.0647389 -0.3543235 -0.1439508 0.9217060
1413394945.305761 -0.0214569 0.4346867 -0.7615841 -0.0152819 -0.2499944 -0.1095677 0.9619066
1413394945.455760 -0.0607748 0.4345479 -0.7341740 0.0273032 -0.1932000 -0.0746585 0.9779338
1413394945.655760 -0.1154642 0.4327613 -0.7023354 0.0414016 -0.1295216 0.0175496 0.9905565
1413394946.155760 -0.1639505 0.4401214 -0.6426626 0.0323114 0.1148767 0.1198158 0.9855980
1413394946.255760 -0.1655792 0.4393395 -0.6291330 0.0345957 0.1805574 0.1299990 0.9743215
1413394946.355760 -0.1610420 0.4404341 -0.6238621 0.0364159 0.2344514 0.1505492 0.9597090
1413394946.455760 -0.1550704 0.4423825 -0.6204762 0.0360824 0.2867094 0.1739543 0.9414009
1413394946.555760 -0.1467843 0.4424451 -0.6151624 0.0363704 0.3414944 0.1954125 0.9186254
1413394946.655760 -0.1350585 0.4432033 -0.6144466 0.0370956 0.3996876 0.1952241 0.8948527
1413394946.755760 -0.1336527 0.4443799 -0.6055335 0.0387679 0.4748806 0.1841855 0.8596867
1413394946.855760 -0.1361604 0.4465552 -0.5948693 0.0384229 0.5484791 0.1766505 0.8163878
1413394946.955760 -0.1334952 0.4452962 -0.5881445 0.0359076 0.6122953 0.1789020 0.7692848
1413394947.055760 -0.1325717 0.4480456 -0.5827919 0.0373177 0.6723621 0.1766155 0.7178743
1413394947.155760 -0.1309649 0.4497168 -0.5785542 0.0328882 0.7232027 0.1803211 0.6658682
1413394947.355760 -0.1257668 0.4522532 -0.5801605 0.0345422 0.7945812 0.1901325 0.5755842
1413394947.455760 -0.1247028 0.4512925 -0.5789515 0.0430592 0.8208449 0.1883096 0.5374933
1413394947.555760 -0.1243696 0.4511710 -0.5792272 0.0439839 0.8337287 0.1921736 0.5157822
1413394947.655760 -0.1244973 0.4511690 -0.5792291 0.0355016 0.8362793 0.2120082 0.5044096
1413394947.855760 -0.1244149 0.4507072 -0.5796093 0.0025501 0.8184710 0.2527858 0.5159439
1413394959.355760 0.0763106 -0.1356116 -0.0248876 0.1242344 -0.1927825 -0.0512624 0.9719943
1413394959.655760 0.0799330 -0.1489843 -0.0339852 -0.0633313 -0.2344838 -0.1028403 0.9645882
1413394960.005760 0.0505908 -0.1776742 -0.0116477 0.0166352 -0.3077682 -0.1412691 0.9407683
1413394960.355760 -0.0032216 -0.1883209 0.0199437 0.0886059 -0.4289376 -0.1276584 0.8898679
1413394964.705760 -0.1685222 0.1865659 -0.4427602 0.0061597 -0.5988287 -0.1833031 0.7795936
1413394965.055760 -0.1572146 0.2040147 -0.4976794 -0.0746235 -0.5810409 -0.2121440 0.7821878
1413394965.355760 -0.1831123 0.1843721 -0.5160831 0.0715306 -0.6294997 -0.1720089 0.7543384
1413394966.355760 -0.0791871 0.1728694 -0.5509043 -0.0117062 0.8070570 0.3284012 -0.4905859
1413394966.655760 -0.0338203 0.1926356 -0.5578163 -0.0054639 0.8376177 0.3390572 -0.4282604
1413394967.055760 -0.0023622 0.2122364 -0.5775552 -0.0321004 0.8810039 0.3277458 -0.3396828
1413394967.405761 0.0281702 0.2164206 -0.5968436 -0.0486039 0.9252472 0.2839939 -0.2467848
1413394968.455760 0.1341593 0.1488415 -0.6118087 -0.0281387 0.9255047 0.3753622 0.0418620
1413394968.755760 0.1678119 0.1592249 -0.6222083 -0.0445998 0.9169037 0.3883775 0.0803828
1413394969.005760 0.2064217 0.1669637 -0.6458399 -0.0359434 0.9276152 0.3599524 0.0931257
1413394970.155760 0.3860323 0.2732207 -0.6503860 -0.0455273 0.9117793 0.3871348 0.1292767
1413394970.455760 0.4723953 0.2644772 -0.6706316 0.0141650 0.9388770 0.3197015 0.1268866
1413394970.655760 0.5142801 0.2770733 -0.6670036 0.0676183 0.9402487 0.3081293 0.1281266
1413394970.855760 0.5330276 0.2849154 -0.6586084 0.0257295 0.9411756 0.3127699 0.1253050
1413394971.255760 0.5430784 0.2702751 -0.6363525 -0.0489462 0.9075043 0.4010982 0.1147194
1413394971.455760 0.5600116 0.2680762 -0.6354708 -0.0478122 0.8870782 0.4460056 0.1090198
1413394971.655760 0.5824149 0.2697478 -0.6625609 -0.0112567 0.8921608 0.4392363 0.1048511
1413394971.855760 0.6025143 0.2817806 -0.7093371 0.0229315 0.9264781 0.3650749 0.0885032
1413394972.055760 0.6065377 0.2963352 -0.7567917 0.0324396 0.9509953 0.3038004 0.0475507
1413394972.255760 0.5708752 0.3009393 -0.8084601 0.0333804 0.9546935 0.2952531 -0.0164827
1413394972.455760 0.5485359 0.3238135 -0.8347962 0.0262989 0.9468821 0.2951541 -0.1249268
1413394972.655760 0.5208970 0.3333797 -0.8388364 0.0113491 0.9070826 0.3409757 -0.2465926
1413394972.855760 0.4678504 0.3444412 -0.8246685 -0.0409291 0.8696002 0.3437819 -0.3520431
1413394973.055760 0.4151928 0.3576758 -0.7916685 -0.0507888 0.8352730 0.3078252 -0.4527508
1413394973.305761 0.3747733 0.3644632 -0.8005723 0.0292198 -0.7696361 -0.2803882 0.5728778
1413394973.555760 0.3315510 0.3662436 -0.8077275 0.0157480 -0.6907061 -0.2439996 0.6805449
1413394973.855760 0.2761090 0.3624441 -0.8081629 0.0227959 -0.5777845 -0.1979093 0.7915033
1413394974.105761 0.2340749 0.3577959 -0.8004889 0.0203039 -0.4797834 -0.1489725 0.8644090
1413394974.405761 0.1924294 0.3445188 -0.7871641 0.0059479 -0.3614253 -0.0760247 0.9292775
1413394974.755760 0.1500462 0.3194161 -0.7702468 0.0237351 -0.2073831 -0.0195410 0.9777766
1413394975.155760 0.1418054 0.3047780 -0.7163130 0.0389573 -0.0706219 -0.0113711 0.9966773
1413394975.405761 0.1358530 0.3244640 -0.6798525 0.0529276 -0.0165994 0.0038475 0.9984530
1413394975.655760 0.1273683 0.3450257 -0.6564186 0.0199020 0.0226616 0.0051894 0.9995316
1413394975.955760 0.1081622 0.3550750 -0.6357244 0.0201797 0.0319956 0.0048371 0.9992726
1413394976.255760 0.0794146 0.3549692 -0.6201208 0.0469323 0.0285634 0.0010224 0.9984891
1413394976.505760 0.0464535 0.3585266 -0.6195953 0.0761915 0.0264014 -0.0013135 0.9967427
1413394976.755760 0.0070904 0.3666911 -0.6420105 0.0884371 0.0144870 0.0269059 0.9956129
1413394977.005760 -0.0293649 0.3862166 -0.6859609 -0.0270915 0.0027566 0.0688897 0.9972526
1413394977.305761 -0.0337156 0.3788554 -0.7109059 -0.1297330 0.0192062 0.0837587 0.9878183
1413394977.505760 -0.0147150 0.3439906 -0.6893157 -0.1252788 0.0457432 0.0233566 0.9907912
1413394977.705760 0.0027771 0.2902605 -0.6321347 -0.1159350 0.0532027 0.0120664 0.9917575
1413394977.905761 0.0205865 0.2199036 -0.5453471 -0.0639218 0.0558651 0.0047693 0.9963786
1413394978.155760 0.0298209 0.1071799 -0.4079542 0.0101221 0.0637326 -0.0101449 0.9978641
1413394978.405761 0.0189327 0.0251249 -0.2688254 0.0219866 0.0654250 -0.0164358 0.9974799
1413394979.355760 -0.1057513 -0.2018546 0.2180956 0.1157126 0.0366356 0.0740190 0.9898432
1413394979.505760 -0.1100074 -0.2077902 0.2695191 0.1672042 0.0242565 0.0866746 0.9818054
1413394979.655760 -0.1166384 -0.2210352 0.2906753 0.1991357 0.0237660 0.0764965 0.9766926
1413394979.805761 -0.1099706 -0.2246304 0.2821902 0.1656228 0.0317821 0.0432473 0.9847277
1413394980.105761 -0.1084285 -0.2268712 0.2134040 0.0434550 0.0703915 -0.0156961 0.9964489
1413394980.505760 -0.1381074 -0.2010790 0.1087935 0.0572082 0.0699121 0.0119911 0.9958392
1413394980.755760 -0.1752619 -0.1774372 0.0322978 0.0251927 0.0611702 0.0407591 0.9969766
1413394981.255760 -0.2377574 -0.1230540 -0.1130890 0.0112075 0.0502126 0.0665574 0.9964553
1413394981.505760 -0.2535312 -0.0790035 -0.1688219 0.0085177 0.0652232 0.0461950 0.9967645
1413394981.755760 -0.2631615 -0.0437293 -0.2177634 -0.0091229 0.0786124 0.0488999 0.9956634
1413394982.005760 -0.2667015 -0.0180615 -0.2546937 -0.0167115 0.1068526 0.0845823 0.9905297
1413394982.205760 -0.2580635 -0.0063350 -0.2763806 -0.0024283 0.1423225 0.1263287 0.9817227
1413394982.405761 -0.2348518 0.0026584 -0.2959386 0.0090515 0.1929875 0.1639922 0.9673575
1413394982.605761 -0.1873217 0.0081921 -0.3175577 0.0177550 0.2526070 0.1950129 0.9475465
1413394982.805761 -0.1218690 0.0115690 -0.3492152 0.0209524 0.3160049 0.2077582 0.9254936
1413394983.005760 -0.0490801 0.0140437 -0.3861951 0.0189451 0.3799096 0.2073510 0.9012854
1413394983.205760 0.0414037 0.0227125 -0.4290346 0.0139891 0.4183475 0.1917298 0.8877102
1413394983.405761 0.1295904 0.0225738 -0.4738678 0.0080158 0.4313481 0.1770988 0.8845963
1413394983.605761 0.2159303 0.0331465 -0.5202634 -0.0091881 0.4372503 0.1422936 0.8879641
1413394983.805761 0.2963454 0.0490824 -0.5573023 -0.0144268 0.4365728 0.1209101 0.8913904
1413394984.305761 0.4458379 0.1197524 -0.5824946 -0.0155385 0.4092760 0.1124018 0.9053273
1413394984.805761 0.5374202 0.1514484 -0.5438802 -0.0353392 0.3437301 0.0973155 0.9333437
1413394985.305761 0.5936334 0.1216059 -0.4488450 -0.0193523 0.2492680 0.0709999 0.9656345
1413394985.605761 0.6207347 0.0554037 -0.3815981 -0.0116935 0.2164677 0.1213371 0.9686497
1413394985.905761 0.6633615 -0.0154590 -0.3113151 -0.0199818 0.2331539 0.0607735 0.9703332
1413394986.105761 0.6855274 -0.0482053 -0.2498135 -0.0183936 0.2372857 0.0564183 0.9696258
1413394986.205760 0.6937895 -0.0672520 -0.2179328 -0.0135010 0.2331488 0.0757014 0.9693961
1413394986.305761 0.6998175 -0.0886304 -0.1831879 -0.0081422 0.2267621 0.1013473 0.9686286
1413394986.405761 0.7062972 -0.1076835 -0.1488548 -0.0038062 0.2231699 0.1159952 0.9678460
1413394986.605761 0.7320789 -0.1462821 -0.0821026 -0.0049501 0.2293032 0.0970374 0.9684933
1413394987.005760 0.7582291 -0.2495070 0.0612976 0.0046210 0.2408922 0.0805957 0.9671887
1413394987.205760 0.7776129 -0.2769380 0.1336380 0.0239647 0.2261875 0.1133557 0.9671687
1413394987.305761 0.7828080 -0.2986466 0.1756268 0.0257511 0.2317841 0.1038776 0.9668621
1413394987.405761 0.7847916 -0.3118460 0.2135946 0.0279779 0.2449646 0.0761534 0.9661316
1413394987.505760 0.7942201 -0.3208952 0.2491075 0.0325202 0.2504228 0.0523302 0.9661741
1413394987.605761 0.7920635 -0.3371183 0.2848237 0.0373094 0.2562128 0.0411263 0.9650242
1413394987.705760 0.7891124 -0.3497018 0.3165632 0.0492733 0.2573756 0.0348903 0.9644235
1413394987.805761 0.7820530 -0.3662187 0.3477112 0.0606689 0.2576085 0.0318589 0.9638165
1413394987.905761 0.7697251 -0.3744661 0.3780128 0.0729956 0.2586949 0.0296261 0.9627414
1413394988.005760 0.7604672 -0.3926645 0.3958644 0.0800713 0.2519555 0.0289867 0.9639848
1413394988.105761 0.7330937 -0.4099375 0.4198271 0.0907413 0.2524558 0.0358067 0.9626786
1413394991.455760 -0.1541181 -0.1459395 0.3688199 -0.0098750 0.1271374 0.0822942 0.9884160
1413394992.055760 -0.2091802 -0.1540243 0.4675669 0.0434914 0.2519614 0.1265417 0.9584420
1413394992.305761 -0.2222323 -0.1577239 0.4934498 0.0290429 0.2823926 0.1645116 0.9446411
1413394993.255760 -0.2142430 -0.1604002 0.5357496 0.0139958 0.3917197 0.1616600 0.9056632
1413394993.755760 -0.2143381 -0.1159729 0.5687583 0.0084712 0.4006810 0.1479171 0.9041590
1413394993.955760 -0.2172214 -0.0941088 0.5884416 0.0173047 0.4276548 0.1853467 0.8845668
1413394994.155760 -0.2167474 -0.0703959 0.6043899 0.0239791 0.4754297 0.2179278 0.8519971
1413394994.405761 -0.2093111 -0.0517977 0.6088345 0.0102928 0.5529342 0.2213457 0.8032210
1413394994.705760 -0.2046313 -0.0543734 0.6006792 -0.0100099 0.6054530 0.2060948 0.7686686
1413394995.205760 -0.2164905 -0.0720287 0.6263052 0.0251716 0.5970225 0.2393617 0.7652689
1413394995.405761 -0.2281705 -0.0512549 0.6470674 -0.0039888 0.5851234 0.2598520 0.7681742
1413394995.605761 -0.2331378 -0.0262636 0.6636012 -0.0155458 0.5853580 0.2563053 0.7690396
1413394995.705760 -0.2314218 -0.0161185 0.6716289 -0.0066685 0.5890647 0.2477288 0.7691481
1413394995.805761 -0.2291217 -0.0083425 0.6780458 0.0072456 0.5921503 0.2412110 0.7688451
1413394995.905761 -0.2247252 -0.0001090 0.6840286 0.0172355 0.5944001 0.2365716 0.7683914
