1403638129.845097 0.0000000 0.0000000 0.0000000 0.0000000 0.0000000 0.0000000 1.0000000
1403638129.895097 -0.0011015 -0.0081183 -0.0033282 -0.0065176 -0.0019894 -0.0034104 0.9999710
1403638129.945097 -0.0023894 -0.0184647 -0.0073896 -0.0090828 -0.0029843 -0.0071452 0.9999288
1403638129.995097 -0.0036122 -0.0312676 -0.0124396 -0.0049417 -0.0044015 -0.0059068 0.9999607
1403638130.095097 -0.0055685 -0.0624377 -0.0235023 0.0117368 -0.0077879 0.0063996 0.9998803
1403638133.495097 0.0803567 -0.1908118 -0.1003425 0.0619924 0.0142736 0.0161733 0.9978435
1403638140.295097 -0.0302188 0.0535884 0.0327647 -0.0025345 0.1001807 0.0219914 0.9947230
1403638149.645097 -0.1144611 -0.3983480 0.1344643 0.0373284 0.0836229 0.0093202 0.9957545
1403638152.645097 -1.3334382 -0.8833163 0.9933797 0.0242463 -0.1258307 -0.0953235 0.9871637
1403638152.745097 -1.4113678 -0.8909140 1.0292299 0.0230119 -0.1309874 -0.0930517 0.9867392
1403638152.995097 -1.6107136 -0.9537475 1.1073520 0.0302086 -0.1630430 -0.0942261 0.9816445
1403638153.645097 -2.1605821 -1.1486220 1.3103522 0.0171484 -0.2344404 -0.1479649 0.9606508
1403638153.795097 -2.3060706 -1.2030067 1.3667408 0.0204254 -0.2618083 -0.1550619 0.9523629
1403638154.195097 -2.7202687 -1.2959547 1.5217913 0.0388529 -0.2950069 -0.1549645 0.9420443
1403638154.495097 -3.0391788 -1.3117145 1.6340408 0.0607697 -0.2967823 -0.1489197 0.9413024
1403638154.945097 -3.4917071 -1.3356788 1.7024448 0.0430196 -0.3151427 -0.1701548 0.9326745
1403638155.095097 -3.6454289 -1.3636285 1.6935805 0.0456594 -0.3298713 -0.1779725 0.9259729
1403638155.345097 -3.9042096 -1.3977383 1.6657325 0.0559068 -0.3531112 -0.1811413 0.9161739
1403638155.745097 -4.3062558 -1.3496376 1.5915052 0.0640604 -0.4133227 -0.1834322 0.8896141
1403638155.845097 -4.3989086 -1.3204858 1.5607007 0.0610381 -0.4331357 -0.1876143 0.8794707
1403638156.045097 -4.5637336 -1.2583504 1.4923432 0.0374281 -0.4738763 -0.2109056 0.8541424
1403638156.145097 -4.6425614 -1.2421949 1.4528643 0.0271182 -0.4942729 -0.2215684 0.8401585
1403638156.995097 -5.3483353 -1.0874149 1.1990389 0.0029489 -0.5420458 -0.2473149 0.8031271
1403638157.195097 -5.5379071 -1.0686039 1.1722170 -0.0037212 -0.5358037 -0.2502485 0.8063971
1403638157.645097 -6.0193691 -1.0675555 1.1261890 0.0197846 -0.5526115 -0.2556717 0.7930076
1403638158.095097 -6.5182223 -1.0738314 1.0578458 0.0215420 -0.6187520 -0.2730774 0.7362816
1403638158.395097 -6.8422775 -1.0601106 1.0184292 0.0178352 -0.6353276 -0.2764965 0.7208262
1403638158.595097 -7.0564747 -1.0354632 1.0015862 0.0281986 -0.6341102 -0.2826385 0.7191833
1403638158.795097 -7.2654719 -1.0079017 0.9824193 0.0222953 -0.6338962 -0.2782278 0.7212959
1403638159.245097 -7.7332511 -1.0030950 0.9181379 -0.0161614 -0.6199115 -0.2956995 0.7266432
1403638159.695097 -8.2606726 -1.0418119 0.8934971 0.0193539 -0.6501516 -0.2159654 0.7282083
1403638159.845097 -8.4069948 -1.0895448 0.9039513 0.0249565 -0.6514025 -0.2149378 0.7272233
1403638159.995097 -8.5314350 -1.1530635 0.9175187 0.0403944 -0.6450473 -0.2336540 0.7264215
1403638160.495097 -8.8343725 -1.4892300 0.9396725 0.0092201 -0.6298110 -0.2812149 0.7239967
1403638160.695097 -8.9613104 -1.6231639 0.9473891 0.0077017 -0.6291320 -0.2820630 0.7242749
1403638160.845097 -9.0605488 -1.7195357 0.9616669 0.0120030 -0.6337919 -0.2635002 0.7271392
1403638160.995097 -9.1658068 -1.8056505 0.9811775 0.0227074 -0.6274377 -0.2405911 0.7402177
1403638161.295097 -9.3297691 -1.9792364 1.0571359 0.0267469 -0.5773435 -0.2268193 0.7839082
1403638161.645097 -9.4778185 -2.1552904 1.1672075 0.0089884 -0.5220298 -0.2273424 0.8220216
1403638161.795097 -9.5397635 -2.2272186 1.2269868 0.0067319 -0.5163053 -0.2182589 0.8280982
1403638162.345097 -9.7561455 -2.4806223 1.5069778 0.0031824 -0.4923736 -0.1988679 0.8473545
1403638162.545097 -9.8254242 -2.5772614 1.6345134 0.0075989 -0.4924550 -0.1960864 0.8479272
1403638162.745097 -9.8924255 -2.6848133 1.7611116 0.0125584 -0.4895312 -0.2075956 0.8468208
1403638163.945097 -10.1129265 -3.3944890 2.7059946 0.0300443 -0.4072506 -0.1673477 0.8973511
1403638165.345097 -9.7320509 -4.2595711 3.8274870 0.0244279 -0.3764333 -0.1437446 0.9148982
1403638165.745097 -9.4706173 -4.3765836 4.1954308 0.0660930 -0.3656271 -0.1382242 0.9180646
1403638165.945097 -9.3090887 -4.4038620 4.3727355 0.0525382 -0.3613750 -0.1500088 0.9187737
1403638166.095097 -9.1807604 -4.4380159 4.4829531 0.0364205 -0.3586397 -0.1600586 0.9189300
1403638166.295097 -9.0124855 -4.5246077 4.6066971 0.0326555 -0.3588429 -0.1705569 0.9171018
1403638166.895097 -8.5841274 -4.8884001 4.8690643 0.0025807 -0.3711748 -0.1593476 0.9147846
1403638167.095097 -8.4544744 -4.9700742 4.9885945 -0.0183129 -0.3684855 -0.1664295 0.9144311
1403638167.245097 -8.3709908 -5.0467882 5.0887132 -0.0124870 -0.3644517 -0.1765128 0.9142550
1403638167.395097 -8.3016939 -5.1425834 5.1988320 -0.0059133 -0.3633277 -0.1781896 0.9144433
1403638167.545097 -8.2449017 -5.2468190 5.3117805 0.0018300 -0.3649956 -0.1716824 0.9150410
1403638167.845097 -8.1421480 -5.4242816 5.5802331 0.0062890 -0.3580972 -0.1339847 0.9239994
1403638167.995097 -8.0851679 -5.5042658 5.7315240 0.0085669 -0.3387587 -0.1212394 0.9329899
1403638168.295097 -7.9550076 -5.6896338 6.0589375 0.0152913 -0.2968057 -0.1097481 0.9484872
1403638168.595097 -7.7936168 -5.9272113 6.3902340 0.0148095 -0.2469052 -0.1224146 0.9611624
1403638168.845097 -7.6709671 -6.0932951 6.6758566 0.0075395 -0.2281520 -0.1366784 0.9639548
1403638168.945097 -7.6362820 -6.1514573 6.7994900 0.0060188 -0.2267018 -0.1386488 0.9640262
1403638169.245097 -7.5604668 -6.3022537 7.1778936 0.0240590 -0.2427591 -0.1188401 0.9624792
1403638169.645097 -7.4405255 -6.4749532 7.7031007 0.0466740 -0.2156305 -0.0583921 0.9736094
1403638169.945097 -7.2884450 -6.6496229 8.0614834 0.0562698 -0.1315930 -0.0745592 0.9868931
1403638170.095097 -7.2024698 -6.7454371 8.2215757 0.0727550 -0.0946564 -0.0639483 0.9907863
1403638170.495097 -6.9770870 -6.9075484 8.5761023 0.0624208 -0.0097099 0.0018260 0.9980010
1403638170.695097 -6.8442440 -6.9761291 8.7198763 0.0719737 0.0278541 0.0334782 0.9964553
1403638171.195097 -6.4246631 -7.1180372 8.9278097 0.0788169 0.1219059 0.0686533 0.9870226
1403638171.295097 -6.3343697 -7.1324849 8.9522085 0.0807572 0.1311517 0.0732975 0.9853451
1403638171.595097 -6.0169549 -7.1365995 8.9771795 0.0893735 0.1477782 0.0861128 0.9812026
1403638172.045097 -5.4816546 -7.0700645 8.8507624 0.1063879 0.1827834 0.1057888 0.9716381
1403638172.195097 -5.2844067 -7.0421038 8.7481060 0.1039373 0.1903218 0.1032625 0.9707273
1403638172.495097 -4.8833208 -6.9001031 8.4961023 0.1055481 0.1928771 0.1008024 0.9703076
1403638172.795097 -4.4661903 -6.6498566 8.1868410 0.1099724 0.1842392 0.1037043 0.9711887
1403638172.895097 -4.3221059 -6.5482445 8.0678005 0.1102511 0.1805024 0.1053236 0.9716844
1403638173.045097 -4.1004472 -6.3815694 7.8689623 0.1025351 0.1722671 0.1116674 0.9733145
1403638173.145097 -3.9467919 -6.2570844 7.7294683 0.0944988 0.1675055 0.1147422 0.9746005
1403638173.495097 -3.3777010 -5.7506328 7.2123461 0.0731815 0.1805361 0.0779458 0.9777400
1403638173.695097 -3.0347128 -5.4287076 6.8999739 0.0694829 0.1855250 0.0665047 0.9779211
1403638173.795097 -2.8749201 -5.2626195 6.7516828 0.0681418 0.1861317 0.0680868 0.9777913
1403638174.045097 -2.4749658 -4.8507104 6.3714771 0.0655014 0.1876986 0.0685153 0.9776423
1403638174.295097 -2.0966616 -4.4792829 5.9724522 0.0502502 0.1868165 0.0692628 0.9786609
1403638174.495097 -1.8017859 -4.1517034 5.6629887 0.0398290 0.1847105 0.0698373 0.9794990
1403638174.595097 -1.6496252 -4.0017614 5.5079179 0.0329819 0.1844849 0.0668736 0.9800028
1403638174.695097 -1.5017716 -3.8568540 5.3608770 0.0251216 0.1847865 0.0645638 0.9803338
1403638174.845097 -1.2815075 -3.6454294 5.1482463 0.0160949 0.1844810 0.0631646 0.9806722
1403638175.145097 -0.8702247 -3.3063583 4.7514958 0.0147092 0.1889327 0.0589507 0.9801086
1403638175.445097 -0.4645034 -3.0438929 4.3988123 -0.0052976 0.1936225 0.0555712 0.9794866
1403638175.745097 -0.0912291 -2.8814654 4.1146045 -0.0430633 0.1925569 0.0576658 0.9786430
1403638175.945097 0.1608663 -2.7952023 4.0032978 -0.0506522 0.1930922 0.0509076 0.9785490
1403638176.095097 0.3481507 -2.7401869 3.9626601 -0.0318593 0.1974260 0.0335603 0.9792250
1403638176.745097 0.9882150 -2.6854362 3.9366753 0.0259764 0.2010819 0.0290074 0.9788002
1403638176.995097 1.1527493 -2.7220747 3.9435475 0.0248936 0.1991325 0.0351917 0.9790241
1403638177.195097 1.2630045 -2.7407706 3.9628880 0.0214373 0.2021700 0.0291621 0.9786814
1403638177.495097 1.3882486 -2.7419209 4.0347786 0.0212459 0.2023818 0.0329870 0.9785203
1403638178.945097 1.9417615 -2.6681929 4.2111959 0.0415607 0.3568527 0.1560351 0.9200988
1403638179.145097 2.0458806 -2.6167130 4.1766434 0.0224014 0.3758384 0.1618086 0.9121742
1403638179.445097 2.2278817 -2.5264473 4.1601624 0.0154296 0.4142820 0.1668086 0.8945989
1403638179.595097 2.3379974 -2.4781237 4.1470752 0.0325644 0.4413157 0.1762632 0.8792675
1403638180.095097 2.6923161 -2.3797829 4.0837331 0.0270258 0.5231141 0.2188464 0.8232421
1403638180.245097 2.8022542 -2.3634942 4.0571404 0.0251085 0.5326084 0.2234404 0.8159487
1403638180.395097 2.9199507 -2.3322103 4.0249782 0.0225785 0.5353820 0.2261034 0.8134701
1403638180.845097 3.3032470 -2.2430227 3.9620042 0.0048488 0.5319694 0.2203340 0.8175806
1403638180.995097 3.4469862 -2.2314887 3.9379578 0.0090380 0.5271407 0.2213650 0.8203893
1403638181.145097 3.6008248 -2.2146490 3.9247391 0.0152289 0.5229610 0.2229097 0.8225516
1403638181.695097 4.2106333 -2.0820251 3.8542118 0.0712606 0.5801284 0.2378008 0.7757730
1403638181.795097 4.3149838 -2.0574036 3.8159840 0.0625471 0.5993799 0.2409682 0.7607667
1403638181.895097 4.4181051 -2.0298188 3.7743285 0.0494955 0.6182521 0.2439446 0.7455237
1403638182.295097 4.7969365 -1.9801317 3.5666234 0.0271209 0.6436231 0.2794918 0.7119678
1403638182.445097 4.9434428 -1.9578730 3.4806952 0.0240718 0.6431912 0.2860274 0.7098690
1403638182.595097 5.0980320 -1.9435619 3.3890111 0.0084559 0.6458721 0.2772991 0.7112545
1403638182.895097 5.4384327 -1.9467926 3.1929281 0.0097115 0.6423993 0.2708077 0.7168626
1403638183.045097 5.6179333 -1.9411911 3.1034939 0.0208877 0.6432008 0.2625545 0.7189726
1403638183.645097 6.3592896 -1.8433635 2.8276939 -0.0023318 0.6402798 0.2604498 0.7226357
1403638183.945097 6.7588496 -1.8221242 2.7194941 0.0180449 0.6501641 0.2363642 0.7218677
1403638184.095097 6.9520068 -1.8387994 2.6704602 0.0140107 0.6485968 0.2422259 0.7214240
1403638184.295097 7.2078443 -1.8603472 2.6186543 0.0030993 0.6448257 0.2547049 0.7206356
1403638184.945097 8.0522213 -1.9156052 2.5547342 0.0151100 0.6519989 0.2429306 0.7180904
1403638185.295097 8.4856033 -1.9708383 2.5597394 0.0091148 0.6530988 0.2389663 0.7185221
1403638185.495097 8.7301874 -2.0126820 2.5812345 0.0097865 0.6516279 0.2236625 0.7247485
1403638185.995097 9.2796860 -2.1597943 2.7106376 0.0383155 0.6020266 0.2455980 0.7588000
1403638187.995097 11.1107283 -2.8307154 3.4404454 0.0326352 0.4815751 0.1432206 0.8640071
1403638190.495097 10.3573141 -3.4097893 4.0974202 0.0436353 0.3766806 0.0846149 0.9214380
1403638190.945097 10.0610065 -3.4259431 4.2394633 0.0448821 0.3474916 0.1021096 0.9310257
1403638191.195097 9.8602867 -3.4695377 4.2935820 0.0468162 0.3431128 0.1070730 0.9319963
1403638191.795097 9.3956757 -3.5932217 4.4130449 0.0188941 0.3483814 0.1049061 0.9312723
1403638192.195097 9.0945692 -3.6681991 4.5667701 0.0210384 0.3494764 0.1042235 0.9308926
1403638192.795097 8.6155643 -3.9737921 4.7629590 0.0699814 0.3496182 0.1014434 0.9287513
1403638193.045097 8.3973446 -4.0748405 4.8278871 0.1104455 0.3401469 0.1144904 0.9268192
1403638193.395097 8.0453615 -4.1675138 4.7770820 0.0800369 0.3199461 0.0979270 0.9389563
1403638193.595097 7.8235803 -4.2198124 4.7099690 0.0779486 0.3161594 0.0897827 0.9412259
1403638194.245097 7.0950780 -4.2347479 4.4246235 0.0589311 0.3128030 0.0971045 0.9430016
1403638194.445097 6.8702626 -4.1996970 4.3415189 0.0504565 0.3117419 0.1031060 0.9432074
1403638194.795097 6.4907036 -4.1663804 4.1690063 0.0231856 0.3113456 0.1106108 0.9435527
1403638194.995097 6.2897196 -4.1351810 4.0909696 0.0147458 0.3121286 0.1117887 0.9433247
1403638195.845097 5.6392150 -3.9678264 4.0043774 0.0187993 0.3108442 0.1139342 0.9434201
1403638196.295097 5.4180012 -4.0084867 4.0260968 0.0227356 0.3112542 0.1098574 0.9436818
1403638196.545097 5.3276982 -4.0434713 4.0584903 0.0237220 0.3107269 0.1128839 0.9434741
1403638197.245097 5.1803083 -4.1078358 4.2670841 0.0273196 0.3148097 0.1080834 0.9425850
1403638198.295097 4.9445701 -4.3840518 4.5751271 0.0569054 0.3161108 0.0974646 0.9419854
1403638198.495097 4.8668466 -4.3436327 4.6539392 0.0438472 0.3190987 0.0899061 0.9424279
1403638198.995097 4.5760970 -4.2438736 4.8581767 0.0387397 0.3374866 0.0388772 0.9397290
1403638199.195097 4.3834214 -4.2644591 4.9305768 0.0398833 0.3351443 0.0461498 0.9401903
1403638199.395097 4.1470146 -4.3210864 5.0086179 0.0472928 0.3360150 0.0455774 0.9395638
1403638199.645097 3.7951636 -4.4130106 5.0872984 0.0358474 0.3324820 0.0387694 0.9416303
1403638199.845097 3.4600587 -4.5150290 5.1555567 0.0380877 0.3061441 0.0597817 0.9493425
1403638200.095097 3.0228674 -4.6262345 5.2512541 0.0376545 0.2834376 0.0647616 0.9560602
1403638200.345097 2.5623875 -4.7266164 5.3562675 0.0565893 0.2519410 0.0368691 0.9653829
1403638200.545097 2.1789412 -4.8184705 5.4154196 0.0564811 0.2297541 0.0101364 0.9715555
1403638200.795097 1.6421394 -4.9712372 5.4964852 0.0467311 0.2046352 -0.0165007 0.9775829
1403638201.045097 1.0589855 -5.1089053 5.5726829 0.0452172 0.1814059 0.0044412 0.9823582
1403638201.295097 0.4693609 -5.1979823 5.6598077 0.0485662 0.1763164 0.0180463 0.9829690
1403638201.495097 -0.0078751 -5.2390037 5.7327566 0.0492354 0.1799854 0.0178683 0.9822738
1403638201.745097 -0.6100016 -5.2480330 5.8404307 0.0537112 0.1848559 0.0181308 0.9811293
1403638202.045097 -1.3248916 -5.2218814 5.9541526 0.0524530 0.1743510 0.0181921 0.9831172
1403638202.295097 -1.9376476 -5.2200303 6.0194798 0.0383632 0.1516197 0.0324102 0.9871622
1403638202.545097 -2.5318534 -5.2255301 6.0847297 0.0342025 0.1437177 0.0359193 0.9883750
1403638202.795097 -3.0956340 -5.1923375 6.1679311 0.0322726 0.1435498 0.0371685 0.9884182
1403638203.045097 -3.6279125 -5.1427627 6.2635922 0.0375039 0.1450226 0.0377174 0.9879976
1403638203.295097 -4.1240721 -5.1276636 6.3338890 0.0471155 0.1476751 0.0325386 0.9873770
1403638203.545097 -4.5968094 -5.1133103 6.3900118 0.0497567 0.1453496 0.0373261 0.9874232
1403638203.745097 -4.9549985 -5.0969377 6.4211268 0.0477858 0.1440462 0.0398330 0.9876136
1403638203.995097 -5.3806429 -5.0999217 6.4352341 0.0475076 0.1427800 0.0377079 0.9878942
1403638204.245097 -5.7852950 -5.1364493 6.4187436 0.0368893 0.1361891 0.0481656 0.9888234
1403638204.445097 -6.0773630 -5.1786079 6.3975687 0.0245774 0.1277021 0.0722154 0.9888747
1403638204.645097 -6.3331432 -5.2078738 6.3862982 0.0276578 0.1250055 0.0733421 0.9890549
1403638204.895097 -6.5952868 -5.2086606 6.3932524 0.0307809 0.1036305 0.0282842 0.9937370
1403638205.145097 -6.8299565 -5.1790237 6.4074807 0.0338903 0.0303134 -0.0226169 0.9987097
1403638205.395097 -7.0966005 -5.1804600 6.4212308 0.0433299 -0.0808765 -0.0697991 0.9933326
1403638205.695097 -7.3898454 -5.2244363 6.4110570 0.0698604 -0.1570071 -0.1342375 0.9759347
1403638206.495097 -8.3714600 -5.3470135 5.9530125 0.0691951 -0.3198423 -0.1592279 0.9314287
1403638206.745097 -8.6724110 -5.3121591 5.7534299 0.0700946 -0.3397821 -0.1569987 0.9246547
1403638206.995097 -8.9391642 -5.2342639 5.5448050 0.0718587 -0.3584959 -0.1572473 0.9173823
1403638207.245097 -9.1727924 -5.1057868 5.3346715 0.0767022 -0.3678829 -0.1564608 0.9133997
1403638207.495097 -9.3631220 -4.9407797 5.1064892 0.0830477 -0.4013939 -0.1649410 0.8970956
1403638207.695097 -9.4770336 -4.8149610 4.8955283 0.0625039 -0.4306499 -0.1797251 0.8822318
1403638207.945097 -9.5787096 -4.6914153 4.6228199 0.0361919 -0.4466907 -0.1886725 0.8738194
1403638208.295097 -9.6781378 -4.5498157 4.2526479 0.0448410 -0.4485077 -0.1835303 0.8735827
1403638208.645097 -9.7255726 -4.3630042 3.9266562 0.0341425 -0.4592533 -0.1957950 0.8657858
1403638209.045097 -9.7414446 -4.2156343 3.5575552 0.0363290 -0.4869779 -0.2038453 0.8485162
1403638209.445097 -9.7128229 -4.0063009 3.2611387 0.0321098 -0.4935060 -0.2026030 0.8452058
1403638209.845097 -9.6365013 -3.6621935 3.0637276 0.0390050 -0.4912131 -0.2018522 0.8464301
1403638210.195097 -9.5251694 -3.2682354 2.9584379 0.0617949 -0.4942889 -0.1924076 0.8454816
1403638210.545097 -9.3398304 -2.9082282 2.8305292 0.0603486 -0.4941345 -0.1913908 0.8459070
1403638210.945097 -9.0396194 -2.4662349 2.6566117 0.0529948 -0.4921421 -0.1896746 0.8479453
1403638211.295097 -8.6973038 -2.1719317 2.4935901 0.0377907 -0.4909422 -0.1937366 0.8485363
1403638211.645097 -8.3200684 -1.9203364 2.3616025 0.0350430 -0.4558678 -0.1751159 0.8719466
1403638211.995097 -7.9056287 -1.6451472 2.2668302 0.0291842 -0.3790802 -0.1317439 0.9154726
1403638212.345097 -7.4471450 -1.4866922 2.1894076 0.0354014 -0.2932899 -0.1071450 0.9493406
1403638212.695097 -6.9541235 -1.3992934 2.0947731 0.0387803 -0.2085276 -0.0746029 0.9743956
1403638213.045097 -6.4306793 -1.3942899 1.9894190 0.0372952 -0.1131030 -0.0371595 0.9921874
1403638213.295097 -6.0389428 -1.4092785 1.9105890 0.0200450 -0.0442436 0.0061736 0.9988006
1403638213.495097 -5.7042007 -1.4029227 1.8573930 0.0039484 0.0065936 0.0502254 0.9987084
1403638213.995097 -4.7798648 -1.4141439 1.8097359 0.0413808 0.0862822 0.0313105 0.9949184
1403638214.595097 -3.6808498 -1.4970362 1.7577455 0.0185767 0.0716981 0.0180560 0.9970899
1403638215.595097 -2.0376766 -1.3855740 1.8955541 0.0441460 0.0661109 -0.0062952 0.9968154
1403638215.945097 -1.5703242 -1.3576729 1.9081055 0.0473773 0.0705257 0.0079461 0.9963526
1403638216.645097 -0.7678871 -1.2902876 1.8653210 0.0492105 0.0871813 0.0047930 0.9949647
1403638216.995097 -0.4459495 -1.2130731 1.8290874 0.0566928 0.1041364 0.0082891 0.9929113
1403638217.345097 -0.1780161 -1.1015878 1.7754480 0.0437972 0.1443549 0.0330309 0.9880043
1403638217.695097 0.0467652 -1.0472727 1.6959112 0.0364837 0.1640321 0.0226449 0.9855200
1403638219.145097 0.2134178 -1.0116446 1.3749919 0.0392656 0.1658490 0.0634056 0.9833270
1403638223.245097 -0.1827838 -0.2321704 0.0317670 0.0246948 0.1833011 0.0589402 0.9809775
1403638223.845097 -0.1859723 -0.1469082 -0.0489158 0.0336199 0.1874813 0.0497683 0.9804303
1403638225.445097 -0.2207874 -0.0288288 -0.0543311 0.0322979 0.1835214 0.0510413 0.9811583
1403638225.745097 -0.2261258 0.0036015 -0.0355139 0.0637951 0.1865242 0.0421616 0.9794699
1403638226.045097 -0.2571604 0.0918187 -0.0071418 0.0111894 0.1799756 0.0529004 0.9821839
1403638226.245097 -0.2770750 0.0738538 -0.0042042 0.0027563 0.1824355 0.0484801 0.9820180
1403638226.445097 -0.2935104 0.0708136 -0.0061851 0.0091777 0.1815442 0.0503378 0.9820507
1403638226.995097 -0.2932919 0.0722128 -0.0080487 0.0094672 0.1810443 0.0505287 0.9821304
1403638227.595097 -0.2932096 0.0718051 -0.0063626 0.0096162 0.1813544 0.0501440 0.9820915
