1403638524.327830 0.0000000 0.0000000 0.0000000 0.0000000 0.0000000 0.0000000 1.0000000
1403638524.377829 0.0000948 -0.0029823 -0.0010521 0.0034764 -0.0030436 0.0036243 0.9999828
1403638524.427830 0.0002096 -0.0061039 -0.0020984 0.0087387 -0.0054181 0.0066097 0.9999253
1403638524.527829 0.0004770 -0.0125967 -0.0042203 0.0234628 -0.0084551 0.0100325 0.9996386
1403638526.427830 0.0155624 0.0028555 0.0005267 0.0155634 0.0419583 0.0280365 0.9986047
1403638542.127830 -0.0346806 -0.0851693 0.1159206 0.0337864 -0.1140143 -0.0563498 0.9913042
1403638542.227829 -0.0412909 -0.0893892 0.1196710 0.0328523 -0.1389012 -0.0653502 0.9876014
1403638543.227829 -0.1157764 -0.1252770 0.1504481 0.0374736 -0.2180881 -0.0978002 0.9702930
1403638543.527829 -0.1425735 -0.1327830 0.1560402 0.0357548 -0.2266987 -0.1002886 0.9681278
1403638543.627830 -0.1517665 -0.1343338 0.1585809 0.0357823 -0.2400958 -0.1106236 0.9637614
1403638544.027829 -0.1918499 -0.1436306 0.1643789 0.0405645 -0.3240101 -0.1506477 0.9331009
1403638544.677829 -0.2614317 -0.1638204 0.1763773 0.0482571 -0.3608152 -0.1482340 0.9195163
1403638544.977829 -0.2921993 -0.1730975 0.1826973 0.0399393 -0.3627258 -0.1516896 0.9185995
1403638545.377829 -0.3324483 -0.1776306 0.1954712 0.0461822 -0.3653620 -0.1522983 0.9171603
1403638545.527829 -0.3476152 -0.1775739 0.2011674 0.0442076 -0.3706811 -0.1529184 0.9150175
1403638545.877829 -0.3817641 -0.1824049 0.2104446 0.0392590 -0.4266549 -0.1800790 0.8854354
1403638545.977829 -0.3911673 -0.1849636 0.2120975 0.0394422 -0.4477737 -0.1934461 0.8720789
1403638546.677829 -0.4629271 -0.1974342 0.2268992 0.0369431 -0.5057164 -0.2195949 0.8334652
1403638547.227829 -0.5246217 -0.2093203 0.2351608 0.0459244 -0.5142612 -0.2419004 0.8215294
1403638547.677829 -0.5795897 -0.2078051 0.2394077 0.0349621 -0.5171904 -0.2269178 0.8244999
1403638548.227829 -0.6537691 -0.1997410 0.2420694 0.0367807 -0.5295722 -0.2363792 0.8138337
1403638548.377829 -0.6743659 -0.2016405 0.2397802 0.0342302 -0.5485717 -0.2447519 0.7987452
1403638548.677829 -0.7183627 -0.2053109 0.2334476 0.0343485 -0.5793204 -0.2550812 0.7733962
1403638548.877829 -0.7489097 -0.2069504 0.2300883 0.0339256 -0.5866742 -0.2588570 0.7665870
1403638549.027829 -0.7721081 -0.2099929 0.2268117 0.0335210 -0.5882064 -0.2602125 0.7649699
1403638549.627830 -0.8681422 -0.2321097 0.2099760 0.0316453 -0.5909695 -0.2467433 0.7673795
1403638549.927830 -0.9157481 -0.2429821 0.2033438 0.0302587 -0.5888308 -0.2486224 0.7684723
1403638550.077829 -0.9397651 -0.2510686 0.1998184 0.0280808 -0.5895566 -0.2473830 0.7683985
1403638550.227829 -0.9641703 -0.2602164 0.1951799 0.0264854 -0.5901592 -0.2471724 0.7680601
1403638550.677829 -1.0362656 -0.2894869 0.1864767 0.0287448 -0.5962821 -0.2365980 0.7665786
1403638550.827830 -1.0599556 -0.2974754 0.1860737 0.0335588 -0.5985794 -0.2308429 0.7663472
1403638551.127830 -1.1046784 -0.3114482 0.1875381 0.0495369 -0.6044079 -0.2145718 0.7656345
1403638551.277829 -1.1247461 -0.3190761 0.1881627 0.0465156 -0.6055571 -0.2101814 0.7661336
1403638551.577829 -1.1585318 -0.3365504 0.1946759 0.0300363 -0.5736095 -0.1942618 0.7951933
1403638551.727829 -1.1732954 -0.3441546 0.2011293 0.0233474 -0.5482025 -0.1759632 0.8172919
1403638552.327830 -1.2151047 -0.3839925 0.2387876 0.0346257 -0.4825758 -0.1655964 0.8593599
1403638552.527829 -1.2239250 -0.3997940 0.2542495 0.0439800 -0.4878004 -0.1512145 0.8586330
1403638553.977829 -1.1842237 -0.4842469 0.3798463 0.0786364 -0.4948767 -0.1794576 0.8465863
1403638554.177829 -1.1645989 -0.4950622 0.3890598 0.0682816 -0.4916238 -0.1865595 0.8478439
1403638554.377829 -1.1433873 -0.5025112 0.3996007 0.0518194 -0.4863957 -0.2017439 0.8485478
1403638555.727829 -1.0087390 -0.5454641 0.4686109 0.0423426 -0.4463350 -0.1745523 0.8766548
1403638556.627830 -0.9255184 -0.5838947 0.5192387 0.0123249 -0.4446206 -0.1810359 0.8771469
1403638557.077829 -0.8941399 -0.6128213 0.5531023 0.0250212 -0.4521451 -0.1605979 0.8770103
1403638558.027829 -0.8270269 -0.6710273 0.6480086 0.0381707 -0.4417461 -0.1882696 0.8763321
1403638558.277829 -0.8121351 -0.6832777 0.6729805 0.0169285 -0.4382651 -0.1937389 0.8775547
1403638558.477829 -0.8037556 -0.6961792 0.6921344 0.0076989 -0.4322716 -0.2048633 0.8781304
1403638558.677829 -0.7998087 -0.7135267 0.7110241 0.0033784 -0.4354843 -0.1929209 0.8792744
1403638559.277829 -0.7988936 -0.7609048 0.7809728 0.0346166 -0.4399945 -0.1825424 0.8785698
1403638559.727829 -0.8033898 -0.7816355 0.8388442 0.0462119 -0.4386336 -0.1922777 0.8766381
1403638559.877829 -0.8055151 -0.7885728 0.8566148 0.0449617 -0.4399147 -0.1913188 0.8762709
1403638560.027829 -0.8087106 -0.7954777 0.8738688 0.0431773 -0.4303694 -0.1832116 0.8828088
1403638560.477829 -0.8171412 -0.8070238 0.9285936 0.0573705 -0.3331334 -0.1273420 0.9324778
1403638561.577829 -0.7950563 -0.8316069 1.0273298 0.0579487 -0.1389598 -0.0419513 0.9877106
1403638561.877829 -0.7770390 -0.8325737 1.0447178 0.0558644 -0.1361250 -0.0507308 0.9878135
1403638561.977829 -0.7701536 -0.8322512 1.0502036 0.0559330 -0.1297144 -0.0499310 0.9887125
1403638562.977829 -0.7068150 -0.8416708 1.0771073 0.0579627 0.0394994 0.0461630 0.9964683
1403638563.077829 -0.6992207 -0.8415851 1.0778298 0.0580636 0.0596595 0.0614684 0.9946311
1403638563.577829 -0.6553019 -0.8302273 1.0776753 0.0809431 0.1162371 0.0817789 0.9865340
1403638564.227829 -0.5835805 -0.8113142 1.0441514 0.0751479 0.0964461 0.0803181 0.9892421
1403638564.327830 -0.5701861 -0.8069414 1.0364381 0.0775099 0.0943131 0.0739620 0.9897610
1403638564.577829 -0.5367604 -0.7984719 1.0125661 0.0787953 0.0882297 0.0706464 0.9904625
1403638565.427830 -0.4055285 -0.7231715 0.9188259 0.0707344 0.0852166 0.0833770 0.9903449
1403638565.527829 -0.3883375 -0.7100115 0.9076969 0.0742700 0.0897031 0.0786144 0.9900793
1403638565.677829 -0.3602469 -0.6912881 0.8885639 0.0760719 0.0984040 0.0644473 0.9901395
1403638566.077829 -0.2882459 -0.6462402 0.8295968 0.0613655 0.1111678 0.0484785 0.9907199
1403638566.227829 -0.2634463 -0.6271940 0.8077175 0.0618084 0.1106154 0.0502519 0.9906658
1403638566.327830 -0.2479493 -0.6135906 0.7941415 0.0603645 0.1103586 0.0507774 0.9907567
1403638566.577829 -0.2104621 -0.5757602 0.7601733 0.0550628 0.1064133 0.0506536 0.9915032
1403638566.777829 -0.1819420 -0.5432179 0.7342611 0.0187681 0.1017680 0.0504456 0.9933510
1403638566.927830 -0.1605675 -0.5181008 0.7168012 -0.0001094 0.0983065 0.0487409 0.9939619
1403638567.027829 -0.1459724 -0.5023419 0.7064580 0.0003640 0.0962195 0.0485919 0.9941733
1403638567.127830 -0.1329768 -0.4861116 0.6978173 0.0236342 0.0980383 0.0438341 0.9939359
1403638567.327830 -0.1052504 -0.4548473 0.6819312 0.0525927 0.1014947 0.0370607 0.9927534
1403638567.927830 -0.0352423 -0.3726773 0.6323840 0.0263311 0.1104466 0.0393357 0.9927542
1403638568.077829 -0.0200772 -0.3568614 0.6202606 0.0262928 0.1128282 0.0362026 0.9926066
1403638568.577829 0.0218590 -0.3178553 0.5839253 0.0233672 0.1160636 0.0328970 0.9924218
1403638568.777829 0.0346834 -0.3042078 0.5739262 0.0170285 0.1161869 0.0314530 0.9925832
1403638569.377829 0.0621607 -0.2813074 0.5506442 0.0158112 0.1196096 0.0269809 0.9923283
1403638571.377829 0.0952449 -0.2281871 0.5481162 0.0511082 0.2927455 0.1548292 0.9421868
1403638572.527829 0.1965430 -0.1742573 0.4642139 0.0173614 0.4656305 0.2239159 0.8560073
1403638573.077829 0.2620203 -0.1539193 0.4159320 -0.0033312 0.4861388 0.2169710 0.8465114
1403638573.227829 0.2814747 -0.1498642 0.4048705 -0.0044913 0.4829676 0.2164959 0.8484408
1403638573.377829 0.3022913 -0.1462237 0.3950456 -0.0057404 0.4805423 0.2161669 0.8498930
1403638573.577829 0.3302403 -0.1436328 0.3832878 -0.0083113 0.4848084 0.2137672 0.8480538
1403638573.877829 0.3767313 -0.1467060 0.3681903 -0.0022901 0.5092216 0.2084486 0.8350074
1403638574.027829 0.4008152 -0.1485893 0.3624604 0.0184368 0.5340281 0.2194013 0.8162948
1403638574.177829 0.4244311 -0.1488725 0.3581041 0.0438260 0.5597370 0.2424523 0.7911958
1403638574.327830 0.4469534 -0.1475728 0.3533269 0.0523910 0.5888302 0.2603748 0.7633736
1403638574.677829 0.4956096 -0.1398783 0.3374435 0.0393156 0.6461207 0.2779573 0.7097338
1403638574.827830 0.5143735 -0.1380606 0.3285357 0.0239271 0.6577699 0.2748246 0.7008835
1403638574.927830 0.5262006 -0.1370581 0.3225209 0.0166384 0.6585512 0.2798631 0.6983625
1403638575.127830 0.5501285 -0.1338717 0.3116533 0.0195635 0.6536598 0.2929360 0.6975203
1403638575.427830 0.5863700 -0.1244899 0.2955927 0.0197321 0.6458335 0.3008330 0.7014337
1403638575.627830 0.6113189 -0.1163879 0.2838014 0.0055978 0.6427744 0.2958023 0.7066192
1403638575.727829 0.6243665 -0.1129911 0.2772454 -0.0028310 0.6423362 0.2909696 0.7090366
1403638576.027829 0.6670396 -0.1090200 0.2561973 -0.0120989 0.6397950 0.2874038 0.7126816
1403638576.327830 0.7149358 -0.1104501 0.2355997 -0.0123915 0.6438199 0.2780362 0.7127680
1403638576.477829 0.7401927 -0.1101495 0.2271262 -0.0192855 0.6463932 0.2718126 0.7126864
1403638576.627830 0.7664167 -0.1090027 0.2207452 -0.0299389 0.6491925 0.2647837 0.7124201
1403638576.927830 0.8210231 -0.1074260 0.2137971 -0.0114042 0.6537775 0.2546993 0.7124417
1403638577.077829 0.8478335 -0.1070295 0.2133113 0.0009896 0.6520655 0.2611424 0.7117683
1403638577.527829 0.9269972 -0.1142441 0.2139528 -0.0069516 0.6546534 0.2532173 0.7122230
1403638577.677829 0.9524681 -0.1178335 0.2165197 -0.0044055 0.6526766 0.2580228 0.7123329
1403638577.977829 1.0025554 -0.1226006 0.2260298 -0.0033426 0.6507884 0.2592559 0.7136173
1403638578.177829 1.0345600 -0.1280348 0.2329278 0.0055514 0.6476883 0.2641022 0.7146462
1403638578.327830 1.0586486 -0.1337310 0.2386750 0.0181155 0.6432429 0.2749318 0.7143689
1403638578.527829 1.0902305 -0.1392860 0.2463020 0.0193614 0.6437605 0.2758416 0.7135187
1403638580.527829 1.3337862 -0.1681502 0.3356551 0.0514439 0.3994693 0.1632851 0.9006196
1403638580.677829 1.3420427 -0.1663305 0.3428726 0.0444685 0.3693183 0.1586922 0.9145728
1403638581.177829 1.3689592 -0.1695521 0.3568054 0.0294629 0.3355734 0.1424584 0.9307137
1403638586.277829 1.2354358 -0.3266586 0.4124429 0.0325591 0.3575425 0.1434577 0.9222381
1403638586.477829 1.2203821 -0.3315437 0.4150683 0.0389632 0.3645037 0.1284376 0.9214786
1403638587.077829 1.1670939 -0.3341859 0.4301727 0.0418828 0.3610855 0.1361334 0.9215915
1403638587.877829 1.0881642 -0.3376440 0.4465521 0.0356611 0.3589675 0.1435355 0.9215575
1403638588.277829 1.0490483 -0.3316720 0.4578139 0.0333467 0.3636333 0.1318044 0.9215674
1403638589.277829 0.9424515 -0.3381657 0.4767798 0.0407270 0.3611781 0.1411649 0.9208497
1403638589.477829 0.9203896 -0.3369777 0.4807583 0.0393377 0.3612718 0.1416818 0.9207940
1403638589.677829 0.8984679 -0.3376155 0.4826659 0.0387637 0.3606581 0.1424370 0.9209423
1403638590.877829 0.7691112 -0.3351309 0.4913496 0.0281583 0.3615479 0.1496637 0.9198321
1403638591.327830 0.7262480 -0.3409004 0.4918742 0.0022588 0.3577670 0.1610888 0.9198087
1403638591.577829 0.7074859 -0.3410047 0.4966190 -0.0108244 0.3542944 0.1702866 0.9194350
1403638591.827830 0.6937775 -0.3412060 0.5060586 -0.0056470 0.3555170 0.1698271 0.9190944
1403638592.877829 0.6842145 -0.3896690 0.5373126 0.0119539 0.2786950 0.1373402 0.9504335
1403638593.477829 0.7023461 -0.4265916 0.5544661 0.0282747 0.2879270 0.1082213 0.9510977
1403638593.677829 0.7088013 -0.4392081 0.5624886 0.0331853 0.2932993 0.1024572 0.9499351
1403638594.577829 0.7140628 -0.4870863 0.5846378 0.0514381 0.2671987 0.0926272 0.9577991
1403638594.727829 0.7119191 -0.4961328 0.5845906 0.0505961 0.2634971 0.1005774 0.9580676
1403638595.177829 0.7023042 -0.5127065 0.5835829 0.0434262 0.2636554 0.1075121 0.9576226
1403638596.577829 0.6490464 -0.5134861 0.5909804 0.0230486 0.2900903 0.0359978 0.9560442
1403638596.727829 0.6343322 -0.5187280 0.5930756 0.0203235 0.2936071 0.0240751 0.9554068
1403638597.027829 0.5919568 -0.5355740 0.6010643 0.0234728 0.2975237 0.0149984 0.9543080
1403638597.327830 0.5339875 -0.5512537 0.6155179 0.0341648 0.2993703 0.0184294 0.9533470
1403638597.477829 0.4994538 -0.5583944 0.6259356 0.0440394 0.2955746 0.0322868 0.9537577
1403638597.627830 0.4613711 -0.5649793 0.6374716 0.0571342 0.2898874 0.0506015 0.9540128
1403638597.777829 0.4214934 -0.5706598 0.6493304 0.0553403 0.2902159 0.0458578 0.9542585
1403638597.927830 0.3800084 -0.5749145 0.6607655 0.0492184 0.2858422 0.0290924 0.9565696
1403638598.077829 0.3353678 -0.5794435 0.6729552 0.0516949 0.2765971 0.0274317 0.9592023
1403638598.227829 0.2881068 -0.5849820 0.6841383 0.0563104 0.2578816 0.0555435 0.9629336
1403638598.377829 0.2391156 -0.5917876 0.6929647 0.0527893 0.2468231 0.0742680 0.9647673
1403638598.577829 0.1750907 -0.5970511 0.7062244 0.0473411 0.2385296 0.0795306 0.9667147
1403638598.827830 0.0963156 -0.6010611 0.7234944 0.0468398 0.2106127 0.0661880 0.9742010
1403638599.077829 0.0169518 -0.6068530 0.7371164 0.0475669 0.1673504 0.0470130 0.9836265
1403638599.327830 -0.0602477 -0.6155221 0.7475617 0.0458324 0.1180126 0.0254891 0.9916263
1403638599.677829 -0.1652641 -0.6295328 0.7611663 0.0342452 0.0792047 0.0098450 0.9962214
1403638600.177829 -0.3100216 -0.6399704 0.7862585 0.0281856 0.0708590 0.0458050 0.9960354
1403638600.427830 -0.3747193 -0.6427809 0.8008492 0.0201625 0.0636925 0.0775998 0.9947437
1403638600.677829 -0.4299189 -0.6495591 0.8160852 0.0154664 0.0640741 0.0839589 0.9942868
1403638600.877829 -0.4654918 -0.6583861 0.8283098 0.0020054 0.0676373 0.0709247 0.9951838
1403638601.077829 -0.4967376 -0.6682631 0.8434367 -0.0034842 0.0777593 0.0390407 0.9962014
1403638601.327830 -0.5328970 -0.6803545 0.8669801 0.0155714 0.0852013 0.0141982 0.9961409
1403638601.527829 -0.5629354 -0.6918395 0.8868410 0.0320571 0.0611707 0.0151359 0.9974976
1403638601.727829 -0.5920744 -0.7049604 0.9067323 0.0403902 0.0206881 -0.0070415 0.9989450
1403638601.977829 -0.6282000 -0.7244695 0.9281422 0.0480581 -0.0446870 -0.0443746 0.9968572
1403638602.227829 -0.6665782 -0.7414445 0.9491510 0.0546084 -0.0838132 -0.0691961 0.9925750
1403638602.477829 -0.7105148 -0.7571853 0.9673517 0.1008045 -0.1485364 -0.0619532 0.9818030
1403638603.027829 -0.7767277 -0.7863753 0.9678226 0.1153826 -0.2849847 -0.0729188 0.9487641
1403638603.277829 -0.7925290 -0.7912003 0.9548045 0.0970526 -0.3235203 -0.0948334 0.9364411
1403638604.877829 -0.8104394 -0.7285600 0.8270572 0.0552638 -0.3326686 -0.1334928 0.9319105
1403638605.177829 -0.8077813 -0.7156082 0.7905310 0.0251024 -0.3302279 -0.1409450 0.9329812
1403638605.427830 -0.8078530 -0.7078241 0.7630680 0.0379266 -0.3232146 -0.1576295 0.9323341
1403638606.027829 -0.8206223 -0.6834057 0.6968719 0.0728287 -0.3110754 -0.1849502 0.9293662
1403638606.327830 -0.8371790 -0.6674864 0.6562258 0.0673514 -0.3076151 -0.1873140 0.9304570
1403638606.627830 -0.8600316 -0.6446709 0.6140807 0.0227514 -0.3198410 -0.1616573 0.9333012
1403638606.927830 -0.8881035 -0.6185775 0.5782447 0.0063734 -0.3566687 -0.1770790 0.9172730
1403638607.727829 -0.9844052 -0.5724493 0.5093549 0.0398259 -0.4374743 -0.1715141 0.8818237
1403638608.427830 -1.0565152 -0.5192331 0.4868419 0.0632649 -0.4305992 -0.1643991 0.8851863
1403638608.727829 -1.0802996 -0.4918213 0.4822487 0.0666465 -0.4323957 -0.1589457 0.8850585
1403638609.677829 -1.1209441 -0.4237271 0.4616739 0.0478082 -0.4302481 -0.1614241 0.8868727
1403638609.977829 -1.1254462 -0.4029452 0.4619373 0.0479647 -0.4306756 -0.1612881 0.8866815
1403638610.477829 -1.1246413 -0.3742952 0.4609385 0.0641326 -0.4333189 -0.1522873 0.8859630
1403638610.827830 -1.1147528 -0.3496695 0.4608880 0.0651622 -0.4351519 -0.1502378 0.8853391
1403638611.177829 -1.0945722 -0.3299308 0.4589301 0.0647271 -0.4392750 -0.1489774 0.8835461
1403638611.777829 -1.0473496 -0.3000735 0.4478555 0.0638108 -0.4268194 -0.1746644 0.8850117
1403638612.127830 -1.0171546 -0.2815177 0.4379154 0.0447240 -0.4308546 -0.1602761 0.8869473
1403638612.527829 -0.9818053 -0.2677033 0.4263230 0.0510510 -0.4265219 -0.1630638 0.8881909
1403638612.927830 -0.9453816 -0.2484434 0.4183577 0.0640073 -0.4175644 -0.1679351 0.8906968
1403638613.277829 -0.9135589 -0.2348457 0.4063818 0.0556757 -0.4163367 -0.1660562 0.8921823
1403638613.827830 -0.8632563 -0.2165138 0.3837726 0.0679607 -0.4079940 -0.1445919 0.8988968
1403638614.527829 -0.7878313 -0.1776322 0.3574502 0.0528162 -0.3140149 -0.1119230 0.9413173
1403638614.877829 -0.7462826 -0.1710396 0.3356574 0.0323540 -0.2727645 -0.0765534 0.9584844
1403638615.227829 -0.6994429 -0.1750553 0.3189768 0.0392236 -0.1762023 -0.0513432 0.9822312
1403638615.527829 -0.6566848 -0.1807479 0.3055665 0.0495721 -0.0811024 -0.0216016 0.9952378
1403638615.777829 -0.6229519 -0.1819303 0.2963146 0.0506345 -0.0333133 -0.0020605 0.9981593
1403638616.027829 -0.5890632 -0.1849619 0.2845373 0.0489719 -0.0034491 0.0144998 0.9986889
1403638616.777829 -0.4869274 -0.1548888 0.2643181 0.0170218 0.1044420 0.0745737 0.9915850
1403638617.877829 -0.3284452 -0.1482241 0.2617126 0.0084958 0.1016584 0.0392164 0.9940098
1403638619.127830 -0.1770648 -0.2093966 0.3229824 0.0313103 0.1456224 0.0502399 0.9875676
1403638619.627830 -0.1304858 -0.2241645 0.3649136 0.0407438 0.2458336 0.1080673 0.9624070
1403638620.677829 -0.0350908 -0.2368388 0.4225340 0.0435843 0.2607712 0.1249452 0.9562884
1403638622.827830 0.1084923 -0.2122516 0.4373859 0.0890473 0.2618541 0.0852554 0.9572014
1403638623.627830 0.1008803 -0.1919199 0.3805094 0.0541534 0.2571721 0.1039742 0.9592285
1403638624.027829 0.0930852 -0.1819200 0.3421683 0.0457876 0.2613891 0.1028834 0.9586419
1403638624.577829 0.0778477 -0.1579604 0.2927493 0.0601065 0.2621887 0.1186446 0.9558074
1403638625.227829 0.0581813 -0.1243811 0.2249363 0.0462483 0.2368187 0.1079025 0.9644351
1403638625.577829 0.0475178 -0.1076744 0.1862424 0.0464028 0.2337507 0.1064454 0.9653376
1403638626.077829 0.0360911 -0.0874593 0.1309522 0.0280251 0.2340072 0.1105129 0.9655268
1403638626.777829 0.0272732 -0.0500243 0.0698624 0.0199546 0.2385745 0.0993254 0.9658253
1403638627.127830 0.0242352 -0.0379497 0.0451190 0.0142617 0.2361503 0.1002379 0.9664274
1403638627.527829 0.0224635 -0.0246799 0.0261412 0.0151664 0.2367641 0.0959032 0.9667033
1403638628.127830 0.0197630 -0.0067586 0.0120928 0.0185725 0.2421885 0.0902895 0.9658403
1403638629.677829 0.0074615 0.0050724 0.0040925 0.0174335 0.2372453 0.1132865 0.9646642
1403638630.127830 0.0081890 0.0078982 0.0081162 0.0509092 0.2462381 0.0973324 0.9629649
1403638630.427830 0.0080950 0.0172509 0.0150331 0.0254133 0.2389959 0.1072618 0.9647435
1403638630.627830 0.0085295 0.0125962 0.0149643 0.0404388 0.2438763 0.0953230 0.9642627
1403638631.677829 0.0093833 0.0140136 0.0165019 -0.0005305 0.2333139 0.0955891 0.9676916
