1403638522.627830, 0.0077714, 0.0233062, -0.0233175, 0.0017955, 0.0006685, 0.0017763, 0.9999966
1403638524.727829, 0.0131702, -0.0002297, -0.0320607, 0.0293715, -0.0019931, -0.0273167, 0.9991933
1403638524.877829, 0.0122290, -0.0056495, -0.0329088, 0.0353132, 0.0106379, -0.0288032, 0.9989045
1403638530.827830, 0.0210753, 0.0384583, -0.0039419, -0.0305638, 0.1266520, 0.0225974, 0.9912187
1403638542.077829, -0.0263269, -0.0531672, 0.0969322, 0.0135311, -0.1102224, -0.0883737, 0.9898778
1403638542.227829, -0.0369276, -0.0590104, 0.1039720, 0.0112045, -0.1467237, -0.1013017, 0.9839129
1403638543.027829, -0.0996015, -0.0831943, 0.1338159, 0.0161811, -0.2277575, -0.1365051, 0.9639663
1403638543.277829, -0.1238046, -0.0915229, 0.1363883, 0.0132053, -0.2257216, -0.1299613, 0.9653940
1403638543.827830, -0.1782692, -0.0990080, 0.1480625, 0.0125213, -0.2885645, -0.1679990, 0.9425232
1403638544.127830, -0.2119413, -0.1077430, 0.1509032, 0.0076057, -0.3479107, -0.1820408, 0.9196529
1403638544.577829, -0.2632532, -0.1164682, 0.1600902, 0.0083452, -0.3656753, -0.1802783, 0.9130781
1403638544.677829, -0.2748466, -0.1183607, 0.1628260, 0.0180041, -0.3697263, -0.1769287, 0.9119619
1403638545.127830, -0.3239709, -0.1265776, 0.1738210, 0.0117768, -0.3729241, -0.1798714, 0.9101841
1403638545.877829, -0.4021112, -0.1263306, 0.1975336, 0.0077036, -0.4353885, -0.2065028, 0.8762044
1403638546.227829, -0.4392321, -0.1336841, 0.2046601, 0.0080138, -0.4920513, -0.2386054, 0.8371910
1403638546.327830, -0.4497512, -0.1341389, 0.2069956, 0.0062125, -0.5001283, -0.2391545, 0.8322489
1403638546.977829, -0.5237859, -0.1403722, 0.2202395, 0.0072306, -0.5253312, -0.2541226, 0.8120323
1403638547.527829, -0.5919210, -0.1389675, 0.2258935, 0.0040547, -0.5270544, -0.2531187, 0.8112510
1403638547.627830, -0.6051134, -0.1365131, 0.2266769, 0.0013225, -0.5271338, -0.2495385, 0.8123169
1403638548.227829, -0.6881784, -0.1216725, 0.2289708, 0.0023875, -0.5393645, -0.2578669, 0.8016139
1403638549.077829, -0.8207280, -0.1250252, 0.2100239, -0.0028351, -0.5983503, -0.2780478, 0.7514375
1403638549.227829, -0.8456958, -0.1279423, 0.2055566, -0.0027374, -0.5988804, -0.2761030, 0.7517326
1403638549.377829, -0.8714687, -0.1324528, 0.1998329, -0.0046660, -0.5991502, -0.2720074, 0.7530001
1403638550.177829, -1.0093569, -0.1577925, 0.1787977, -0.0087017, -0.5987824, -0.2657356, 0.7554923
1403638550.277829, -1.0268344, -0.1636654, 0.1759195, -0.0085872, -0.5988229, -0.2667587, 0.7551008
1403638550.527829, -1.0706402, -0.1781777, 0.1701101, -0.0106873, -0.6015313, -0.2626742, 0.7543528
1403638550.727829, -1.1048304, -0.1880438, 0.1681706, -0.0070926, -0.6057625, -0.2533439, 0.7542005
1403638550.827830, -1.1215394, -0.1917871, 0.1680007, -0.0025679, -0.6072941, -0.2490884, 0.7544152
1403638551.127830, -1.1693437, -0.2027934, 0.1693486, 0.0130999, -0.6131279, -0.2329538, 0.7547417
1403638551.427830, -1.2098444, -0.2171322, 0.1730106, 0.0010718, -0.6033681, -0.2270995, 0.7644420
1403638551.677829, -1.2390989, -0.2292737, 0.1811363, -0.0121306, -0.5645654, -0.2025941, 0.8000464
1403638552.127830, -1.2779081, -0.2523963, 0.2108847, 0.0074731, -0.4984593, -0.1892699, 0.8459665
1403638552.527829, -1.3017242, -0.2821355, 0.2412360, 0.0105388, -0.4958237, -0.1750619, 0.8505299
1403638552.877829, -1.3109524, -0.3037215, 0.2740804, 0.0159729, -0.4990867, -0.1806985, 0.8473520
1403638554.527829, -1.2117652, -0.3965976, 0.4045084, 0.0148984, -0.4934184, -0.2281262, 0.8392108
1403638555.027829, -1.1622075, -0.4205224, 0.4280391, 0.0084227, -0.4984318, -0.2071883, 0.8417647
1403638555.177829, -1.1464301, -0.4270094, 0.4375668, 0.0075732, -0.4858024, -0.2048888, 0.8496819
1403638555.327830, -1.1310065, -0.4323888, 0.4468288, 0.0075050, -0.4712236, -0.2006202, 0.8588618
1403638556.277829, -1.0363809, -0.4740555, 0.5041749, -0.0043133, -0.4523452, -0.2084432, 0.8671313
1403638556.577829, -1.0105901, -0.4876329, 0.5245791, -0.0181346, -0.4503096, -0.2111314, 0.8673615
1403638557.177829, -0.9698063, -0.5273454, 0.5756733, -0.0050624, -0.4593109, -0.1883585, 0.8680604
1403638558.127830, -0.9058233, -0.5884633, 0.6788014, -0.0029485, -0.4492016, -0.2151753, 0.8671268
1403638558.577829, -0.8879835, -0.6174375, 0.7266299, -0.0278061, -0.4403400, -0.2287024, 0.8677688
1403638558.727829, -0.8870410, -0.6320764, 0.7420018, -0.0275376, -0.4455715, -0.2123254, 0.8692673
1403638558.977829, -0.8878945, -0.6538969, 0.7713345, -0.0150148, -0.4480509, -0.2048209, 0.8700996
1403638559.377829, -0.8922197, -0.6795097, 0.8252810, 0.0060703, -0.4475174, -0.2133753, 0.8684252
1403638559.527829, -0.8942187, -0.6865023, 0.8460464, 0.0108210, -0.4469658, -0.2176552, 0.8676005
1403638559.677829, -0.8968319, -0.6913570, 0.8662249, 0.0141435, -0.4477299, -0.2180207, 0.8670668
1403638559.827830, -0.9001049, -0.6973447, 0.8854727, 0.0127581, -0.4491022, -0.2175992, 0.8664843
1403638561.727829, -0.8859475, -0.7409856, 1.0805699, 0.0312750, -0.1451705, -0.0834539, 0.9853846
1403638561.827830, -0.8802175, -0.7411898, 1.0865700, 0.0318721, -0.1448582, -0.0856018, 0.9852272
1403638562.027829, -0.8671887, -0.7410307, 1.0981125, 0.0333944, -0.1317922, -0.0843130, 0.9871205
1403638563.277829, -0.7818723, -0.7530469, 1.1272992, 0.0474000, 0.0921500, 0.0363172, 0.9939530
1403638563.377829, -0.7723681, -0.7515526, 1.1273084, 0.0595069, 0.1022495, 0.0402526, 0.9921612
1403638563.527829, -0.7577646, -0.7476115, 1.1262130, 0.0692942, 0.1092121, 0.0428116, 0.9906756
1403638564.627830, -0.6184462, -0.7247898, 1.0501065, 0.0627899, 0.0815466, 0.0326075, 0.9941551
1403638564.827830, -0.5874966, -0.7181284, 1.0264764, 0.0600279, 0.0784429, 0.0421293, 0.9942175
1403638564.927830, -0.5714624, -0.7130165, 1.0147676, 0.0610931, 0.0781560, 0.0452985, 0.9940358
1403638565.027829, -0.5538471, -0.7051500, 1.0033051, 0.0612854, 0.0770613, 0.0468964, 0.9940354
1403638566.277829, -0.3124497, -0.5692960, 0.8327758, 0.0494207, 0.1040288, 0.0087829, 0.9933068
1403638566.577829, -0.2604672, -0.5285759, 0.7891160, 0.0421277, 0.0998147, 0.0093334, 0.9940700
1403638566.877829, -0.2118426, -0.4815336, 0.7481563, -0.0083165, 0.0947803, 0.0093412, 0.9954197
1403638566.977829, -0.1953603, -0.4658912, 0.7362548, -0.0153042, 0.0927978, 0.0074834, 0.9955392
1403638567.127830, -0.1719785, -0.4443240, 0.7213004, 0.0100363, 0.0927543, 0.0026040, 0.9956350
1403638567.227829, -0.1558753, -0.4291875, 0.7118866, 0.0303800, 0.0930853, -0.0004307, 0.9951944
1403638567.777829, -0.0768729, -0.3524093, 0.6634935, 0.0200402, 0.1039115, -0.0052370, 0.9943708
1403638567.877829, -0.0654107, -0.3408186, 0.6540424, 0.0144846, 0.1047899, -0.0027954, 0.9943849
1403638568.177829, -0.0315119, -0.3142238, 0.6280524, 0.0144986, 0.1078577, -0.0069342, 0.9940364
1403638568.377829, -0.0123884, -0.3008882, 0.6117203, 0.0141164, 0.1093679, -0.0071953, 0.9938750
1403638568.677829, 0.0130806, -0.2788535, 0.5924613, 0.0073788, 0.1105509, -0.0100781, 0.9937919
1403638568.877829, 0.0261826, -0.2668481, 0.5822262, 0.0064478, 0.1100439, -0.0072929, 0.9938791
1403638569.277829, 0.0467443, -0.2553376, 0.5649022, 0.0028101, 0.1134103, -0.0135694, 0.9934516
1403638571.077829, 0.0686519, -0.2139774, 0.5675766, 0.0668241, 0.2303207, 0.1214677, 0.9631887
1403638571.777829, 0.1224023, -0.1834973, 0.5330472, 0.0407242, 0.3265601, 0.1246373, 0.9360372
1403638572.577829, 0.2070079, -0.1512033, 0.4653036, 0.0202064, 0.4696924, 0.1819383, 0.8636430
1403638572.677829, 0.2193895, -0.1476403, 0.4561238, 0.0175203, 0.4773963, 0.1833268, 0.8591723
1403638573.077829, 0.2711651, -0.1397179, 0.4197179, 0.0007382, 0.4848656, 0.1748577, 0.8569303
1403638573.277829, 0.2991129, -0.1369246, 0.4052218, -0.0014379, 0.4806506, 0.1742366, 0.8594269
1403638573.377829, 0.3139828, -0.1357604, 0.3982779, -0.0020460, 0.4793527, 0.1739668, 0.8602049
1403638573.777829, 0.3749092, -0.1406800, 0.3758586, -0.0055375, 0.4938985, 0.1698118, 0.8527588
1403638573.877829, 0.3913742, -0.1434850, 0.3711365, 0.0030037, 0.5080045, 0.1667257, 0.8450591
1403638573.977829, 0.4078094, -0.1457438, 0.3670037, 0.0164445, 0.5244303, 0.1710957, 0.8339236
1403638574.077829, 0.4238548, -0.1480307, 0.3641648, 0.0342876, 0.5405239, 0.1852267, 0.8199691
1403638574.477829, 0.4869709, -0.1485149, 0.3501579, 0.0570628, 0.6164884, 0.2327192, 0.7500185
1403638574.577829, 0.5012132, -0.1475545, 0.3452390, 0.0556286, 0.6319508, 0.2391962, 0.7350706
1403638574.827830, 0.5353025, -0.1470023, 0.3308799, 0.0372484, 0.6572624, 0.2359372, 0.7148092
1403638574.927830, 0.5477521, -0.1472347, 0.3246251, 0.0298689, 0.6584841, 0.2410125, 0.7123339
1403638575.077829, 0.5668668, -0.1468591, 0.3162901, 0.0295668, 0.6553151, 0.2510513, 0.7118014
1403638575.377829, 0.6054159, -0.1415638, 0.2994317, 0.0353404, 0.6475363, 0.2609437, 0.7150917
1403638575.577829, 0.6322725, -0.1350734, 0.2877423, 0.0229597, 0.6434616, 0.2593481, 0.7198393
1403638575.777829, 0.6600955, -0.1310999, 0.2737385, 0.0050500, 0.6429303, 0.2503244, 0.7238459
1403638575.877829, 0.6746868, -0.1306672, 0.2666306, -0.0002836, 0.6420273, 0.2488810, 0.7251614
1403638576.377829, 0.7574382, -0.1391863, 0.2315965, -0.0017840, 0.6459714, 0.2364298, 0.7258227
1403638576.477829, 0.7753923, -0.1403502, 0.2260087, -0.0066848, 0.6476492, 0.2325201, 0.7255620
1403638576.727829, 0.8217092, -0.1431298, 0.2161527, -0.0160049, 0.6521043, 0.2218371, 0.7247704
1403638576.827830, 0.8413723, -0.1438489, 0.2139507, -0.0085773, 0.6542810, 0.2157709, 0.7247661
1403638576.927830, 0.8602586, -0.1450203, 0.2126856, 0.0014279, 0.6544873, 0.2156527, 0.7246642
1403638577.577829, 0.9795329, -0.1631266, 0.2152371, 0.0058754, 0.6548085, 0.2152985, 0.7244570
1403638577.877829, 1.0325530, -0.1727799, 0.2238820, 0.0097761, 0.6512390, 0.2216928, 0.7257028
1403638578.027829, 1.0584724, -0.1772261, 0.2296333, 0.0101920, 0.6508391, 0.2196947, 0.7266628
1403638578.177829, 1.0836037, -0.1837482, 0.2360988, 0.0181817, 0.6477451, 0.2250599, 0.7276289
1403638578.927830, 1.2050076, -0.2099990, 0.2679459, 0.0198442, 0.6502300, 0.2222728, 0.7262244
1403638579.077829, 1.2283502, -0.2131483, 0.2749203, 0.0190478, 0.6504599, 0.2191043, 0.7270023
1403638579.227829, 1.2500441, -0.2197447, 0.2812584, 0.0193793, 0.6499871, 0.2181467, 0.7277040
1403638585.227829, 1.3729924, -0.3881470, 0.4256564, 0.0313920, 0.3534895, 0.0970227, 0.9298636
1403638585.977829, 1.3032868, -0.3932790, 0.4322174, 0.0145232, 0.3501531, 0.1064989, 0.9305052
1403638587.327830, 1.1796327, -0.4017589, 0.4585185, 0.0335835, 0.3559634, 0.0943439, 0.9291186
1403638587.527829, 1.1583892, -0.4023877, 0.4627443, 0.0332769, 0.3552724, 0.0974143, 0.9290773
1403638588.377829, 1.0701197, -0.3877753, 0.4845205, 0.0317584, 0.3600974, 0.0879127, 0.9282201
1403638588.977829, 1.0020969, -0.3897156, 0.4946530, 0.0387983, 0.3558359, 0.0995833, 0.9284173
1403638589.777829, 0.9100204, -0.3815145, 0.5068958, 0.0354487, 0.3572975, 0.0997823, 0.9279684
1403638590.627830, 0.8148666, -0.3684631, 0.5134296, 0.0318818, 0.3589025, 0.1044288, 0.9269666
1403638590.777829, 0.7980405, -0.3674883, 0.5140427, 0.0289208, 0.3579583, 0.1067798, 0.9271610
1403638591.527829, 0.7248948, -0.3695675, 0.5171839, -0.0096449, 0.3534313, 0.1254997, 0.9269537
1403638591.727829, 0.7124326, -0.3679769, 0.5234835, -0.0114706, 0.3527190, 0.1287153, 0.9267632
1403638591.927830, 0.7038236, -0.3682305, 0.5322269, -0.0022995, 0.3536408, 0.1248397, 0.9270102
1403638592.977829, 0.6932634, -0.4233899, 0.5650355, 0.0033121, 0.2736454, 0.0917286, 0.9574409
1403638593.277829, 0.7016159, -0.4406106, 0.5747287, 0.0119555, 0.2745400, 0.0828899, 0.9579217
1403638593.727829, 0.7149905, -0.4723505, 0.5932035, 0.0313996, 0.2894066, 0.0589543, 0.9548729
1403638594.527829, 0.7163672, -0.5162446, 0.6150729, 0.0458392, 0.2630348, 0.0472537, 0.9625376
1403638595.427830, 0.6940164, -0.5473996, 0.6154079, 0.0373504, 0.2594708, 0.0649165, 0.9628425
1403638596.627830, 0.6396347, -0.5428987, 0.6225969, 0.0180886, 0.2862088, -0.0119895, 0.9579215
1403638596.827830, 0.6154451, -0.5500100, 0.6257563, 0.0160198, 0.2894219, -0.0243937, 0.9567567
1403638596.927830, 0.6003295, -0.5549394, 0.6284478, 0.0175746, 0.2902699, -0.0273888, 0.9563913
1403638597.027829, 0.5831504, -0.5593915, 0.6314764, 0.0195212, 0.2915767, -0.0284190, 0.9559259
1403638597.377829, 0.5088429, -0.5723765, 0.6501246, 0.0320929, 0.2923295, -0.0215072, 0.9555370
1403638597.477829, 0.4841681, -0.5746235, 0.6570713, 0.0398010, 0.2888914, -0.0110391, 0.9564705
1403638597.577829, 0.4572150, -0.5772061, 0.6647668, 0.0499724, 0.2838682, 0.0033736, 0.9575543
1403638597.827830, 0.3869735, -0.5796604, 0.6844046, 0.0491922, 0.2818434, -0.0029154, 0.9581941
1403638597.927830, 0.3578782, -0.5801795, 0.6922509, 0.0447666, 0.2786766, -0.0142672, 0.9592350
1403638598.177829, 0.2761720, -0.5819380, 0.7139537, 0.0489963, 0.2570913, 0.0039347, 0.9651362
1403638598.277829, 0.2429119, -0.5834270, 0.7194009, 0.0483492, 0.2467074, 0.0204261, 0.9676676
1403638598.427830, 0.1915582, -0.5850369, 0.7289141, 0.0448944, 0.2387764, 0.0339499, 0.9694420
1403638598.627830, 0.1231257, -0.5838372, 0.7420143, 0.0384832, 0.2293998, 0.0344464, 0.9719610
1403638598.827830, 0.0578945, -0.5812067, 0.7552887, 0.0387955, 0.2042677, 0.0233755, 0.9778666
1403638598.977829, 0.0074227, -0.5807634, 0.7646040, 0.0370871, 0.1794838, 0.0118416, 0.9829903
1403638599.127830, -0.0433612, -0.5805746, 0.7709610, 0.0372831, 0.1517226, 0.0002100, 0.9877197
1403638599.377829, -0.1242428, -0.5835729, 0.7806105, 0.0305982, 0.1026808, -0.0202632, 0.9940371
1403638599.577829, -0.1882540, -0.5866576, 0.7891418, 0.0233593, 0.0790268, -0.0300665, 0.9961451
1403638599.777829, -0.2494327, -0.5885822, 0.7966737, 0.0201350, 0.0709864, -0.0319801, 0.9967611
1403638600.127830, -0.3551445, -0.5863274, 0.8136141, 0.0153959, 0.0678860, -0.0048349, 0.9975626
1403638600.277829, -0.3986589, -0.5845572, 0.8219533, 0.0100661, 0.0629738, 0.0191417, 0.9977808
1403638600.477829, -0.4517854, -0.5825749, 0.8341601, 0.0047956, 0.0593381, 0.0397442, 0.9974349
1403638600.677829, -0.4978755, -0.5846033, 0.8466845, 0.0006317, 0.0604775, 0.0430579, 0.9972402
1403638600.877829, -0.5368162, -0.5904424, 0.8597100, -0.0124445, 0.0648401, 0.0296471, 0.9973775
1403638601.177829, -0.5864819, -0.6016850, 0.8840206, -0.0156566, 0.0775632, -0.0117601, 0.9967951
1403638601.377829, -0.6181881, -0.6084644, 0.9056404, 0.0046139, 0.0774524, -0.0258691, 0.9966497
1403638601.527829, -0.6427467, -0.6157426, 0.9212685, 0.0170518, 0.0565174, -0.0250427, 0.9979419
1403638601.827830, -0.6899418, -0.6332390, 0.9509646, 0.0267400, -0.0113900, -0.0615888, 0.9976783
1403638601.977829, -0.7137002, -0.6438339, 0.9649899, 0.0287457, -0.0510480, -0.0820356, 0.9949060
1403638602.127830, -0.7377204, -0.6531867, 0.9786622, 0.0281661, -0.0772273, -0.0946070, 0.9921150
1403638602.277829, -0.7633388, -0.6590150, 0.9925176, 0.0375039, -0.1000563, -0.1099119, 0.9881809
1403638603.227829, -0.8867770, -0.6992344, 0.9971646, 0.0799948, -0.3301732, -0.1168983, 0.9332317
1403638603.427830, -0.8949938, -0.6982759, 0.9858376, 0.0321349, -0.3365248, -0.1439359, 0.9300542
1403638604.177829, -0.9055043, -0.6729627, 0.9428070, 0.0802175, -0.3351736, -0.1817734, 0.9209681
1403638606.177829, -0.9130648, -0.5878420, 0.6990473, 0.0454049, -0.3189746, -0.2187467, 0.9210556
1403638606.377829, -0.9250098, -0.5750974, 0.6688145, 0.0306590, -0.3191963, -0.2124441, 0.9230608
1403638606.577829, -0.9393437, -0.5595739, 0.6387132, -0.0007159, -0.3257045, -0.1936333, 0.9254308
1403638606.777829, -0.9563724, -0.5411397, 0.6104425, -0.0179204, -0.3407767, -0.1967723, 0.9191468
1403638607.027829, -0.9818898, -0.5196168, 0.5791911, -0.0261681, -0.3835039, -0.2107631, 0.8987875
1403638607.327830, -1.0186962, -0.5011786, 0.5481166, -0.0024365, -0.4318967, -0.2025316, 0.8788858
1403638610.277829, -1.2009684, -0.2695893, 0.4581888, 0.0282379, -0.4420439, -0.1796422, 0.8783669
1403638611.177829, -1.1628529, -0.2132063, 0.4545180, 0.0320636, -0.4481640, -0.1748474, 0.8760990
1403638611.627830, -1.1247994, -0.1922970, 0.4480006, 0.0425346, -0.4345141, -0.2078989, 0.8753093
1403638612.027829, -1.0870386, -0.1747113, 0.4348678, 0.0151625, -0.4390635, -0.1888406, 0.8782554
1403638612.677829, -1.0230844, -0.1525153, 0.4173395, 0.0257236, -0.4314201, -0.1956831, 0.8802972
1403638613.077829, -0.9834021, -0.1358324, 0.4080002, 0.0282595, -0.4275342, -0.1924010, 0.8828351
1403638613.427830, -0.9497942, -0.1288597, 0.3918730, 0.0244423, -0.4254432, -0.1941920, 0.8835667
1403638613.627830, -0.9298657, -0.1246038, 0.3837170, 0.0274412, -0.4229480, -0.1848657, 0.8866717
1403638614.127830, -0.8761186, -0.0994444, 0.3648966, 0.0359034, -0.3741439, -0.1606534, 0.9126433
1403638614.377829, -0.8460069, -0.0874858, 0.3542010, 0.0277078, -0.3340360, -0.1511365, 0.9299516
1403638614.627830, -0.8151437, -0.0802542, 0.3401317, 0.0236089, -0.3138214, -0.1362543, 0.9393581
1403638614.877829, -0.7833765, -0.0798125, 0.3240218, 0.0048475, -0.2802322, -0.1086522, 0.9537511
1403638615.127830, -0.7495972, -0.0845202, 0.3107511, 0.0049485, -0.2155953, -0.0897103, 0.9723406
1403638615.327830, -0.7205039, -0.0930567, 0.3007651, 0.0212170, -0.1504800, -0.0785241, 0.9852612
1403638615.477829, -0.6982940, -0.0971553, 0.2956263, 0.0285743, -0.1026370, -0.0640557, 0.9922429
1403638615.677829, -0.6687313, -0.1008438, 0.2886527, 0.0312500, -0.0539920, -0.0465194, 0.9969675
1403638615.827830, -0.6470969, -0.1043332, 0.2817028, 0.0315077, -0.0350731, -0.0377241, 0.9981753
1403638615.977829, -0.6258042, -0.1081005, 0.2745535, 0.0306601, -0.0171931, -0.0272321, 0.9990109
1403638616.177829, -0.5975719, -0.1106464, 0.2663885, 0.0310587, 0.0131030, -0.0157069, 0.9993082
1403638616.327830, -0.5761017, -0.1081504, 0.2617044, 0.0304527, 0.0429052, -0.0022808, 0.9986123
1403638616.477829, -0.5543310, -0.1020925, 0.2583783, 0.0302050, 0.0725431, 0.0116572, 0.9968396
1403638616.777829, -0.5101256, -0.0868208, 0.2517594, 0.0032548, 0.0999885, 0.0337155, 0.9944119
1403638616.977829, -0.4804354, -0.0773035, 0.2495691, -0.0039899, 0.1035379, 0.0371925, 0.9939219
1403638617.377829, -0.4181728, -0.0722278, 0.2470169, -0.0030984, 0.1037971, 0.0133678, 0.9945039
1403638618.427830, -0.2720818, -0.1253479, 0.2709076, -0.0011851, 0.0902236, -0.0033559, 0.9959152
1403638618.627830, -0.2475938, -0.1359692, 0.2826166, -0.0000349, 0.0920561, -0.0041329, 0.9957452
1403638618.827830, -0.2240324, -0.1473266, 0.2967231, 0.0027346, 0.0996858, -0.0023432, 0.9950125
1403638619.427830, -0.1622883, -0.1792086, 0.3458883, 0.0284155, 0.2134953, 0.0435467, 0.9755594
1403638619.727829, -0.1361074, -0.1867443, 0.3727742, 0.0352914, 0.2444222, 0.0812744, 0.9656121
1403638619.927830, -0.1184577, -0.1882437, 0.3889596, 0.0405542, 0.2501715, 0.0935913, 0.9628137
1403638621.727829, 0.0515523, -0.2057479, 0.4512411, 0.0440961, 0.2485906, 0.0536968, 0.9661133
1403638624.527829, 0.0813824, -0.1344293, 0.2928943, 0.0459073, 0.2566777, 0.0733629, 0.9626147
1403638624.877829, 0.0731096, -0.1145032, 0.2566918, 0.0441202, 0.2516252, 0.0555906, 0.9652191
1403638625.427830, 0.0583605, -0.0885655, 0.1935750, 0.0391965, 0.2282518, 0.0643748, 0.9706805
1403638625.727829, 0.0507188, -0.0769768, 0.1572182, 0.0321389, 0.2281014, 0.0650033, 0.9709333
1403638626.027829, 0.0450199, -0.0652058, 0.1215415, 0.0209964, 0.2293591, 0.0669030, 0.9708129
1403638626.677829, 0.0403815, -0.0299552, 0.0594578, 0.0194688, 0.2348121, 0.0540258, 0.9703429
1403638627.027829, 0.0373245, -0.0162721, 0.0314279, 0.0063378, 0.2324494, 0.0577048, 0.9708745
1403638627.327830, 0.0358513, -0.0070005, 0.0132497, 0.0067552, 0.2321902, 0.0547666, 0.9711038
1403638628.177829, 0.0348074, 0.0187744, -0.0120535, 0.0105661, 0.2379338, 0.0473092, 0.9700710
1403638629.077829, 0.0277900, 0.0287231, -0.0178099, 0.0272367, 0.2376690, 0.0544862, 0.9694343
1403638629.577829, 0.0240595, 0.0315993, -0.0206865, 0.0054790, 0.2374962, 0.0580153, 0.9696390
1403638630.377829, 0.0243359, 0.0423012, -0.0153040, -0.0010424, 0.2387540, 0.0553352, 0.9695016
1403638631.427830, 0.0257705, 0.0407600, -0.0075719, -0.0083442, 0.2291180, 0.0531383, 0.9719113
1403638631.627830, 0.0257783, 0.0407448, -0.0076480, -0.0088006, 0.2293706, 0.0527820, 0.9718671
